,835160,835112,735155,735159,735085,835110,836099,836065,835157,835150,835147,835163,835149,835164,735138,735041,835114,737041,836092,836068,834028,835138,835115,835165,835166,834027,836070,836071,734059,735218,835167,834029,834030,834031,834026,835116,836097,836009,836111,836072,836073,735223,735157,735140,735046,835117,835170,835171,835172,835106,836102,835168,835169,835148,835173,835174,835175,835176,835118,936004,936120,936105,936128,835177,835119,835121,835194,835178,835022,735142,836074,836014,836015,835136,835122,735052,734060,735219,835154,835123,835030,936106,836075,734063,734061,735220,734062,735173,735072,835185,736037,736040,735143,835152,835186,836076,836103,836077,936107,835124,735100,735144,735145,835187,835188,835125,835146,835189,835190,835156,735221,735222,735174,735147,835191,835192,835141,835126,835037,936108,936117,836079,836024,735148,734070,734071,734072,734073,734069,835127,835137,835153,835193,734075,834006,834007,834009,834017,834049,834041,834042,834043,834054,834044,834045,834046,834047,834048,834057,834058,834050,834051,834052,834053,834019,834020,834021,734074,834055,834056,834022,834023,835195,835158,835155,835130,835142,835196,835197,835209,835198,835131,836084,736038,736041,735150,737047,835199,835144,836087,836039,836101,836088,735152,835203,735153,735158,836110,836089,736042,736031,736039,936109,735170,735154,735074,836098,836090,836091,735226,735156,735171,835204,835205,835133,835068,835206,834025,834024,834032,834033,834034,834035,834036,834037,835184,834038,834039,836104,836078,735146,734034,834040,734035,834018,734064,734065,734066,734067,836080,735066,735065,735169,836082,836031,836032,836105,836093,836083,836106,836107,836108,835129,735149,735067,836109,836043,836085,836086,836037,835200,835132,735084,735050,835202,735225,735224,835048,835201,835207,734058,734068,835111,835159,735137,735039,836066,835161,835162,835151,836067,836004,936001,936103,936119,936104,735139,836069,836096,836100,835135,735141,835179,835140,835180,835181,835182,835183
835160,"0,0","1746,8572752411797","67306,8457426221","67610,36603169929","66663,13370607089","32051,982302978897","44873,84170748454","47594,39446215284","25510,26796734027","23608,360366816087","30521,901834258115","24200,54508494047","24630,897049630174","23477,693331259663","71722,94803501414","70073,00320046693","10664,487823112591","218126,90060584235","84398,60139982446","85576,92450155519","79043,34264981127","68655,57167398665","69616,75620403944","68925,1986904114","71756,7353594522","79409,989675882","115488,44133954731","83448,12804448085","89545,55964346757","89529,93849320275","86116,64184869333","86718,23244263662","88454,97636593827","89844,51555144163","87010,40970507833","13767,406441037563","80920,85837784366","78186,97770807796","83969,60576968706","78186,97770807796","113604,98211750943","82693,25282794223","84002,87351158241","80287,29699734316","78760,86697591707","36956,65312199783","43878,26100427088","30394,486123254905","36225,26254213846","40741,478002619435","43090,369378688636","37843,394612880016","35476,88930535324","30067,982524755713","28918,620400215943","29504,06444735959","23237,387732983025","29967,744830860313","28974,17142774705","108376,73897265564","109475,32602217174","109660,77518250672","108975,92135235733","14581,446575828491","13808,00403444532","38912,60313014168","36077,2197785894","47387,471580504716","48276,78527840429","61525,35993888168","106807,40464185117","108428,01462414657","105194,55060931004","62733,15176117586","60655,213726255046","120919,57638630678","119313,86163310672","120865,48937262419","24032,109457483377","25109,02561732118","25109,02561732118","151634,06589314344","60743,07239912695","108408,99119843205","106493,02538488392","101935,28283353671","103314,9518529787","118623,94595323062","127976,42339890999","38535,22873624751","105136,00898535668","105031,55524045535","62412,1892866106","20525,948662099872","27994,54579859243","89608,23906898945","63250,77301679038","62734,97659684936","119071,52032549762","37971,692315003056","65060,81837547347","65777,7133033935","100441,23693217633","44241,259371682994","53283,468678440906","43545,15928069893","55119,83694472157","62964,63094360621","71159,15254509498","71342,15542015215","88963,509909268","90482,83272052018","88725,72228140413","77314,6638906697","29950,602146525955","31455,703916819028","30965,88670499245","31179,896979805955","30697,7737497454","100491,31066258233","98807,40075588832","49745,1536452803","49745,1536452803","54535,156670724304","111928,27184409421","108636,4809547815","106499,71529283421","102429,60063179447","101817,84973288207","42097,980539815806","42863,6022970298","36655,40563540874","43182,81103604619","94018,5407896647","92912,98124074753","92912,98124074753","89824,16015576583","92809,33955282606","94686,57200864636","87414,92019986162","91574,91107058972","86981,48936269755","96834,0656715237","95200,28632387119","97317,85683758688","93282,41777304426","89923,74903883196","93249,47117373784","89212,51369647961","94566,6913114284","98326,43000604007","85655,1120474779","89319,54133690389","93644,52891511987","92828,27500233693","95567,04353119612","91475,5389779673","96476,69311541403","90947,52680428632","97098,01390264482","93831,49332621612","89730,76654936187","32617,779232379857","23146,038122824615","29746,447820644793","63684,4676720578","57176,32140509041","63105,36813970962","50465,403640845805","56786,877604757225","11186,509611388845","22805,775482436908","130843,63250581954","82397,14525032694","78883,86949272716","70810,18471987377","231943,11120008607","53452,37690686144","53962,70252725851","56775,00841172268","55303,06070730437","45719,476444868276","93123,18720864854","95255,48996784013","64042,485229337035","66739,38966982307","64329,29365255841","70628,79797289365","71724,61277036618","71845,29810056268","72398,93468123602","72398,93468123602","129274,77355226323","108450,73097452291","108443,63416316391","108443,63416316391","63248,96853229198","63627,989147080945","137016,69226339183","93876,62000892677","94604,17026994925","94371,06595361675","50387,848732633625","54603,64773331288","50198,20839599431","54426,32808720033","52671,049629230576","88725,70634371237","87871,66449925535","82842,1772798119","85605,14409196076","85199,22566398662","83252,59957098069","88620,67901253658","83415,28074712632","80021,46829086596","84471,4284498628","86606,18335192314","78193,30384751661","78963,55060404271","82029,14205238478","105957,0295561029","101551,83791199185","97060,99079332294","98347,17348707467","96955,14152431911","98503,61943004004","102623,50531056209","101751,39237453275","122455,17871528548","80331,02873010002","80360,81410810184","79268,84084407092","115484,22243765704","122777,47323391205","115484,22243765704","119035,68805812887","118926,59291173464","117919,27564986568","60515,20434039671","69431,07033339376","64571,61406423326","39183,95416879588","56387,298839073825","53554,01873235188","100408,50330423216","99960,27090882193","100662,98547943994","88466,06557003767","79016,1604535007","27603,751218683694","18940,66102115904","83649,05671754415","75825,9209445157","85476,82728912956","82252,66452968551","84646,7888688929","84701,5609756009","76012,02337457663","43759,37933822127","102195,1355544958","100925,81954704988","35707,41577989913","34632,54293279539","107106,00108504195","107106,00108504195","88085,5129003116","68244,60645493188","68890,13559466036","66713,17910251585","86183,01555265281","88027,19464157097","141384,5709490716","141384,5709490716","125372,47328778569","117169,53882691526","82078,66556528056","58289,09841132219","63666,993084811846","64343,923567431244","45817,50150432047","63181,5141697589","36297,911663176805","46918,41751235105","66822,59029696608","61231,27541312183","74148,82054879548","66116,02715489473"
835112,"1746,8572752411797","0,0","68649,44594041628","68908,06405987733","67962,6372421042","31596,243452240844","44287,33173709969","46986,061739056706","25276,25045158648","24277,256274348467","29024,6068274502","22873,047401223168","23482,09031833525","24934,926918313933","73464,5361639536","71817,76191095871","9313,47685930617","218820,6871037166","84752,28815994714","85910,52936074302","79809,94954322018","69366,54022590756","70267,21383795669","69587,17909526915","72430,89379488236","79948,69293568593","114597,03427766539","82485,24215198454","90722,92559826953","90787,64986219964","87284,4217668495","87868,49407102258","89589,87824434318","90994,49076645469","88166,21081003101","14555,026104275017","79581,54692332016","76848,26682690701","82469,8239593672","76848,26682690701","112784,55916485774","84310,24782109392","85528,44568430482","81876,03139958787","80339,70869555321","37418,20753855417","44728,72923557549","31203,02984536078","36201,511527277486","41032,1082407642","43375,18061102849","38277,351972636854","36008,789254930874","28322,915432912898","27173,232200290517","27766,72477313233","21594,530119270705","31342,24171584357","30350,389596958667","106920,09176805805","108019,22862573876","108216,11098572932","107508,28171865363","14276,91919161781","13518,212989826909","37691,82161671194","36874,54401171873","47924,45683071095","48818,27856845191","62846,868511947774","105703,18829808765","107335,12600864441","104078,7356670081","64232,87026285939","62148,167540010174","122472,00583348848","120856,32853963207","122421,73585569748","25770,444339147176","26797,65565459777","26797,65565459777","150560,29958832852","59942,00658906553","109646,07626059804","107844,40042751437","103403,31142579005","104589,33729208526","120224,74573713867","129636,77024929889","36840,08745896215","105674,93199547236","105565,23656021521","64155,59442197376","20128,72566777871","26752,63281837177","88722,74783047079","62079,316660944576","61612,70423928802","117708,2671064565","36550,56055916279","66776,03567665072","67502,19087019183","102184,86087076024","42531,19286171664","51536,61269005066","41864,208263902474","53373,98765492951","64194,73386454283","72259,67046005095","72444,12766281611","90608,63801101333","92100,38224811708","90341,79807488197","79055,23195645073","28392,78599048942","29848,754949412083","29440,217241948812","29632,746782785973","29105,319261546432","99114,34799110785","97438,37389312005","48538,30843818456","48538,30843818456","56263,105595366294","113165,56904807902","109798,78041868864","107620,4035177436","103601,55028055489","102966,26396605535","43556,24190696738","44336,87307824745","37681,8878733984","44662,38689876714","95166,60222039698","93966,30576190696","93966,30576190696","90771,41483733445","93807,9613994505","95783,781802446","88539,37999407797","92698,14832274869","87934,42108516564","97882,50302202406","96324,15818022695","98407,43287259713","94412,70651411395","90861,56187466641","94348,79282286027","90193,08960403173","95572,80288580622","99406,54273733993","86620,94731952542","90422,41740764913","94600,67462476334","93956,15254831892","96599,36422694947","92513,42112975594","97600,39510847072","91971,7905211651","98114,05521930518","94820,91738969929","90714,21423363456","32431,03298335613","22603,973275708697","29779,873114122194","63229,03789065616","56775,41868499258","62661,21625766374","49910,12254900896","56304,09647013385","12634,414844983388","23304,966780297298","129766,48474916886","83271,49896531567","79781,22086196857","72297,77123084961","232543,36294893024","51858,090677105","52367,26466644542","56785,727692914035","55382,6757695426","45779,62489075259","91939,68961291361","97002,32543067988","63834,96072352213","68382,8259078945","65971,29116023426","70608,84861494761","71714,05467548706","73056,50049949891","73609,80666056546","73609,80666056546","128076,32369476328","110171,26784559163","110160,67854692088","110160,67854692088","64289,238167324635","64645,803536777035","136487,01785969132","95572,86575541773","96300,6496311787","96069,15157095765","51770,409527588854","55941,89057471569","51545,59135290877","55760,15916217219","54012,35461864829","89595,6324827083","88755,87365871255","83754,30919775245","86636,88192964491","86221,676236245","84094,91773742266","89501,3594805619","84485,67271110494","81052,83158577244","85237,79352576345","87470,25865669161","77318,59506622997","78118,04639260702","83775,99930562566","107070,32853196566","102617,48274724916","98197,78598155252","99386,36901617251","98098,65830305222","99607,2858334079","103722,52992980061","102875,06905780456","121424,17065975427","81807,57962470403","81825,8582161025","80612,39049977418","115274,49791347506","122508,87926102517","115274,49791347506","119125,52511185582","119009,29146858392","117987,40826671066","59005,22770272007","68027,9496464037","63195,149811286865","40430,25590949274","58105,72198646376","55289,48011197932","100228,99499364122","99768,27652465057","100468,00567131187","87923,62513414636","78486,05385127894","26734,03655901259","18553,248465545475","84946,42275575605","77211,18769761037","86670,34675267416","83540,81030391817","85878,03900775983","85925,12837135511","77246,99176433728","42079,398209607345","103408,89984467943","102128,28272255143","34318,18366253152","33244,23032435897","108762,76490687463","108762,76490687463","86822,62858327173","67375,57283116349","68053,20776252997","65861,58829778273","86083,51118352922","87923,25240973296","140116,04014891546","140116,04014891546","124162,53672631114","115885,5371642732","83777,71323654236","57789,69174262985","63168,60021130656","63860,68933244606","47509,35162795227","64788,652265403696","35698,014472992174","46304,65834901477","67205,67835259618","61266,78356766347","74243,77018494214","66467,6891552947"
735155,"67306,8457426221","68649,44594041628","0,0","2688,9742863463057","2636,4524572793594","61882,32627214995","67231,4250002013","68720,30583900638","88360,24601399456","78470,84907699189","82706,68069924667","75589,27573043256","72643,26296328843","44002,22547352706","42870,83042968344","44127,26720320341","70560,82442207691","160767,14437596686","52732,71597500564","54233,67789817001","116160,13283508866","109222,71647156207","111515,20286248396","110669,17665954398","112668,52965247381","122445,5057228613","124035,8039562423","101302,19739276862","110396,20822393724","106805,68765991718","108113,40291498162","109304,959702226","111298,22653661451","111782,55320385455","109306,55565918329","55283,15806631603","114058,32629394917","111830,75867404384","123698,50672017554","111830,75867404384","119570,89147923923","79145,44633286132","87529,56988449424","80129,96265577407","79976,60014019166","43101,66842963081","31049,695989426706","41299,31794907723","53239,96899475001","45555,18074768198","45205,71305478464","43301,922277088954","42429,1471422579","91683,25127501419","90749,49393457962","90316,66696614683","81632,34991291502","68443,06485821436","68165,91366574529","142901,89990155812","143852,93168616568","143442,85746720154","143993,59098582342","79526,50642352494","78822,1839929634","80636,79868705019","83861,36812655156","96455,66911072377","97046,39244424851","5917,993610070625","125571,9664266069","126459,73161781864","124705,48602291563","76068,42271022245","75362,68473979256","113938,36145258397","113415,79650632739","113574,53437392232","53525,63119846307","57011,240524776695","57011,240524776695","163677,89603554577","80558,03620926097","123019,96285011528","115535,26078081796","104809,697840819","116984,11898989559","107724,70576014643","109089,49144757271","95242,37704449399","60104,69465240858","60220,21081493461","40988,6858226973","85065,76072378755","95271,1304344316","103001,0129679971","94317,92490135143","92283,9783407609","147827,33439574676","85395,66665506382","57347,7138141051","55785,662714972466","69670,25714664136","100851,12986587027","113355,88371856707","98630,57236985367","114317,02445305913","88938,98454059422","99422,45382268453","99503,98444808299","80450,36494986013","84375,87186982547","83293,05730302873","44908,237965893815","96629,98942815737","97731,93520773826","97816,06321810311","97910,42200025257","97116,1694744325","132137,9654560864","130321,16959559548","86564,04827353134","86564,04827353134","35449,68696826941","125963,39375741193","126673,09757315739","126678,03090206184","121055,39267945063","121575,32040346751","69058,787278357","68674,14187985181","79588,95561001747","68502,91292325911","115205,275206597","118095,32252870414","118095,32252870414","119396,24882357755","120045,6613280796","117831,22999900846","110895,68812447593","114260,84826563411","116868,8774300563","121513,21589874776","117168,80929007837","120297,39552074549","115348,97056977623","119801,67628686309","116576,06506833826","117734,24399834347","121226,07712510659","121509,80658722525","115348,93777028621","113266,37860321032","122255,87318267267","115081,19561781909","121077,87716681953","117503,71743696163","118217,8495381406","117578,2160439921","122963,0528268545","121225,00792821533","118057,2580368937","94088,18640551009","88175,39451377108","89628,35502176607","125311,825803438","118553,9005470371","124634,70059716253","113770,55688016716","119063,44439131115","56149,848516711354","50427,755419764915","145168,49964994675","30212,437362130793","27130,458925801715","10545,273848166558","176775,62074553638","102680,33755095692","103141,49620997044","53572,104624222484","51103,63866571404","50720,3800020956","117533,68068083428","61441,02889949638","122567,442392328","23490,599761861224","23079,177513251878","59584,41377989763","59765,911142871424","8947,162649053324","9276,624232771806","9276,624232771806","149199,45909395177","83447,43759205817","84201,7806713377","84201,7806713377","16234,533916654702","17201,339584625068","127752,13068830427","77141,09166322777","77618,13076965875","77192,04340296047","75631,2965861959","79625,34478900129","76965,52957844273","79709,580894422","78470,31269699859","121054,75527755708","119884,27204665424","114856,58694870488","112985,53300435994","112996,12337653161","117390,13323420825","120620,33793996475","109828,93750963111","108585,21886060447","120672,78206854138","119480,53523911705","94240,54843462021","93723,55545738406","53215,885713897675","126532,48840215638","124775,60084728485","118150,95224484071","123127,38164848105","117781,67308099386","120706,97262273976","124324,68618072377","122572,17303155003","135826,98213232405","88315,89596277213","89055,59263461875","95022,70333587262","97046,39244424616","105320,77398289245","97046,39244424616","88417,25437097331","88599,6173187047","88327,52569544525","104768,89534123849","107482,19624006562","102668,72135300761","28495,27624396148","33448,33723843338","37324,68271587011","84158,67005521967","84305,21668065945","84941,00837197244","89270,33190441171","82421,13427466263","68728,18016013553","61788,07776183844","100467,35170055133","90492,6485500239","106535,26218198394","99870,7278201781","104260,89119476138","104641,46990505168","97697,19483803291","108621,20824571501","118972,48699042948","118448,64573676014","102963,33064467605","101890,04351319686","92462,82192993775","92462,82192993775","116706,32825014046","133637,19548793152","134026,47876055364","132000,24281048504","71224,98000746533","72589,28917808612","163387,56646470077","163387,56646470077","146255,8454109081","142399,97875369305","68885,53671502565","69899,13966133307","72434,22539799404","72284,56289675529","32640,848784989823","68876,65555141924","100733,26026197165","110899,55008680296","115157,1366880785","116475,61266623215","127069,25790142985","115182,7417519556"
735159,"67610,36603169929","68908,06405987733","2688,9742863463057","0,0","952,1433814659985","60882,54275349281","65780,61664934174","67190,60042012532","89141,75995828945","79508,72445274417","82051,92713860482","75030,20226683495","72019,06368486391","44471,96591515651","45541,47838860815","46778,0850078743","70466,29092923058","158955,93871518868","50064,03036638398","51562,92896398617","118124,7755391025","111050,89938699361","113315,15627800752","112469,31399074777","114505,01571958311","124262,07515705194","121680,4744180748","99269,16547730778","112721,73806086143","109185,25023085267","110406,07604787157","111590,60198381371","113586,98597932253","114091,85238997743","111598,23646164169","55303,63802912135","112387,73877109251","110190,52807451159","122194,70061277064","110190,52807451159","117179,83530374194","81727,87808698961","90053,30098129039","82671,98075287479","82497,83261654","42048,81289977028","29967,7467821809","40833,742075531","52072,81858678595","44234,438377147955","43765,443802525944","42188,23671850123","41495,3692744822","91370,18250660079","90456,81879380044","89969,82216159986","81262,87183293657","69859,4865848992","69550,73691382703","141141,55182597405","142084,59861797802","141657,23940191447","142245,10500844143","80109,5508138267","79394,78060384975","79607,69506155416","85236,88585598081","97913,32376544425","98519,62898811088","6219,82451734512","123437,31238417215","124303,86364662912","122592,71642454204","78332,22808173277","77587,82380000013","116615,16133161087","116087,41012083869","116252,33091659825","54683,95186295382","58266,9288533399","58266,9288533399","161298,6859772817","78779,57163282059","125496,08474239937","118073,21570714159","107397,66333844619","119459,10891978667","110410,47034270933","111767,91537167986","94639,8467224631","57521,18032098346","57632,55559630094","43533,24026885781","85717,26933348532","95602,46537218954","100843,45032119827","92735,16341407187","90672,80791234346","145877,9939980359","84509,54042964504","59843,687453754545","58306,321487580535","72322,57362473238","100197,11511699298","112813,24758464869","97921,2163013104","113717,59781460334","91023,41756883006","101526,88176548856","101611,42486511735","83089,57552960754","87004,00448320048","85911,51339985018","47597,21088071098","96714,82888481156","97754,90460115267","97928,18173723482","98000,45549753393","97160,30246499609","130329,44790220748","128516,29078001219","85266,92786601844","85266,92786601844","37785,13304025934","128455,21915990661","129102,86181132661","129070,2972598764","123459,55143049842","123960,66063041694","70861,60999308506","70504,30874649544","81070,85079858785","70344,52245681046","117542,5718912092","120361,54909473937","120361,54909473937","121568,96360711523","122274,35351483901","120138,9372873597","113169,4104864836","116564,67107014412","119023,87253149608","123802,20135041747","119497,74395943272","122616,97642907518","117669,39677170137","121968,7572158584","118875,5009653896","119924,87038255004","123471,79654011653","123829,333463592","117502,10089446227","115540,09759090106","124461,66293332713","117396,89296464394","123347,8552114088","119749,45497419765","120554,89776145505","119810,998729816","125231,96787233002","123454,52336057181","120253,66918095919","94988,05422651856","88809,70461230549","90578,42562177613","126335,22401668991","119572,64815602275","125662,59606155373","114641,87448145325","120024,74111413799","56498,98254951672","50041,138351329384","142872,1913634369","27610,826938076563","24485,320158946848","13096,993415435725","174847,02001381162","101679,54909817397","102134,88464182211","51564,53383255181","49130,356162566364","49132,85997212475","115582,67425775445","64085,395550954236","123764,51531373711","26165,875318689712","25715,74135753848","57224,58055970998","57381,1231045409","6529,8573107048705","6925,578755588835","6925,578755588835","147017,66763846882","86118,55787999554","86876,22999093325","86876,22999093325","13883,24545702261","14807,207895580284","125126,01621765786","79824,05165493023","80302,28442334352","79876,39767974307","77591,47593875855","81642,0623465167","78901,71023561605","81720,35382391985","80452,39852906282","123167,16986202948","121999,88704400112","116950,6499360854","115182,51864682637","115183,57971178557","119441,01467128404","122739,2235628602","112033,7021246923","110733,96581597548","122682,67586645037","121572,87318610179","92211,13751490224","91663,92990304822","55904,83099685928","128917,13527747281","127104,68475591605","120500,40969562174","125419,66801993396","120134,94132909631","123043,28924384264","126681,99040461122","124940,84923757926","133535,0834877899","90773,75025939922","91505,3390267283","97376,0553747466","94384,5209641035","102655,79423975071","94384,5209641035","85733,33172784449","85914,85293805039","85640,7030206648","103553,43749727812","106020,06283913356","101246,04262020165","28541,865586545377","35846,523050316464","39628,18680552445","81542,08354722182","81695,0251833049","82328,16487969506","86910,50008671926","80168,73353774879","67943,59025192057","61340,81855110324","102827,82733180547","92841,22645834596","108840,16784629706","102212,8797097121","106584,56980006286","106960,38380709203","99943,62628452288","108451,30386074433","121402,59797829567","120864,39601235313","103187,3157786097","102115,95976938373","95150,0792709203","95150,0792709203","114880,77675162851","134360,65769059354","134779,37592500483","132733,35475078964","68679,66144720974","70028,84036642013","161221,75514056205","161221,75514056205","144104,8170658279","140370,88826038624","71530,80949344122","68028,0483789055","70436,08180974874","70264,36664822129","34518,40821676366","71231,87965891465","101471,60577329803","111709,55653124343","116760,46676998562","117808,00670182504","128545,77292668239","116759,45533910283"
735085,"66663,13370607089","67962,6372421042","2636,4524572793594","952,1433814659985","0,0","60096,034940222904","65111,62632384936","66546,47968598071","88192,36282766292","78571,82692281717","81201,52905841592","74164,09516992081","71162,88988781425","43520,213498587036","45226,43405659601","46417,74525263661","69544,12084808649","159792,62973061658","50175,23581080763","51680,185385826095","117336,53622450712","110226,92738303883","112484,40703874624","111638,64585351954","113682,89353230133","123434,7672302506","121425,41103176969","98825,85922986854","112072,26943498678","108565,21887057039","109740,44102154914","110921,53833076489","112919,29350635275","113434,1281900691","110932,0551674526","54371,16299079191","111794,48863607162","109586,47347373754","121545,84830862925","109586,47347373754","116951,0392259992","81265,96532551822","89534,24452456816","82169,70235634867","81977,37167547346","41270,25363238527","29190,840327068297","39949,45528627304","51323,7415816568","43523,740703123876","43089,21393848077","41423,820522384565","40690,88859873142","90471,78910916687","89555,98810213288","89075,45542649596","80370,86759065423","68961,75484749934","68648,76328003788","140582,3537232729","141528,4849405732","141107,81013354257","141681,42041213776","79157,40810946592","78442,64055745155","78829,69417597097","84332,64316178292","97019,68869987364","97628,2522652736","5273,0665338839535","123046,49631306565","123924,57691255042","122190,2786945855","77655,7313139797","76894,32004520117","116312,02515151925","115767,819020077","115952,76877194428","53758,17909071745","57350,515213160834","57350,515213160834","161061,3281578363","78224,68495435498","124937,38347649701","117564,76263209492","106939,97679020699","118899,86829361286","110149,25281436127","111633,1338757489","93781,72602657691","58001,1474457103","58107,799381733224","43040,854262105735","84765,45586727094","94654,77689827922","100464,50971232649","92110,5960407122","90057,72075098488","145397,00922946306","83701,62857365151","59306,10785273211","57788,91432851597","72260,7276711866","99347,62595023241","111946,62697296096","97081,03099214008","112859,79275861068","90274,64584206615","100784,30366526455","100869,90880264917","82702,97038864596","86599,59555228821","85493,30187703621","47384,76970765299","95779,68847885278","96824,18326542615","96991,2908511701","97064,99944308799","96228,00680380607","129788,7442648191","127974,0924942042","84555,59354053246","84555,59354053246","37153,748796508095","127908,12030123913","128512,26250773245","128456,62420362947","122853,22929308351","123343,17080126636","70034,62727311892","69683,90911847257","80181,73704213256","69526,95021121799","116898,93474188128","119682,96080542769","119682,96080542769","120850,68837308859","121579,0177295709","119480,10761610021","112494,65888368092","115904,1104328218","118298,86648132686","123134,09635444055","118849,66193990239","121963,96544137978","117017,06028748301","121248,26369598681","118212,67556503504","119213,7992418044","122783,82616105127","123176,23778242049","116776,47252107771","114865,21471535946","123756,57256079576","116742,1849958547","122670,84875402841","119061,67153519497","119910,9774689142","119117,54552462013","124554,38433458356","122759,48613812042","119544,92732825033","94042,92096699074","87857,73647427869","89635,86488914055","125396,3478017689","118633,57120761405","124724,01691390388","113695,25410013882","119082,29473483464","55549,93280830839","49148,31529808495","142577,07567196098","28080,92099505317","24892,366253488715","13181,726302773035","175654,11599259707","100896,72291567452","101353,36019420369","51105,42068074413","48654,74857463033","48504,97584336911","115101,68578894687","64039,885884483716","122839,26566353497","25873,520625152767","25341,5274787753","56971,255943106946","57146,36177019401","7225,309961067599","7654,040491997521","7654,040491997521","146653,19232558773","86009,48288412018","86756,58904516144","86756,58904516144","13615,675427216232","14574,055756579593","125143,77207705073","79548,28337642603","80032,7743013505","79608,05337767991","76804,79241126249","80871,95340446135","78108,06165699015","80948,38774223678","79671,84550842445","122426,24734376314","121260,16426581262","116203,55033591033","114474,26829348563","114471,47325861518","118679,23761768616","122000,64448739492","111328,81601505402","110007,02398783858","121907,74811854449","120824,95362824675","91765,78555718984","91233,37761666537","55696,16739734873","128299,02080313815","126456,31960944933","119863,07212576875","124753,06973045762","119499,67626499417","122398,8654523749","126048,60916441017","124313,82823857536","133236,98931992005","90204,23866682098","90930,21262782677","96742,23983360203","94474,56329612239","102753,67216880772","94474,56329612239","86015,93797638931","86192,51902279315","85903,6147787415","102821,66176472983","105357,59838249601","100571,43264114129","27603,80629278873","35251,17208453687","38979,689100075164","81545,22745112794","81688,39247921445","82325,52102099165","86658,12957673229","79844,43097962723","67114,69598777719","60457,38648630032","102197,5028774919","92205,20230421101","108180,57702014691","101572,71897278585","105934,52328350735","106307,8944482576","99257,32930502584","107537,8078529592","120812,57362526837","120265,30894249634","102244,2299819354","101172,76247740824","94901,44963062198","94901,44963062198","114346,41263798221","133409,63087876342","133828,93430216357","131782,51257968377","68590,37860364468","69956,8631567683","160848,52637949085","160848,52637949085","143723,23179507678","139926,80178932886","71155,82675868875","67509,73330822474","69974,51629510027","69813,2807684245","33719,36066851986","70601,81897699328","100521,03032641193","110760,77419720896","115889,51734520539","116897,19955595942","127653,84887122088","115883,86329035104"
835110,"32051,982302978897","31596,243452240844","61882,32627214995","60882,54275349281","60096,034940222904","0,0","13097,161619239409","15873,583316474931","56074,46597251365","55628,30602916524","23086,977722540665","18157,348539393894","14672,297967366816","33372,56641456296","84484,79831270989","83716,45661162755","24409,238708786685","194597,0915386332","57981,48776536824","58872,478070047495","110824,88924639669","100557,47667591285","101599,24965408932","100895,12491506389","103709,4812634941","111460,13046995617","84822,76853457004","53703,01072471193","119306,95849432328","118579,40206712788","115979,60666112414","116709,96294379706","118547,36732383644","119816,59653879498","116958,46396283827","23305,199919047638","57148,73359155727","54550,831799752574","64268,22402436366","54550,831799752574","82485,78374305458","105869,63172110997","109372,98345612898","104312,05593492246","103076,49454229473","18844,39429539889","30919,66122282625","22815,843211716016","9546,202522777094","17896,151884001007","19445,12232870721","18791,5136763091","19471,931476837304","36041,77430526725","35534,77961078755","34290,97895764978","26396,57276915289","59275,41611579544","58320,45834607175","86371,63631504441","87422,94992181406","87303,17510372544","87250,08250883041","45264,08241494983","44567,28616952426","18760,94451038458","67906,03274569886","79439,2497470048","80328,20082669613","56234,86158431112","78291,83874271625","79751,12189112956","76849,63919960662","89141,32578941819","87242,8275347892","145067,64396525733","143718,4521573718","144921,60339728693","46844,481175933855","50100,83608902402","50100,83608902402","122391,1916961416","29998,669598849694","137508,69703145197","134329,7799919178","128075,1878833322","132074,87170007566","141518,4944042827","148643,36045272226","35583,16692910726","80644,80309597563","80468,76737380294","76298,4728651206","50620,923742939594","51182,27483421937","59083,1776950347","37226,68916683911","35885,8538054729","94589,12751154433","23797,99528049476","84847,34191092334","84843,08502197768","115473,06338356492","40561,17770933803","53781,987232705564","37944,64194135209","54234,39021453464","92574,02675937163","101608,27427079197","101780,75115303174","111049,45056240975","113432,31563186317","111764,55158700969","89506,6771757294","47341,880821339146","47130,101453271556","48879,550231315436","48538,93070423099","46989,487032758465","76773,00999789848","74964,4408864816","26095,37322892638","26095,37322892638","67021,1908557102","141002,98817151025","138399,71738284678","136594,10694293727","132149,00746264216","131728,10750846818","69911,4424277342","70441,74487808658","67841,31313035825","70658,68950425176","123977,76456379327","123516,59504335622","123516,59504335622","120987,65867259071","123716,91777068713","125004,15836350406","117588,37440768589","121730,92651252358","118129,14014270659","127449,37644943864","125330,5103612827","127672,85425962435","123377,70301264466","121128,10756829502","123560,58105692595","120223,71193907577","125428,59200244647","128738,49592590414","116749,06266239185","119628,97414514853","124756,01847385806","122943,66757589662","126281,33777235255","122175,65997763476","126600,92713391579","121726,13139745197","127897,04484783302","124782,22046520644","120726,05322758672","63221,21193306672","52454,18836460952","61102,85926695601","92335,32003683141","86291,13967764995","91843,44441125018","78660,8317865666","85361,8869031485","30157,046325456566","17212,209914435076","101765,08621302678","64476,07471094093","61656,267928239926","69569,3241379738","207068,9660578492","40802,58801670475","41261,42374518802","27460,45881278822","26847,132394425207","17963,370715032106","65974,88434655908","108717,74644781086","94193,07739358582","72287,07113359687","70057,18820898216","40596,48162229227","41750,57979020077","62358,36773101655","62848,23279036015","62848,23279036015","101750,90319054529","126133,99357548983","126404,05544289689","126404,05544289689","50620,48301577618","50441,53025945689","104976,55556958601","113588,87683876746","114281,47293135847","113965,69387432419","78800,29517308035","83376,93257682573","78991,27444211167","83248,77526094261","81460,74878673037","120196,2649058938","119293,64558396864","114173,10065519487","116366,86188877137","116013,33836238296","114825,41095810004","120053,57725049388","113965,50375533542","110813,38283768248","116246,15680916685","118101,47056081581","47720,477289777744","48247,54347576539","96240,96775515778","136107,39263355682","132041,88875826294","127086,31029247073","129010,62979477603","126930,77201460225","128757,766975409","132889,4748949167","131847,5067647124","92951,11740398617","106688,89694618374","106910,55503025229","107522,1761632337","84014,5962225162","91084,87589235262","84014,5962225162","89381,36928390594","89215,8888485367","88099,96265253761","43358,99035936779","48004,67020408596","42910,07229062568","36811,63758664656","67768,49597796687","67010,6822966126","69102,6005262384","68597,16367422552","69284,55318941873","56444,497653628045","46986,113673384585","8863,524064945834","13122,01705512535","112358,34167222114","103621,8634633683","115138,98962169819","111074,5323622184","113991,05393677788","114113,90918605991","105412,96079675805","53767,60746543274","131555,6153134652","130395,74491383873","55485,59234679966","54593,68910470909","128308,67877439884","128308,67877439884","62442,34771555505","93071,01488498322","94054,74454982673","91779,35903374448","55382,80916100072","57186,94901332203","114811,83567000389","114811,83567000389","98062,61158306696","91189,0671661693","102038,71092199346","26244,06889320057","31619,77788163131","32292,230015482826","56802,24095712843","87312,59994054187","64636,77790396512","74779,72340233081","98801,78604497726","92434,97545456757","105515,43231080913","98058,85984765351"
836099,"44873,84170748454","44287,33173709969","67231,4250002013","65780,61664934174","65111,62632384936","13097,161619239409","0,0","2777,9649179630787","68123,18063761923","68482,1771648304","28667,883212520912","26855,334360583773","23889,3238707295","45352,032749358485","94605,2269649309","94071,09203384562","36404,36557982499","188357,11525035655","51936,202033915004","52547,49966396882","123817,14412829334","113499,72659812389","114489,4597974562","113795,48756403745","116622,4859770193","124236,02466805783","71806,6303676761","41088,14941893185","132363,19027258066","131574,60821396945","129044,3889686836","129782,35753805739","131624,73693443747","132886,60916961904","130028,15723224834","36310,68087350894","47526,55797363672","45119,184989755435","56485,22368618487","45119,184989755435","69401,76429167709","118007,64769816691","121881,1923443036","116613,81703172707","115435,88797818203","25539,889823661062","36685,59970015697","32709,90100233363","15588,831263608141","21834,95346693904","22026,67867913288","24955,386348701257","27045,901088284674","43071,06585971232","42871,11376143251","41275,04704511917","34910,888353025","72361,79506747595","71409,00207726438","76800,87680584738","77810,58091296784","77553,89945587804","77790,21428652831","57530,684892655685","56867,458196568215","18768,147814933465","80866,88420505362","92211,37884090307","93104,80157500901","62026,23073794107","65973,31427363826","67361,37947398794","64608,71000438262","101888,91677771945","100021,6422971846","157223,2112893777","155929,89379189076","157058,86900780836","59622,05287957095","62999,81775607344","62999,81775607344","109676,14699015158","17225,534365731375","150493,42822734878","147158,37142232395","140651,44663219777","145025,88613266157","153424,14018321084","160013,26501158765","39346,24598852018","75173,47921506666","74953,56112023923","86881,78279906507","62621,70930125942","61390,00006645329","46151,60108013778","27426,780886727032","25608,158693510013","83791,41194358934","25465,485430183453","96530,6959520985","96383,36860239132","125681,03160139176","43058,39976847501","56302,39311776467","40059,05834820485","56140,71706080452","105637,5200859722","114703,03352870734","114875,27285113322","122941,64878269595","125481,82535539025","123841,04401119267","99374,00704104322","56272,84151755417","55596,41121789921","57825,615250447765","57357,81484196175","55644,86355764102","66598,17962702826","64768,95685569659","20052,02447336603","20052,02447336603","77548,52583939396","153982,47036854707","151447,33397164423","149666,16158451987","145195,8140226051","144789,506164985","82888,23496517239","83396,9938454683","80908,82374753467","83604,19680483056","137045,3754935921","136612,0705568527","136612,0705568527","134074,95868762987","136813,17944628783","138090,6673385295","130670,1588116911","134810,65928388992","131216,90879958723","140544,78703328894","138407,84103076765","140760,40295443762","136453,68730438227","134212,99947547485","136647,11111649973","133317,39961040902","138525,44991505897","141828,07308744502","129839,27351120957","132716,25622448698","137846,3939445456","136020,89470855685","139378,16277159422","135272,49227889127","139677,56013511124","134823,2928228997","140994,2063570527","137877,77970419748","133820,2496483522","75194,20828887828","64198,764860440526","73393,06268024433","103253,04881497957","97451,61861905677","102800,57694552638","89567,53113024465","96323,51871299844","43196,01822704098","29341,9579566971","89143,985926394","63778,293947749065","61520,53787378919","76033,76302422109","199995,63481198947","38906,39649864765","39265,2815574267","21290,27218783136","21968,998364824245","16958,4296758419","54379,3265934521","118595,36919547424","105722,00667249567","80815,0998142439","78726,1197239353","31935,742524834397","33090,930133138674","65998,55092067037","66428,77135425944","66428,77135425944","89667,33097916184","136915,88502038195","137252,55842145556","137252,55842145556","53743,24501638177","53310,0893849495","92215,42432068945","124954,71936352563","125633,7679531929","125301,91338631946","91798,56668301534","96394,1400131503","92018,15815804023","96269,98341394537","94482,73181306773","133255,6333597723","132358,9293067083","127246,91821493293","129464,02183829041","129110,30784589738","127867,95251908853","133117,7077131519","127060,78835213222","123910,35578625898","129241,66737181805","131156,99378996","34861,94807458185","35300,61688426762","106501,00483568662","149182,94580550125","145133,6881670868","140156,9738933778","142106,75286669194","139998,34736799123","141840,61251934269","145972,00013673678","144921,00252476012","80222,5893082619","119362,60478428788","119611,92941091934","120446,13673892994","72565,45112766261","79292,48700273415","72565,45112766261","79774,03525631335","79559,910309351","78358,4751124151","38582,4222826337","40250,94357381613","35469,380148118726","45602,57326749859","78013,1460017268","77755,70398624726","57986,72296469872","57409,78637883322","58069,43323203416","43650,0655628975","34233,44623943114","18490,88014790785","26071,26149257482","125325,39460431167","116499,53318853263","128190,29587745272","124054,85084647186","127017,68669454324","127146,22352103239","118451,36539780225","59837,766505623826","144571,06059434853","143422,10824982327","64502,884735375526","63717,39628215112","139906,8321624185","139906,8321624185","51657,90491510803","102535,18637919442","103627,95615656137","101352,26381684477","45139,99944151367","46852,52347185097","103014,62259829338","103014,62259829338","86080,08534313206","79792,5269795018","113561,80851612722","13722,578829200502","19049,64381728212","19804,351375312275","67392,3970476624","99740,97582685231","75828,1828212313","85628,35344848972","111384,69946510832","104480,40918568657","117611,14025320928","110599,19522980493"
836065,"47594,39446215284","46986,061739056706","68720,30583900638","67190,60042012532","66546,47968598071","15873,583316474931","2777,9649179630787","0,0","70690,11686222079","71201,21885505907","30373,169989600952","29068,720075112695","26219,946253075846","47999,76648919522","96901,77464211504","96409,1157027099","39006,95473785478","187217,1676472308","51092,73720874472","51631,53853376865","126561,90543439976","116233,12315040195","117211,02139892288","116519,36663570435","119349,05147677907","126931,67669693216","69038,92622962812","38422,3950725918","135139,15247970208","134343,47618568552","131821,13254969555","132559,68651763262","134402,3759599683","135663,76100022893","132805,29038038276","39084,300887342695","45630,91170226515","43284,80653477107","55005,54073761884","43284,80653477107","66624,01285701722","120641,7322798527","124576,05440830122","119275,46561507344","118107,2262901846","27623,659013207693","38452,610658433914","35129,2411328379","17922,63219465811","23614,782630788755","23577,013980644326","26976,964511284477","29222,38372757513","44836,995920139816","44692,327612635876","43048,263935920666","36997,96833560417","75139,75998441479","74186,94650920306","74833,92934206601","75832,07740065314","75543,53790793015","75847,67250592323","60145,53443653283","59488,81448789609","19818,98282933304","83606,6068003421","94909,66667897109","95803,89558001036","63617,96291288274","63363,21077181515","64733,686932785546","62017,95865140664","104623,36670843874","102760,91271013448","159854,71831796505","158571,22852251548","159687,20900000987","62366,48747375036","65759,14060169244","65759,14060169244","106966,46980985602","14557,381082950147","153260,69227815408","149902,80182301538","143355,79574474064","147788,56671676235","156012,364096376","162504,70505626756","40555,71984219759","74355,91726698444","74126,50738215019","89265,56673957573","65184,496093766946","63633,5958117509","43404,04547003005","25646,14563364326","23708,537138493208","81526,4066900482","26555,184084607445","99094,66588013328","98923,39964070021","127972,49293271542","43978,40002964374","57113,163290947465","40939,329471631536","56827,84277141217","108414,23178469272","117480,52567614801","117652,80811808642","125532,94538046324","128099,52320632296","126463,6379386175","101621,55762837327","58302,5792706992","57545,282492608756","59852,57841571847","59363,50134514931","57627,54293796783","64506,01612264509","62675,53184773295","19571,550075326708","19571,550075326708","79932,29324543767","156748,98467553215","154222,3542042492","152443,43859615765","147970,77201052714","147565,9143584495","85655,83616891141","86161,89210484334","83673,81733866452","86367,84432628365","139822,3331897801","139389,4096921619","139389,4096921619","136845,56271304516","139588,02844728713","140868,6284282873","133448,00679703045","137588,4173873106","133987,70069029694","143322,14402723915","141185,47156304176","143538,36781338268","139231,24106141526","136982,72685702756","139425,07247263374","136090,6980648251","141300,87648647543","144606,01312006539","132611,02761021646","135494,2210986959","140618,1898269097","138798,5215731246","142154,91238303587","138049,23568489068","142455,14933612358","137599,40867621737","143770,32459019744","140652,12299362326","136593,80859827725","77742,0406298391","66713,74798379673","76001,78556379452","105578,87893623413","99828,74588755409","105134,43885519658","91901,3863805235","98662,67723663202","45971,676188993566","32038,050153302716","86457,05510918665","64076,22897807818","61949,91349778068","77701,80722944063","198662,85334328303","38959,17969541614","39290,75402440531","20924,03590797026","21924,56297003196","18097,39164103489","51958,731176297115","120830,65247958497","108167,0079654141","82847,4870796905","80787,29850197249","30598,55698832811","31738,741235626167","67167,13413163439","67583,8743468119","67583,8743468119","87100,67590433055","139306,84835096708","139655,4606765935","139655,4606765935","54879,32325894405","54400,00651650645","89548,28660109872","127453,91902673354","128130,37243356301","127795,78777871371","94568,50416763856","99166,21048506706","94791,3833544747","99042,51172158316","97255,37557091149","136017,4896891183","135122,48916524363","130013,06907132117","132240,1075007781","131885,89354924904","130625,28779316576","135880,9257021398","129838,17285508676","126685,95024151527","131987,06682727326","133917,7986751893","32136,781793715545","32552,454820699575","108812,98996570188","151960,46034154255","147911,53256188222","142934,16216968533","144883,88669813902","142775,2965045155","144618,49345720196","148749,86860394606","147698,38649422978","77513,7286643707","122084,23285568635","122337,88361118895","123205,52091643111","70267,76427106597","76896,32193236578","70267,76427106597","77943,5037704607","77717,49942581875","76496,56985712306","37974,218346178124","38884,41540938256","34235,29803965403","47784,7673525821","80348,6626969838","80175,6674326777","55802,41801674758","55206,90238030711","55857,50714557625","40989,23203010983","31596,262759838493","20979,736740751523","28823,564721410403","128090,62927400021","119252,40952623091","130965,79161022302","126821,88009577204","129790,48878726983","129919,68037879109","121225,56525653723","61323,82538417457","147342,3702997081","146194,7570466848","66522,31120940461","65758,52151905619","142443,15793256412","142443,15793256412","49449,36267321212","104576,21037012973","105689,34456289394","103415,83548774681","43240,98839937498","44919,917409356676","100507,58945213223","100507,58945213223","83538,06059725131","77390,78039517836","116092,12010483342","11288,899503172091","16533,696980818844","17318,79445001524","69799,69997430428","102426,07236944721","78229,07535415867","87954,64031285472","114040,70213739378","107028,62872092235","120165,74811263593","113246,46705550334"
835157,"25510,26796734027","25276,25045158648","88360,24601399456","89141,75995828945","88192,36282766292","56074,46597251365","68123,18063761923","70690,11686222079","0,0","12933,68703115272","46127,36179457028","42953,73362015005","45007,27547336895","45145,962784030664","81790,56115878682","79588,12304933295","31753,217581191206","243001,2934329409","109902,56412750328","111085,331398548","59996,59181875187","49260,8195234128","49474,36195308368","48938,28426669171","51818,55235477783","57854,35623510897","135849,94069300639","103429,18818998327","76368,28689343543","77890,51180927723","72882,45591968748","73147,15565306142","74553,86270365625","76164,08184865104","73528,29762204894","39013,00795327671","96211,95443578325","93558,68366056446","96069,2778966723","93558,68366056446","134615,205083607","80952,74275508255","79094,18203222036","77617,29947173534","75823,6991707849","62423,01096598659","68550,29027574207","55332,47133880408","61417,932272846534","66247,83266182724","68595,79800263939","63325,894442753946","60884,48127987622","36938,411185590514","36025,02365636222","37687,68521283287","37228,510553369306","28220,49446010065","27642,53936266885","120871,28304447846","121962,13547923072","122388,21083545481","121219,29981721235","11003,055032271877","11758,17224650124","57500,29186285098","21336,76755209607","27083,953447241438","27953,44296376691","82923,61000022388","124972,10056289866","126711,78955217007","123235,78492980711","58374,40264087215","56282,32318179543","115685,58245337642","113801,07865048513","115755,01179992069","36183,30341941444","33974,09585575675","33974,09585575675","169813,57704205703","82421,8179794377","95834,52364514911","96318,68136260596","94726,00322452786","91595,28515404924","115092,37421843804","126706,47828083445","47678,97362648138","130452,7953961912","130357,195244118","72654,13148813702","5509,81052189271","17111,742556565554","110237,50207597988","81379,34419590443","81447,6719682486","133246,72098903544","53995,68631098366","69292,85737732661","70694,67328546128","106238,03458241092","51796,384150980666","55055,46508772576","52654,03364399222","57537,82150263514","52155,93484935311","57378,65773762196","57577,40351724222","88103,51453576861","88428,12239624897","86684,3635870481","87294,67496449726","25579,26232960282","28059,43618573741","25239,811955613986","25988,67213247227","27103,827038491923","114708,70975641088","113199,49551692799","67929,10658487432","67929,10658487432","67043,11932424287","99281,49249115153","94687,19352193261","91881,1828416226","88790,63280826173","87778,51102762746","39185,1812483562","40210,64447313284","25717,11617187677","40644,02283798031","80177,67151519997","77515,5943798523","77515,5943798523","72899,963964581","76565,89914519142","79956,63691118838","73366,23917413685","77373,80034448393","70216,48566169073","81258,79716904934","80906,49659979779","82393,15600978828","79152,79225495648","72861,58351464289","78594,25557605427","72793,29211465592","78392,58672296851","83222,08286932125","69118,26541835997","74840,00209077576","76753,8753346785","78670,15772001244","79770,5212201303","75872,54414243456","82145,67358274241","75146,01569158853","81014,26964721156","77424,52782231166","73340,30775132937","7177,274611783131","5035,609466166607","6073,645528263017","38424,294300356574","31806,061281907132","37817,46664351413","25701,304755399447","31644,2348794835","34454,47732082745","48272,64255270697","149117,72689739667","106742,25088096196","103139,83266775632","89805,34110491276","257086,5239760766","64590,29565746904","65030,62120300799","82007,85113936332","80645,83301069029","71038,13148843191","110464,21155791804","102776,51787603741","38559,299675656264","82418,14713504772","80145,89603001809","95793,45703303709","96907,6526704092","94129,53979862892","94679,04969860581","94679,04969860581","145976,64798817458","111241,27602091945","110953,19856302752","110953,19856302752","86861,70695975058","87366,81881615066","160052,64189111372","95415,22515988018","96131,21459458738","96004,4506355411","44246,592203251115","46906,5987296874","43247,69652070996","46647,907092440255","45267,19197799727","70755,6756794582","70115,18945993714","65612,07817700566","70079,39254607206","69540,08968698187","65056,7630171954","70797,72279666524","68588,6956491693","64683,745520979945","65282,48029225787","68610,60285081965","99044,32702355676","100051,14186800907","89890,37547975307","91226,3101310626","86139,81979012318","82939,61631433995","82591,12424629916","82953,34078298089","83782,67413167574","87728,63966521503","87288,61149006995","141330,47359037303","74185,52653652045","73900,66922938154","69878,12443620105","140081,35731890384","147145,1179097951","140081,35731890384","144383,88749564823","144263,95776279582","143233,55190206738","73313,95440931784","83970,48679190325","79753,80680339277","61839,89945673292","69438,50150529535","65465,698960897695","125124,15005153573","124635,30077397822","125327,19375569292","111588,47480836234","102257,48410793986","49740,87802110521","43416,31260840975","73052,08097071377","67580,46345196723","72741,19448062402","71521,18835211865","72664,89435327386","72567,95562921502","64486,610061221334","40171,72178590157","89326,92814792263","87879,3146999871","24756,863915931364","24007,302481357066","106157,23376887894","106157,23376887894","104406,86536256308","45317,49325924693","45671,20583802678","43666,24997329225","111148,65097049033","112979,36299466516","156927,142040101","156927,142040101","141947,51380232445","132716,2511622194","84265,86411133701","81830,3620409065","87172,57518797716","87920,37030800621","60936,386676112284","62269,20643540055","12453,890135925927","22582,363063235105","44111,40601389715","36378,67079295707","49493,592202122716","43161,092469527124"
835150,"23608,360366816087","24277,256274348467","78470,84907699189","79508,72445274417","78571,82692281717","55628,30602916524","68482,1771648304","71201,21885505907","12933,68703115272","0,0","51033,69074035143","46152,764958078595","47345,327960798844","37118,43646088635","69024,8720207215","66784,93777072318","33054,33735834705","235744,05748975452","105223,80497998191","106508,61340659736","55557,54926773445","45089,62523079547","46010,52882304426","45322,63137090778","48160,269514154155","55854,1861556832","138768,98282232223","106555,63465566743","68110,76801405312","68882,21408285668","64622,946166713955","65071,03552616715","66671,72787140403","68174,31563028501","65407,52550814668","34830,658356601496","102069,62396911654","99357,11218435568","103412,3599461893","99357,11218435568","137030,8807243846","68783,75565906978","67638,38477013391","65608,58204549679","63856,34662375458","57962,97986416336","62046,04397238507","49654,62912013875","59097,6838983868","62455,82517623969","64783,512183595536","58961,50709060249","56164,908261975615","44923,82239859935","43861,26788166128","45240,296836207","42403,9829103398","15289,445465555515","14711,265356090295","128191,52574372699","129290,86451631099","129611,75036990819","128651,61992276243","14115,474791077095","14342,081513529347","61162,69282860556","12764,073829189176","23875,339467957885","24754,164171603334","73310,57417789068","129357,98398074669","131028,51287691073","127692,55778221405","46521,60271254836","44398,07679056924","104559,7553294881","102746,99040956014","104594,41535410545","25095,266363234536","22192,980930304842","22192,980930304842","174281,37728037577","84207,39551722912","87411,10712421256","86806,19162512738","84092,04964181672","82733,78800864684","103512,1583835134","114669,82575701989","55369,55702885921","124571,79680835323","124506,91677904714","59959,52107396625","13985,232682927553","28771,802812687063","112910,91079939734","85582,79504949617","85300,56615557613","139838,98118946573","58942,04868210671","56382,34885767892","57768,55873198074","93329,1583169351","60209,59734860198","65403,370770589245","60525,091599030566","67756,01927068664","42405,67344544398","49237,94656713495","49430,56778112658","75821,90773215925","76373,50114576935","74615,40189822883","74498,65686422092","36293,52289122259","38703,23000787448","36308,7067415153","36972,16681909582","37726,36949116439","121203,18470600003","119601,83451655158","71972,09457552228","71972,09457552228","54737,17206554024","90913,78020322768","86971,41805946754","84524,0709918591","80871,83160847379","80071,15963505793","26624,336544053152","27635,185245701","14967,03297517742","28061,578549507867","72308,0990102381","70532,93890042989","70532,93890042989","66889,32769163052","70116,27741879203","72589,71441318537","65556,18961066315","69683,20718477297","64078,39356691427","74410,76520496122","73295,03381356297","75157,46888975381","71435,72181276065","66947,51884526909","71173,85800461152","66436,37791436775","71908,69129424621","76098,73749987161","62815,909147631166","67288,4237053163","70742,02462760826","70965,4080421353","73052,17842093851","69006,52400109227","74564,11892776223","68400,6556839592","74487,14961702077","71088,36390998049","66967,70353126645","16260,638681027252","16270,628261376594","11503,44579560432","46840,97678626696","40083,72941791766","46164,18977645316","35777,38522709176","40667,057715879324","28757,271371954233","44256,59884626383","153491,38390736905","99213,19662676862","95536,36297199148","78950,41271204613","250373,79690988452","71954,6129595275","72431,53204279518","79367,4000543137","77666,58670082684","68241,06749224126","115292,0866150152","89844,33829709157","44643,72951341033","70596,51234668294","68388,04351020485","93247,09374337943","94306,0163866057","84899,82314733286","85439,57458255971","85439,57458255971","151283,47110682313","98547,9080643305","98288,98680974293","98288,98680974293","78782,83258925528","79400,87020330808","160604,79288323253","82813,96759028827","83534,16851315944","83393,90467147341","32560,15806155218","35786,490634874644","31775,594386971254","35548,97700055764","34002,339479820075","65495,77893468274","64690,74323706101","59773,147724353985","63121,27871465668","62662,18838312973","59943,236151159115","65426,6921390593","61187,52955551137","57559,788496226814","60983,72882080185","63359,67368893767","101523,89052612329","102351,14839194226","76972,42719271845","83930,17791704008","79220,08002797911","75245,58517655176","75864,21055291136","75192,91103810901","76436,33882952858","80508,2950255472","79815,7110605054","145301,1956060724","63033,700428312","62842,17694519063","59808,36675095279","138570,3074890911","146000,01052536335","138570,3074890911","141055,9404911297","140978,9612697764","140038,12855388474","80119,01005030354","90100,04681577522","85528,17951273223","53561,52514860828","57200,05765465723","53077,968109919755","123433,48812901287","123019,19089233267","123728,72401306064","112063,74340962661","102609,88626979716","50983,06751729636","42506,32051171747","63522,64175640172","57045,4171011444","64220,55476215819","62033,65737330807","63768,285556622715","63744,20080583922","55274,745839507435","51493,902221255055","81009,46947776344","79643,17915798035","37023,38284622266","36172,12026818052","93983,25786176715","93983,25786176715","109775,57988076714","56467,99496103805","56614,857048275444","54774,5423648284","109004,69142027228","110857,87331764342","162894,6216527793","162894,6216527793","147315,66314185612","138614,7841924778","71546,71232758567","81872,34186064471","87247,86653275853","87915,07238683994","49344,19774443853","49787,91188134579","24501,78084620474","33407,17559749062","43625,69370350625","39921,01729992264","52231,25863873614","43029,03246949852"
835147,"30521,901834258115","29024,6068274502","82706,68069924667","82051,92713860482","81201,52905841592","23086,977722540665","28667,883212520912","30373,169989600952","46127,36179457028","51033,69074035143","0,0","7633,419392144089","10090,068067770419","45755,97864890676","98373,47047302105","97106,01961697915","19950,464880536154","216559,3709587898","79833,55506481664","80579,12585922706","105646,7178627982","94942,93299784344","95376,5262297554","94796,1764411053","97683,63084018006","103981,44785623245","89950,22210222179","57557,19811376494","118962,04855759986","119355,79126137457","115489,37748433278","115990,51779712735","117632,73646661577","119105,81602678688","116313,35777995439","32019,886181614107","51052,045308897475","48334,261409737446","53448,812120481714","48334,261409737446","89003,20478588027","113014,56649232046","114523,07307972017","110713,74664848954","109213,65625094424","40873,49484270775","52565,67116368834","41534,58474881996","32587,346164429393","40849,09451419823","42507,492440913826","41069,45482155901","40928,028593790565","14475,113088681208","14399,02364937688","12695,369321451493","8901,497565139107","60304,032651902824","59316,012493755574","77916,90326712008","79016,65203844028","79231,88987347143","78492,60115009881","37418,25272303169","36996,466908028175","12124,505273372522","63722,88855858852","72762,84958795285","73657,02137292287","76859,71007813053","78890,44075509007","80617,58372986254","77169,2486628962","93251,22022173698","91169,62533237343","151415,0343298064","149821,57481629058","151355,1993268494","53351,024236559904","55171,29103639355","55171,29103639355","123781,49329306772","38349,243326978736","138107,22015572735","136691,24862537376","132426,34183396262","133200,08324826517","148995,2562065284","157966,03604008188","12686,767467973932","102867,67642957078","102671,23143338486","89402,35859222167","40854,89803644566","35096,91006647505","64598,19245278664","35253,64173875723","35384,73299716794","88977,50938433946","7942,30496181376","94434,25324131464","94925,04389518945","128455,67702484093","18146,700287707357","30984,308674497046","16010,063680357563","31707,26640208565","92721,3051114129","100205,0547104417","100395,64364382299","119117,92316567308","120795,73768474598","119046,72667286014","103788,57779839309","28526,837663009617","27474,93299044862","30045,517438442843","29474,97754955379","27669,877736791885","70345,60764438396","68707,02485539115","21882,89816415166","21882,89816415166","80641,4018864509","141623,017715819","137923,65661622494","135539,54503204094","131785,67511045077","131038,21198419142","72578,75917473578","73361,47969792769","65603,29592975073","73686,63245241299","123256,93815303921","121563,41901127475","121563,41901127475","117747,51133854061","121086,03332037917","123614,11784265254","116534,30871132931","120673,20439312722","114964,28953350116","125435,89371600651","124291,15627586044","126188,0161163977","122417,78512740652","117776,67615607377","122195,21056875115","117380,6686092152","122887,42638555272","127132,14876492186","113739,388543835","118301,30697200136","121610,65818969694","121950,56081733237","124064,80885838997","120029,04868407345","125562,72205851406","119411,19769437653","125476,60270764586","122037,80724477413","117916,42446061377","52506,60235826956","41385,21198217836","52080,04184855119","77109,83149821368","71863,46699654411","76734,38486058649","63629,97675230095","70364,71452085461","36441,67131119725","32809,76636986713","103049,55530832282","87549,43218799499","84691,66056903797","89253,04027923709","228492,78051927316","23370,93949290422","23887,770517974535","48853,949248742545","48808,75287167648","40710,87669666232","64511,474078869905","122550,36581131582","80821,84944146925","89402,04199737702","87033,26336181322","60552,22244334512","61712,319389881886","84252,24217934873","84765,51047424345","84765,51047424345","100336,47537621648","137512,8423377308","137597,74837466746","137597,74837466746","72938,49620393271","72860,61624436134","116082,29134538336","123481,05847256769","124203,10870583364","123944,94826634045","80718,35177135767","84801,21641820016","80430,6728711854","84609,8943935658","82881,17809088851","116068,44988406442","115332,33625603802","110553,72345260017","114145,61010883187","113679,50800012884","110424,17300076333","116048,26425496319","112217,94686883606","108589,37209623877","111011,88393793782","113919,97819753435","53675,633311201185","54836,917438668606","109502,456824804","134951,92703212253","130251,29005958574","126224,41458910069","126880,32974055078","126158,85831297717","127459,37400900948","131537,24150543453","130822,31063224949","95204,54262983802","110832,15926615294","110848,45617886404","109456,89695271724","99895,93577423872","106061,85493900969","99895,93577423872","108315,8809659914","108088,4534778386","106863,70364242082","29994,660408115295","39204,521929905124","34525,37755657524","55363,08886294368","81989,71272739503","80107,7447694312","85813,46965294139","85177,0306225478","85803,17615677317","68527,02521519565","59725,57435849593","14540,082342711976","21562,232725224665","113657,3088775002","106147,07090330594","114990,77261411073","112224,30576093332","114354,82251299909","114371,57218851513","105756,53772980702","31338,003885433027","131781,7510710069","130454,36009344127","36623,02733122708","35950,347287311895","137148,64146882933","137148,64146882933","58777,3051464495","74601,49681675914","75776,96269231598","73516,07373019123","73605,07363792806","75270,59310822528","111862,0633018897","111862,0633018897","96348,46686889525","87582,52156464153","111672,63655700487","41258,72155565165","46049,55833733128","46916,5435763849","70811,21009487631","93559,87940329836","50859,4501879508","59666,04191457343","90171,37656043068","81103,013451948","94168,16893808688","89173,38212148703"
835163,"24200,54508494047","22873,047401223168","75589,27573043256","75030,20226683495","74164,09516992081","18157,348539393894","26855,334360583773","29068,720075112695","42953,73362015005","46152,764958078595","7633,419392144089","0,0","3497,5028506026156","38129,21705745011","90776,08109918065","89529,22867414042","13560,706893865448","212737,18011081833","76066,83736223578","76924,05261201985","101442,90838552205","90816,38470351494","91439,52534691473","90817,46295017548","93697,92260654182","100489,91446610354","93074,09499261688","60696,66908377799","113518,68273809816","113653,4026450215","110068,55094249091","110626,87081038026","112322,62190164535","113751,0717314912","110932,85348947467","24418,0846223951","56721,01271167824","53987,20795890064","60153,70700227527","53987,20795890064","91699,39115509322","106099,4800447961","107932,44820447222","103905,69595443504","102443,13502624299","34510,68038511717","45874,16060487655","34309,44410122164","27199,80107425316","35149,84071759522","37015,95551669581","34825,06133890702","34338,78280856728","17953,000861205113","17396,739868229448","16236,213499970101","8313,602909718918","54168,284736057474","53174,692393607875","84342,88185018668","85439,03924262428","85589,3312417387","84980,37604662734","33238,245571629595","32705,59054836611","15010,18649949086","58916,83869043546","68807,61020349969","69708,31256277127","69713,3559137188","83206,05446653454","84875,81521980393","81544,31587254921","86766,83544622725","84708,6696717329","144700,59351503235","143145,0848868705","144626,55327792265","46208,672117735645","48246,5460294319","48246,5460294319","128128,63405162978","39559,06035304076","132498,94075461943","130692,98927155297","126025,27066379308","127460,16625262641","142099,6935297652","150825,5607496525","19683,55976957217","98797,4176857578","98619,87958334692","81830,92052009064","37489,79765591544","34564,95791847079","67354,7271470131","39441,06341661598","39156,08002970117","94873,50443475739","13965,985139738428","87155,5863060353","87595,51944238892","120929,42558331751","25413,632407499987","37783,06397815153","23495,66035460151","38737,640877788785","87048,54585015072","94943,20217603662","95130,20202966282","112085,31564789203","113866,83422998218","112125,87159717726","96180,57571557922","29618,79073978211","29185,25924318514","31171,425679500328","30759,81015992242","29123,480199422236","76301,8086627419","74612,71282134857","25835,837898387577","25835,837898387577","73037,7463392993","136018,32041559703","132567,926805849","130319,18478600115","126386,37919259217","125715,75147517101","66237,09873651972","66977,78595903414","60293,52175005109","67285,0085432396","117918,45141436195","116528,18868387163","116528,18868387163","113040,4781582408","116226,63429328571","118442,32783547862","111254,5753582436","115408,84761550986","110226,321466053","120428,9412927415","119034,12844143312","121048,29150102077","117135,10588919984","113100,22156235545","117012,57384314087","112564,7878604322","118010,31712861899","122026,12643917742","108954,60547798997","113095,89824722301","116891,44756261304","116674,52030322328","119106,21177021383","115038,64546676415","120309,42066975097","114462,57277628257","120576,05114063546","117211,92191615967","113093,53797385439","49747,295907230655","38558,24874922909","48668,42796926014","76556,50262241441","70900,34378879411","76122,88621018582","62895,53523564467","69661,60717846824","29072,999928385078","25399,19472619959","107339,06715633777","81885,38885660899","78889,20307417016","81892,21956731837","225113,07193176606","30806,39061177536","31322,622083013353","45315,01124186958","44896,836728773334","36117,61989476667","69222,69526170654","114971,7380663962","79437,72671266655","81802,49859534005","79429,86227461846","57897,12827286133","59061,93414293858","77480,41501680142","78002,25680241638","78002,25680241638","105310,0671207919","130122,95623358156","130225,62320496996","130225,62320496996","66421,98394203518","66406,63689397497","117414,70804073676","116227,81572086683","116947,65297633885","116682,6164789778","74586,38953828535","78799,16223195434","74396,36722356715","78620,07168433514","76867,54493908092","111602,46022610783","110816,42995351198","105923,12705634686","109153,13239915945","108714,65076226766","106013,93659448209","111547,49561227503","107095,85911988476","103575,18048338818","106847,96060785829","109460,99489729112","56110,6201977122","57100,662085483935","101943,90218318814","129755,06824593907","125201,67486265933","120929,74090290231","121908,23294298592","120841,958522363","122276,67675273774","126380,09984569027","125581,55927565228","99187,24730339836","104410,2241461666","104464,74634915018","103466,8472869402","99335,11174208573","105897,77718558563","99335,11174208573","106376,61596693758","106180,37184493468","105007,98955549818","36853,40107904452","45283,08689380376","40387,192047930745","47970,702779586536","74369,57792613289","72524,18107550725","84834,62842464245","84250,99571866247","84906,68239754261","69197,75719694716","60046,16903349754","9341,44119199555","14046,772950429664","107819,22233505273","100022,13282386378","109486,6975720397","106413,80485860747","108729,13397208674","108770,41211727359","100101,76382172701","35758,514269335275","126243,03308400443","124951,14627504567","37842,03393812422","37012,632092417574","130044,43351065922","130044,43351065922","63971,535173716205","75782,54379793952","76847,0325318265","74569,64170581236","71882,2807009258","73621,87817364655","117255,51292934005","117255,51292934005","101376,15769377715","93017,16651376564","104428,11746541059","40343,08061503786","45488,23041492026","46306,97258395253","63187,28001735298","86718,55371234682","49396,97425720126","58939,805005352544","86997,57180048591","78873,91349735629","92018,61605787207","86082,83317299871"
835149,"24630,897049630174","23482,09031833525","72643,26296328843","72019,06368486391","71162,88988781425","14672,297967366816","23889,3238707295","26219,946253075846","45007,27547336895","47345,327960798844","10090,068067770419","3497,5028506026156","0,0","36328,12161123909","89073,49635176321","87907,39109963323","14311,920677052312","209264,22023600046","72612,48456443106","73479,52202775089","102830,35426213384","92260,29865643296","92976,15631063897","92334,82587885867","95206,82029344545","102220,91657650514","91496,15519682007","59219,550950763565","114174,99434168436","114134,40622549091","110743,69172767487","111338,37575850463","113066,33618107393","114464,60317301186","111633,11718317455","22875,222447367047","56615,589453000975","53885,31891502216","60806,92176192467","53885,31891502216","89938,92240305372","105549,41581115975","107709,0140956057","103472,65014316032","102050,37333574642","31187,005338388204","42679,71382473048","31445,616931168617","23709,995813871315","31694,11990242721","33540,62789493479","31469,117167359018","31091,800038200457","21447,212654472492","20894,09929801872","19724,763503659513","11741,83753929838","54460,15681438908","53466,71835719587","84698,65589203521","85789,85523436654","85887,85953082473","85385,57267654038","34926,30661205587","34344,42585420794","14350,218191221687","60084,62597460325","70388,23089748758","71289,3725400651","66788,27664698526","82223,30797776717","83859,28145054015","80596,83694032383","86669,72196409636","84636,18759579996","144329,35168810145","142811,66500064387","144241,3711176289","45511,96948977612","47814,01396313552","47814,01396313552","127092,96952255483","37433,06831552538","133026,50405984608","130942,84242261009","125954,65408331346","127901,01609690006","141543,59954543482","149976,95611187178","22623,169232329317","95316,77843871166","95140,32131764397","80234,18256625523","39507,37267670469","37528,245579194554","65682,73478285926","38619,88321409746","38130,798086413975","94813,1005974435","14921,498383598751","86161,37477257483","86520,5057500564","119438,27122762572","28213,06214153885","40854,46081700332","26093,791380201095","41699,332408246344","87589,195391005","95741,75227120379","95926,18179727766","111394,71581615313","113294,1253794673","111563,64607898027","94424,77610447124","32921,87938374359","32568,740030080593","34471,230539142285","34083,87681212776","32477,25415812964","76321,70566474386","74601,72339274938","25137,29369699743","25137,29369699743","71322,09523633508","136545,44647303064","133262,19481032545","131100,92506621993","127058,07635240434","126437,43165148371","66312,30400243153","67014,32378943973","61150,60465473035","67304,92466836117","118637,76712307397","117436,67540696752","117436,67540696752","114143,21926610508","117238,92205096567","119265,73857024325","112018,8175010858","116177,94181476114","111315,07924595257","121350,11299384305","119803,8750430951","121888,6630181174","117890,73784277153","114219,9989706692","117830,8413153542","113606,37005640367","119010,37648563017","122886,05672113478","110018,4194233927","113904,50160933123","117982,92088868201","117434,84697352529","120057,43247690545","115975,5430534562","121080,170728614","115424,82622448653","121559,74462931805","118242,42052483375","114130,47220020412","51925,37565287016","40784,09108214247","50584,35810798553","79370,21129943663","73610,3291480168","78921,58385318735","65688,13876937366","72447,41183922316","28134,75985161088","22757,50773641219","106298,02696606096","78446,11038329161","75469,12583980638","79167,47533242623","221674,88911518373","32415,37153888658","32926,62747573285","41906,91032925094","41447,752112508744","32627,75645533742","68493,01076189356","113328,0103128488","82004,0493715072","79526,10069180357","77170,09416509987","54603,03445533911","55766,962288944815","74334,55147474825","74852,57591460086","74852,57591460086","104647,90230830948","128912,62682005137","129046,21479368788","129046,21479368788","63170,193745819226","63133,79613590796","115094,03748471555","115244,31463498237","115960,41006688646","115685,45267877687","74812,53804948056","79116,84015372452","74699,68392359994","78947,48955964424","77180,79198422964","112839,12727806414","112027,17570870636","107077,45885349339","110095,87945863142","109674,31669007265","107287,49497827559","112765,52367828663","107963,21092351107","104512,43559786274","108248,20905940632","110704,07395127426","54350,9022026498","55265,500199959795","100372,92973012953","130551,90329879512","126092,54192135113","121673,77739803938","122848,55862861764","121571,97840922802","123089,37155449072","127204,53518900646","126354,93136606096","98002,54806520432","104343,13318678807","104430,7359833176","103751,2816382708","96451,06496108632","103115,87330979964","96451,06496108632","103170,14257439708","102980,08207449038","101818,69480457446","37770,93527896246","45521,54966844475","40518,34651862675","45288,721430724385","72558,41909705315","70894,0428347033","81859,11468534677","81289,41895658386","81951,73343515089","66730,31916817643","57492,5552668201","5903,377726371838","11663,880622609538","108210,608223667","100206,98579338701","110107,7243288658","106826,8578570611","109268,99719300578","109326,9812822276","100633,16593399289","39245,541589801425","126823,05191009225","125556,04384718619","41127,40102051683","40276,900724806714","129253,00085765809","129253,00085765809","63538,80524790808","78987,29378728296","80030,2401335728","77752,31885967718","68750,30464188608","70503,71094244948","116831,53699733138","116831,53699733138","100751,50563518041","92654,00626388061","103466,65617394276","37508,10431656305","42726,08472254459","43526,55532915814","61359,28506436834","86272,95183007722","52024,36461485705","61745,16172400239","88890,34098151945","81155,2760022886","94305,50860068685","88012,62082797082"
835164,"23477,693331259663","24934,926918313933","44002,22547352706","44471,96591515651","43520,213498587036","33372,56641456296","45352,032749358485","47999,76648919522","45145,962784030664","37118,43646088635","45755,97864890676","38129,21705745011","36328,12161123909","0,0","52747,770854572766","51618,38754914162","28790,4018857612","198650,8733654028","69547,02327994385","70924,03896638018","85965,2241727741","76778,6261033665","78465,79061320385","77661,85075125365","80207,58363894718","89238,92243484696","116409,97060292683","86422,04279148551","89624,09043869919","88100,26943307748","86497,20365611484","87388,38675523803","89330,80214770413","90403,92990483812","87570,91424344778","13826,963788033572","90199,82420745028","87549,94614203146","96219,82407237407","87549,94614203146","113485,81758075122","72659,61763217369","76698,76096839273","71280,99451258213","70130,38785770284","24788,068459028127","25388,07391161374","15161,055341280906","30829,175010321702","30109,16884650897","32118,278446587283","25852,96616548734","22692,922963813515","50800,828156134055","49732,57086734041","49761,949974272306","41669,80343187164","32489,601363466507","31760,271493014014","119221,03905366559","120289,26268732086","120239,7419296997","120034,96505331436","35681,157653029215","34956,235016668565","49016,8506332144","45922,41066318796","58942,1716643994","59710,79422000895","38309,690488773536","111316,55110201146","112712,72572898203","109933,95752818734","57296,80344828651","55559,10347123103","111876,10548919605","110577,90223333846","111715,00392659222","16447,789707422922","20572,181700281046","20572,181700281046","154876,75248330578","62556,69267780343","106807,28922855863","102635,63558972375","95532,73693907744","101121,30947173212","108182,05243243299","115327,67318991503","56923,0185797251","87789,97127317847","87741,71963141602","43974,384757464424","41382,44552815606","51321,97998328267","91161,71264934116","70492,87103023185","69231,18852554268","127898,14752116562","51187,25547073743","51479,60944745101","51511,18448105497","83248,86380107465","62825,68962819398","73829,87710066808","61310,69118270417","75291,66860559625","63433,95340704709","73407,55275588634","73555,91145057864","77702,91606834595","80158,58014905702","78508,2058492194","58099,48457632417","53283,908288866645","54630,45066566962","54363,4984455628","54536,23921106896","53929,02787748164","109930,48189859674","108135,0176352688","58511,411077100005","58511,411077100005","34996,79387367184","110237,59167585816","108416,69803526773","107071,31367879422","102197,9132572694","102025,94932059881","40059,22121628026","40327,66376632265","43437,645868756386","40436,26243742809","94469,05702276243","95023,41510636052","95023,41510636052","93730,80690987887","95812,06599197257","96001,29456029636","88511,75852202642","92543,72201852128","90899,97451651054","98901,82009541304","96038,295147477","98680,95671991815","94070,55614164325","93971,99331877482","94574,7089062873","92621,61638390142","97393,64051151901","99819,89508603266","89422,52771996423","90718,96591668559","97289,1204077287","93673,70936999029","97938,44440765915","93887,94486242853","97277,59210465672","93599,59605468642","99687,6048186955","96947,8555217021","93076,7660245321","51436,26085149183","44437,81498886241","47343,36140960626","83151,88643983119","76411,38293148583","82507,34762094413","70834,34713802522","76571,80567876593","12301,961845066911","16169,014887962185","134434,8061752381","62121,3691591549","58455,88595240534","47369,75804014139","213260,64259386848","68737,53521718628","69249,75531820698","47751,33887462094","45509,15276155315","37345,64299175711","99314,80661153243","77015,93990426396","81691,74338740735","44409,3150835211","41998,28842354478","60997,4408121634","61909,744350735935","49121,0557240432","49673,40053589898","49673,40053589898","134945,49668448375","93224,55867757271","93435,35039185167","93435,35039185167","41849,69576939303","42414,15904428573","132227,03384432505","80297,25336869956","80995,2912833187","80687,34264819746","48935,496534788304","53647,96483079286","49521,498935732336","53579,744119111405","51848,17596976673","93831,38372176839","92796,13457870872","87535,46459089725","88328,04852359711","88087,9420919314","88952,97770327663","93571,67798936683","85588,53547047797","82977,40548725364","91193,71740232705","91870,29492010128","80049,63672961864","80346,11622810342","64115,53164245444","106671,16154088776","103196,52152631129","97614,32453564095","100522,23812686211","97392,99600127741","99590,12746827977","103672,49441276972","102397,56573595578","125438,62513854641","74471,4466293011","74787,8419445784","76523,26970722413","106774,58970161722","114694,16102301335","106774,58970161722","106513,01688221109","106491,46246412795","105676,94989418665","73765,84032212077","80290,09896117076","75167,237600613","16701,935639563315","36250,62648755567","34616,96579695651","91667,31199079409","91394,52270453761","92116,62952757461","85045,69642286011","75828,87487443829","35231,50541199746","24842,724086540427","81664,17011757194","72343,3597945633","85414,8425270672","80512,70890760304","83914,03469682492","84111,83288246943","75600,19574152857","66396,20836309681","101199,22609038564","100176,75199003743","59177,839076487886","58102,88300715564","94942,54558245765","94942,54558245765","95785,98315923702","90083,46588957681","90563,49527357987","88477,42777012744","76862,48839310626","78696,17698275176","148128,82721144293","148128,82721144293","131306,3969016889","124560,22737340035","68697,52229645161","56035,70874832355","60959,36237715951","61375,086136988684","25060,44171075895","54508,70182251986","57287,95194312684","67699,26307410205","78909,00484835177","76939,85568243111","88902,60257392144","78568,08546491158"
735138,"71722,94803501414","73464,5361639536","42870,83042968344","45541,47838860815","45226,43405659601","84484,79831270989","94605,2269649309","96901,77464211504","81790,56115878682","69024,8720207215","98373,47047302105","90776,08109918065","89073,49635176321","52747,770854572766","0,0","2636,078923536375","80103,0419076716","195399,54819181256","94922,40440088983","96449,79070097067","85653,33338060578","81708,6520078479","84395,64958472145","83598,72363099296","84786,15151066422","94420,15780901561","160894,2318859841","134136,28991210225","73146,04374963141","68607,03146950339","71577,03074827773","72866,15129304008","74733,64286120646","74805,5424050732","72749,53277555667","66358,15721220172","141546,8480973117","138983,54207537812","148514,8572134824","138983,54207537812","157008,3153222133","37549,182040905616","46953,39781974225","39364,783875449764","39675,39769591662","69467,80768370225","60613,133232931876","62023,04984491829","79018,2720869735","74175,56588232657","75082,38324121368","70241,16412863511","67733,7105938124","101631,85677685191","100497,21171830823","100888,95994093691","93477,15258186341","54138,02247744836","54521,156572787004","170826,50751235042","171871,31252633777","171720,86117983103","171721,2142643821","77467,48846583154","77041,4266133484","101501,03034837768","67493,71601142835","77010,50647816846","77250,81155664682","43229,830518428396","159229,73068482295","160403,58548100412","158068,93588979868","42159,162406574775","42461,176052929186","71087,5006828382","70545,96565396062","70730,9504771001","48277,46470637505","48853,7571296845","48853,7571296845","200501,37385952688","110958,45303090797","82749,89173395277","74291,29751801564","62836,03600309694","76807,16878361366","65032,76683352294","67754,12822512092","109001,81082069558","102677,79059761338","102813,8245922537","9363,815981305204","81081,62788103824","95144,89037419108","137463,58357838087","121472,29249017591","119916,76561123601","178396,54853360142","103931,41284654505","19670,514762938736","17549,466887949875","31076,105883146127","114892,42209849079","124914,77053865921","113625,92291984976","126647,147374063","57790,75405744024","67080,02450881145","67095,1280296447","37839,69640230135","41904,88599708556","40979,296680348474","5617,39481770643","100174,66207396358","102108,78877153806","100825,96634571505","101249,00477277451","101232,00451038731","161014,33112733983","159192,2268854871","110446,39049840033","110446,39049840033","17751,403281077375","85395,84147718272","87164,47658528251","87832,7590818023","82087,7304768066","82940,59609518106","46843,95996464945","45954,60702558378","61872,165597982384","45572,69982330777","77599,61006525187","81759,65893502436","81759,65893502436","84794,68178411959","84363,82608588232","80718,54371982823","74636,38525739753","77317,57556773763","82693,08151311261","84659,58813855579","79672,67238721276","82902,1207851395","78059,65489531809","85293,47033270985","79652,66168659953","82847,39326898265","85190,05131082128","84087,80303674939","81264,78671643288","76930,81330317113","86940,54818804619","77888,8590605718","84590,70968904707","81574,25433929412","80544,49220350903","81893,02792716952","86447,65652481829","85493,56118513126","83049,4511448563","84820,15726155846","84052,0200449294","80047,76184247731","111269,23824353228","105037,48884281557","110557,51021622404","103117,88327918196","106493,43075132923","62510,819481512204","67810,47383511697","180896,07788252542","72947,75681097712","69979,46622431264","33865,103957769665","212596,35965346618","121474,13398541545","121987,12525896383","88334,45963062759","85696,94236553233","81357,26814013203","148791,98164732262","24305,535966716725","105697,72352417324","19385,19233724915","19986,252052044507","97863,45930885","98323,3002599858","51564,93706092771","51780,83160649367","51780,83160649367","183167,71551378028","42981,393289441025","43496,15053211676","43496,15053211676","57112,26674456486","58192,588905026605","168831,36428252267","34402,292627509756","34916,361497374375","34498,78218248029","48770,83897404791","50947,20343710938","50423,22021422944","51150,85500273568","50707,340408728305","87538,17435422524","86349,07401551916","81929,61804509298","78143,78887613815","78338,74215208307","85183,89256220787","86996,80551556169","74956,60878416433","74867,24322401024","89107,39586734782","86401,89922063214","127250,78813967429","127146,43151142533","11946,626250725436","87825,69539533474","87107,48422775937","80247,14692910826","86173,61481071584","79814,92616962567","82991,28222546358","86150,05259283914","84223,06597066302","171601,62732796758","49102,02960092249","49988,1617654526","57756,755121765156","138910,05562770535","147223,10384464453","138910,05562770535","131236,03514777514","131408,84336906872","131103,63537401406","126410,68758605023","132374,49662243","127255,18557105979","49283,9480695972","16720,23327089384","18316,974669380954","125302,95058447741","125348,98826335104","126021,0740731076","126756,15033904432","118678,94755043993","87749,95078242947","77567,00023404621","62843,6355018367","53539,896146644205","69811,83371321458","62640,857312703745","67243,61656297061","67705,86332777885","62533,45683924601","114974,28159645658","79569,47877794073","79314,82740271588","103754,90377543896","102750,43469965016","49874,12120878954","49874,12120878954","146248,6165548575","124150,15832040274","124029,39582316838","122445,65544935732","111486,9241792285","113035,39057240356","196938,25479485295","196938,25479485295","179809,47285769318","174229,7973967258","26243,136083686335","102043,74887855674","105949,10865996586","106070,83484595071","27831,244469071746","33545,43940423951","93462,73542782132","101508,61283111559","91484,26343768352","97622,86258508623","105000,59965742647","91997,74928463245"
735041,"70073,00320046693","71817,76191095871","44127,26720320341","46778,0850078743","46417,74525263661","83716,45661162755","94071,09203384562","96409,1157027099","79588,12304933295","66784,93777072318","97106,01961697915","89529,22867414042","87907,39109963323","51618,38754914162","2636,078923536375","0,0","78636,58782900238","197667,3941248434","95827,45401041469","97358,72421199012","83051,41682813731","79074,67086873161","81760,87320352122","80963,67844917893","82154,77836976653","91793,01758628173","160932,97275267835","133851,0293406997","70784,62252764638","66309,77270728657","69166,65109552085","70452,30025667115","72330,55935690053","72428,5990381398","70342,51895608178","65119,76438196859","140836,1788594566","138256,05793759917","147606,6635615162","138256,05793759917","157115,1511751857","35653,377709698274","44878,715787276946","37295,04685329329","37529,418976382854","69091,66642926566","60577,56114881125","61410,076103079315","78498,38140585565","73891,4614769446","74874,10519620885","69892,07544394581","67313,34106760348","100048,90283628106","98909,86588714278","99340,75121194495","92034,59751207582","51824,595988852394","52229,76070034671","170086,912653692","171136,7245554999","171005,2654514264","170966,057203479","75470,48635019644","75059,26524284118","100513,47731856568","65032,540591087425","74449,62820599791","74682,93393262877","44161,00706296744","158963,22592892006","160160,5280944775","157778,65538953117","39565,65988182137","39846,79845921929","70026,34975760768","69412,70503558041","69685,92677145416","46460,541258687794","46876,75003373877","46876,75003373877","200492,17758975824","110556,39269833597","80701,2170657606","72392,7962866456","61098,51459846259","74737,46320647372","64170,90919526371","67469,59305197753","107579,15738210265","104102,15906243905","104231,26433368713","7717,534772451233","78982,8522750399","93134,16556946117","137311,17248276868","120798,11094097083","119281,18285749244","177843,37603767816","102794,85661863515","17102,846290919533","14992,911548583377","31762,73311677659","113460,21468631856","123320,9698996464","112249,25401299316","125086,43498908846","55172,637034012645","64495,71894722265","64512,40366833929","36347,07976842079","40333,11822290964","39331,30446106167","7716,375886606375","98298,66452849007","100261,3726644534","98923,80355736187","99359,390881025","99376,71148983827","160361,1430536264","158542,08450890906","109600,37511382296","109600,37511382296","16720,77232908061","83393,76341121558","85025,7281987497","85625,32937785679","79884,48706429187","80706,49859190597","44320,790441039644","43422,89409037371","59396,871367638036","43037,54910806878","75271,47218332873","79354,14393182557","79354,14393182557","82307,36913742985","81926,19942695613","78360,27379359372","72215,21530389455","74942,64850493048","80186,02158942373","82289,98672388287","77339,76390699255","80566,81174740201","75709,36657055348","82802,90999258222","77280,16825146895","80369,79574228133","82772,41900161916","81756,13394036681","78752,41012728878","74517,83306359552","84488,06586607882","75531,56181421364","82198,21001192095","79145,73311817943","78226,13288492527","79452,12646114161","84059,40651622195","83060,0262506989","80577,52122144823","82509,61401304498","81932,12578987952","77745,85751596693","108764,90251878122","102554,38114688573","108053,36087584248","100712,82144556289","104030,9886737882","61070,297710812236","66909,52294656771","180792,79769747637","74295,27139494862","71257,69144601548","35449,59151564106","214810,28634621773","120277,3527213155","120791,47467219333","88387,81255527436","85752,74183859295","81144,51662377859","148344,90553061935","25444,537269796503","103143,01063877107","20749,41613461808","21078,02927833729","98198,21999093994","98686,36340043473","52912,88698710342","53150,582629118","53150,582629118","182894,3463140613","43074,01038077066","43520,16206289972","43520,16206289972","57976,52713391112","59058,26331221896","169422,88681579762","33583,84950052315","34134,47384332767","33727,56513548793","46149,29306280376","48311,590052592095","47802,44843013092","48515,4546045411","48075,63841869576","85013,05719382867","83823,25657499784","79379,41233689227","75657,62933028358","75845,03390069804","82617,33781605649","84474,76185352966","72466,95272773762","72333,09107417172","86529,07463435864","83861,28102517138","126998,52424591806","126929,11841829075","12537,766794410316","85605,03067572325","84798,19409448133","77946,21570610153","83812,63355745238","77518,3582830953","80679,82249229716","83879,8490003332","81965,10908827616","171514,56374199735","46851,59438401258","47724,939164991774","55362,90208858164","139684,24685516776","147999,38543004263","139684,24685516776","132355,53497635748","132519,82036589863","132189,51233175665","125364,36852662066","131513,57418085012","126390,2961677756","48976,19498655756","16060,454122439676","17013,74709069915","125950,66149732625","125979,39362966774","126656,70409008383","126922,38281999672","118741,17291404321","86741,54530870948","76460,68913597135","60488,0667977015","51113,55567039298","67409,5656613681","60256,57113851422","64855,06166206973","65312,91232135567","60034,13846234449","113166,71754850405","77408,45329137","77124,43404101727","101747,56073870193","100749,64463144446","49125,233981290905","49125,233981290905","145675,13302244688","121740,16536118383","121605,90954731285","120036,36313739356","112021,9366114338","113593,41530942431","196611,28665850716","196611,28665850716","179503,13441907775","173783,99386432258","24764,784409919368","101813,66677992286","105811,39929459686","105955,12190987027","26925,878180422376","30965,01610491387","91188,76734779958","99143,90617740863","88854,8470836917","95043,06603981683","102377,13900102187","89371,36487420094"
835114,"10664,487823112591","9313,47685930617","70560,82442207691","70466,29092923058","69544,12084808649","24409,238708786685","36404,36557982499","39006,95473785478","31753,217581191206","33054,33735834705","19950,464880536154","13560,706893865448","14311,920677052312","28790,4018857612","80103,0419076716","78636,58782900238","0,0","215964,70914543484","80445,50208780177","81498,1674117596","88579,65562796936","78041,94266193967","78816,00932309245","78161,7040205654","81026,18352288457","88223,69945017553","105728,61035941298","73501,85567160811","100009,39933560451","100100,01409477636","96566,02828581315","97139,54204830725","98850,37847860027","100264,99531105434","97440,69361644918","15456,227070955458","70276,48687799567","67542,91618398766","73366,03448116266","67542,91618398766","104066,30636873266","93084,5340217526","94600,34680128093","90764,5895603553","89263,19172425961","34367,48443687334","43667,30723505415","30387,557877383333","30754,17030525667","36973,53582487405","39226,21434899726","35049,14493825605","33393,06575331146","22012,492366002964","20942,19676029552","21018,4950326977","13419,610769123054","40622,40243148458","39629,31507805843","97728,64523655912","98826,83658349022","99005,91351363316","98335,67522042977","21142,18383380374","20494,597360817857","28408,084901647464","45781,31722242908","56287,13000817817","57187,208193886414","64653,72929162477","96502,5323187985","98147,16583050882","94865,67233669231","73362,83717447554","71291,00250260465","131469,0615287866","129881,30248852345","131407,6502833291","33665,76298561166","35276,33293351418","35276,33293351418","141388,6757016958","51342,926610443435","118954,54552529425","117140,8981044103","112584,91604478705","113902,7662344636","129056,33682102924","138156,40315045574","28981,282114859063","102208,85637632059","102072,00763565791","70922,60407601955","26268,479782415292","28115,135548987462","79883,70450693781","52822,84035549121","52406,212069558496","108415,4762152001","27312,150222802447","74848,40802414641","75438,2130215343","109562,81068250079","34840,30482424519","45136,5523618681","33787,79283315371","46704,16448001026","73503,01760385156","81497,22618762297","81682,81974678986","99238,61352921743","100868,70934358776","99117,45852020597","85629,4875855395","26735,742784256312","27474,041734569215","28097,110858166838","28032,037694781542","26968,077841321134","89830,41907421987","88148,94130831544","39258,925596943736","39258,925596943736","62551,39277937686","122474,0246772229","119075,33170269447","116868,09087906081","112884,14740980034","112234,54031310543","52756,1478938437","53515,26437990896","46874,938483518206","53830,99199501513","104435,41007353146","103154,61424396254","103154,61424396254","99831,34490590135","102934,22854717763","105013,60756023202","97792,42869364822","101949,66738220255","97003,4739992309","107064,78821409853","105575,66757456216","107630,05072016807","103669,25629141813","99908,13898055111","103580,68413999854","99297,92244351491","104707,65271486179","108620,25388163366","95707,99362268327","99658,00283499714","103671,31651970015","103210,98430118483","105764,40840904735","101685,66762039109","106851,60980745823","101129,0075950397","107260,02228543953","103935,37800961429","99822,52937220407","38867,24970748357","28044,96043548223","36994,830884230636","68137,45465550588","61987,94988184254","67625,59735592044","54510,02511988066","61157,27919113667","17600,80507515039","21297,46932220975","120593,44557643076","81831,38181992384","78508,4065083415","75415,63548730387","229166,29585796868","43103,74632006772","43617,73185816204","51106,36544506519","50031,22227033558","40488,79433431512","82667,51185052781","104016,51614773646","69788,13240379654","73191,96655695622","70779,13762412043","64671,99082071997","65809,93453771759","73930,88902535223","74476,82821088146","74476,82821088146","118791,53289598154","118111,52326663473","118152,72368069256","118152,72368069256","64077,95824072063","64283,368602021284","128511,35602372195","103821,71784956074","104546,58412368668","104299,21980616318","61046,87817097807","65242,79946567621","60842,38019213969","65062,73416830111","63311,92616656589","98539,17489008386","97722,86340577116","92767,17776572004","95804,07935746126","95378,61766853806","92996,38375189326","98462,29480518006","93693,30694565359","90221,46021016128","94001,59657263936","96405,59701384041","68514,48728553012","69376,97793098849","90848,17832616117","116312,14935331325","111816,54873228337","107458,5719388088","108558,3451306877","107364,12180267769","108842,06480144993","112952,72125236242","112125,62054509168","112313,97456656463","90976,60708873374","91013,0266385867","89911,96685478781","108406,7904068401","115411,80366446046","108406,7904068401","113460,26396915066","113313,40059868123","112231,26646805406","49933,75096176504","58766,616992849005","53910,22047748835","42079,734277472555","64163,53025440996","61792,236504717934","93511,57740715257","93004,2862170545","93690,68917987043","79977,22932255088","70602,10331167943","18191,8095890064","12473,389953563148","94258,6476501654","86486,43866915567","95964,87440450175","92853,90090639253","95185,67849707125","95230,68604262853","86555,80969767341","38106,347111887444","112710,63122346142","111425,74457729115","34096,51913719275","33076,321696513885","117313,86331653145","117313,86331653145","77512,56458889655","70128,00173064534","70982,87001863435","68729,38522369946","79730,84183950689","81545,05941359849","130804,22288701891","130804,22288701891","114871,4037923791","106572,24807041926","92010,00982539132","50093,77085697232","55446,146801366835","56185,45556348047","53184,98448876153","73615,94673956216","40373,89765142378","50683,966985271916","75109,99723126195","68131,27540406106","81244,85996722661","74287,90943799276"
737041,"218126,90060584235","218820,6871037166","160767,14437596686","158955,93871518868","159792,62973061658","194597,0915386332","188357,11525035655","187217,1676472308","243001,2934329409","235744,05748975452","216559,3709587898","212737,18011081833","209264,22023600046","198650,8733654028","195399,54819181256","197667,3941248434","215964,70914543484","0,0","136747,21406238823","135980,41806938325","276779,75130395376","269988,43887697527","272268,14912897866","271422,22058480134","273435,5299706052","283208,00363713363","177423,4893277808","186524,9564691708","268349,41227175965","263975,0495545142","266540,6363681275","267802,73989363306","269730,7579028434","269940,57370325626","267729,6110971252","204359,86763402118","210210,32154749392","209951,93567950273","223485,22414612715","209951,93567950273","172324,27094888894","232287,47643940532","242128,38205451038","234571,6524227952","235012,09395261694","181738,26134344726","174453,55423081008","187778,60611738736","186037,839516398","179044,83764208108","176845,05653405585","180989,40831605496","182947,96261715106","230465,262914387","230040,8339340084","228683,0479882911","220993,3627251764","228182,46189836127","227765,4405931977","225985,83756033398","226266,4585691947","225108,29015149054","227350,6215581354","232510,78075977985","231735,71620588124","207023,4467579782","243272,62356260646","256203,41478679396","256866,94017516272","164700,1202713417","194062,8369900097","193218,45880613461","194921,21751717184","235274,95655489253","234895,70127045744","257187,75459046074","257588,00820209587","256665,85151440438","212213,36306443115","216131,9981925576","216131,9981925576","197196,29091009346","186203,57883594753","277641,65215980564","268437,4687540134","256146,87881529078","271817,70739466586","249338,12917151942","243162,73240325638","227701,512117386","113980,71164264607","114147,17548667407","197939,36987440824","238485,36286751594","244073,67294682527","180841,69143847702","200774,097381151","198552,1364303972","219306,88956467353","213757,57972832385","214128,3003478254","212174,4959031245","207161,4754615017","231153,56319549444","244126,3373991204","228093,4078365419","243603,43528763222","249205,39522618375","259541,8529520456","259606,65361273655","230704,16909983355","234981,28836315937","234524,6187849315","194076,86065977163","241632,22562570678","241621,49308900864","243138,43021998424","242872,237856824","241415,13356229823","216139,76375350807","215090,77746412004","204429,7075006405","204429,7075006405","195012,75852488625","280037,0565499857","282384,8140490471","283201,8595598091","277453,90906891046","278335,4600376448","229811,12306076477","229438,44547333787","239536,3072857016","229269,45703159372","272905,1601480632","276718,8859340443","276718,8859340443","278941,5014225889","279066,6851356798","275923,90582679916","269516,05563129584","272457,0277773795","276569,6095788664","279810,860753","274964,2020097482","278184,6477988739","273297,7724213849","279390,1827881263","274799,0480655561","277138,67046644475","280052,60304792353","279380,1918339032","275072,45107673545","271857,5544898409","281486,436886885","273101,5757109485","279622,34176457115","276367,5746013851","275872,32716521836","276579,7178579778","281499,39974925003","280226,69996975275","277407,7005443249","249707,13619436024","241243,39806358796","245854,12289377715","281409,5545087692","274736,2690709686","280791,4409455449","268506,2520522816","274641,71456012374","208551,53015826928","195612,4649484336","193693,05106938686","136532,16456866913","140207,87788122534","165029,49742250185","18926,756064149304","224083,28740737194","224281,0062472646","167710,66826596862","167891,5741773164","176684,695781864","199700,51163268037","200240,75890723523","280341,79260588426","179112,800387224","180090,55258703878","156658,55083691826","155535,04851771955","152732,80743302772","152244,36357042968","152244,36357042968","205102,40840415875","220398,41324675106","221575,05677097203","221575,05677097203","157050,71587317582","156389,0258327296","146188,21753230703","223198,51979802374","223338,39544595432","222919,88561877538","236307,40591620258","240168,4945997943","237676,17566286947","240268,71897219436","239100,5589210156","281029,0388399397","279843,31709910335","274966,06117049156","272370,6357774889","272463,4475456215","277709,706913261","280554,9373196331","269171,1875870779","268381,4083793079","281150,59063837864","279581,98759179906","183150,53922508622","181484,97256130262","200552,77789091546","283209,81518409867","282452,70282025065","275608,47260405717","281360,86390012375","275182,9233655522","278333,1036219608","281544,53789876524","279622,0837516133","188722,6176746176","244501,1344328147","245383,98865584092","252856,7432008427","132340,55510180275","132094,05505770538","132340,55510180275","114714,49213083852","115123,62650993945","116539,51258652763","219584,89862338812","213583,56628523488","211600,66683857082","182217,66267652364","192639,31314469592","197029,92588706544","139887,215331243","140730,67422907567","140417,4131219076","163229,5019185565","167301,91282561515","203399,77952788153","203666,25830542293","258082,06537431432","248489,00096839402","264829,8571143052","257770,11861695666","262341,21185562","262780,3992263929","256772,11219803727","247892,7975282154","274860,8616125035","274663,75362388545","249594,07453881847","248635,96024879802","235234,1705725208","235234,1705725208","205235,2678064408","285952,0125254863","286722,77286969044","284496,89360702113","146689,42054774062","145475,89622046895","215580,00839888336","215580,00839888336","205443,14015095474","210927,30514255769","219854,98469052365","177981,40504551455","174698,93490686346","173827,3728783865","193407,96804040894","227293,52629965538","254409,3691019558","265029,9101540997","275475,1007959577","275351,3315417916","286778,02662721125","275399,62609355804"
836092,"84398,60139982446","84752,28815994714","52732,71597500564","50064,03036638398","50175,23581080763","57981,48776536824","51936,202033915004","51092,73720874472","109902,56412750328","105223,80497998191","79833,55506481664","76066,83736223578","72612,48456443106","69547,02327994385","94922,40440088983","95827,45401041469","80445,50208780177","136747,21406238823","0,0","1536,8764227756499","155201,0039687062","146262,43942268527","147995,67830351237","147187,83607343415","149705,92156135652","158785,46750341056","77522,77506587852","64310,28285463368","155641,0550867878","153038,47032081394","152851,78479992048","153898,78288629715","155901,14912771762","156723,54918982298","154001,95834691924","71019,93159217126","84651,77458629517","83351,06494778396","97249,84470027959","83351,06494778396","72339,64852120918","129268,54611452286","136533,19486718846","129553,39089829822","129058,61517312533","47527,06735252704","44351,889118024556","55603,31516341681","49837,19173963183","43746,650943642155","41417,89071268436","46597,20465277338","49181,43940059327","93726,88904744282","93317,57515496486","91942,34250401758","84354,1188754612","101970,91695125887","101273,09158750159","109420,57138168163","110144,59390126583","109366,55392537024","110723,20443731095","98969,70169875122","98199,06156640059","70703,04113758926","115265,69886421655","128184,0745740779","128984,76653129591","51693,48498435256","84291,09604745197","84628,68990255534","83993,13693219925","121272,50573510655","120020,88239333671","165830,79830291058","165157,9842847004","165498,76793650154","85617,52864534785","89814,35094111238","89814,35094111238","115854,66026807907","53472,977522677276","170717,80093033268","164456,10207829066","154773,62189300603","164732,7227531219","159950,92263504115","161806,15103656257","91201,90981664977","23263,438024586878","23034,026306755124","91298,65703909169","104875,24032061819","108419,1764110488","62607,024653356995","69418,3864992545","67039,26097242974","109868,4656562617","77398,4917103802","106533,17592524947","105362,05232970725","122367,37770906193","94986,13806221135","108187,62407742869","91973,00492711023","107919,49074832657","130910,78092315214","141316,82575669495","141443,98519678117","131600,3003937741","135279,29818735225","134020,8841550258","97464,06824124209","105258,60707612683","105107,29378419704","106786,13923812048","106472,71790029072","104951,51550754493","98156,65424350125","96534,8307728936","69609,89828797043","69609,89828797043","83655,46023458937","173919,14686224706","173482,2944104977","172811,6887365884","167481,64790700434","167660,3782740262","108011,98450214349","108043,05523951032","112984,15606052984","108046,0896198334","160558,80038958343","162171,56126857002","162171,56126857002","161847,8539120776","163437,73559681373","162625,59988730232","155253,47707997763","159058,3345726406","159082,3238423397","165914,10051768136","162341,93614191635","165251,56472273095","160409,56827166287","162147,77047393267","161252,4432630585","160529,59980144876","164885,58944737347","166441,3418652551","157570,37244917723","157572,1941724215","165207,27241753208","160065,77151050666","165158,46422266727","161242,04755003756","163512,5242027389","161093,9894730287","166988,414276237","164605,9727893832","160943,25693751677","116974,06571826932","107318,55797200605","113775,03180499184","147957,24915030628","141527,58898832303","147397,6800103853","134526,72590293363","141012,12178732286","76518,36351638076","61648,172447809564","99455,9876955509","26753,8303077654","27858,962765761644","63027,32892071979","149095,89741016694","89477,88435995414","89754,35002806038","30981,51050123177","31172,242875341028","40231,36794078837","81168,10129641481","114110,86151336161","148373,07424122372","75807,64580455786","74947,78376336228","21693,303081962422","20775,53354231208","45095,813510547276","45091,037434708895","45091,037434708895","105954,65475961112","136180,04317140608","136931,26301311972","136931,26301311972","37855,409714271846","36773,69232293509","75420,05154052128","129321,89755164244","129838,76586856214","129421,0041492849","116392,25307494905","120998,26667512557","117295,50506385442","120989,59430654832","119390,87934629538","162440,61063995142","161354,51382054342","156099,91787159207","156003,3373408891","155853,72331327427","157836,83887549464","162127,17791682947","153056,37782079467","150916,16701194082","160333,27925848204","160567,38126768128","58167,11548277199","56912,09437891439","105773,52963684297","172531,90820371066","169818,03290707822","163662,38018906448","167555,42330845763","163365,76107487007","165945,27555705863","169871,65112741906","168347,47914758444","90451,59668128018","136207,34692346863","136799,61580012104","141062,85481804874","44337,63134322854","52595,949284245224","44337,63134322854","37739,169250488434","37801,18116149032","37211,70662839738","86694,28569388764","83580,20553303343","80264,51818200544","56078,57760867837","82444,22188083708","85055,64695880002","32254,566900003258","32553,855602732918","33114,16109223206","44522,09266376538","41754,51447065587","66725,67841303123","67976,34592479005","146504,41319469165","136564,53975663925","151513,67104123207","145616,81415554354","149603,18481796407","149895,8634814931","141933,02417721652","111156,41689879383","165890,01649080578","165118,43577825473","113341,73638173133","112420,38469800616","144787,14436285512","144787,14436285512","83412,59746962444","150492,1033615088","151386,5755871067","149125,07071815163","22257,18729566255","22910,05948849474","120145,98802757755","120145,98802757755","103790,57428656697","102846,55422162816","120243,0773030241","43325,90498893738","41547,388948311665","40810,012238007876","76536,68821204582","115685,17687456842","120288,05804456554","130813,93433516166","148216,48723019598","144922,0367687478","157445,99763989047","147796,6986400751"
836068,"85576,92450155519","85910,52936074302","54233,67789817001","51562,92896398617","51680,185385826095","58872,478070047495","52547,49966396882","51631,53853376865","111085,331398548","106508,61340659736","80579,12585922706","76924,05261201985","73479,52202775089","70924,03896638018","96449,79070097067","97358,72421199012","81498,1674117596","135980,41806938325","1536,8764227756499","0,0","156620,84151744941","147658,1496634676","149381,793862022","148575,08277238495","151099,3491187978","160162,51160444552","76519,77165869958","63878,72110171379","157139,54087962297","154547,49983428678","154345,498950531","155390,6344248299","157392,58058163407","158218,50814649224","155494,9036365791","72239,29445294313","84465,62669680578","83208,91999492799","97133,65992685981","83208,91999492799","71303,21816646373","130804,94720375372","138065,29708979873","131087,8100342014","130591,68011043203","48747,208433668384","45766,213210608985","56910,66304900663","50841,243468658395","44886,07956027356","42550,28836056281","47807,15774491881","50425,71704627916","94532,86440204496","94138,5971437626","92745,30828675762","85220,74360658831","103363,14956156851","102660,80166999734","108985,67967404805","109698,49715368163","108906,69043994954","110294,14985687184","100141,26451909906","99371,64752299183","71304,15414683588","116606,95587751984","129513,59525241963","130316,73326310882","53221,65275752338","83560,54851190021","83868,93776544019","83292,35423427817","122780,36016136092","121524,35767606665","167363,7420984838","166692,18587311354","167031,38751400876","87023,31013370526","91219,56791941807","91219,56791941807","114726,89865695797","53600,125420788514","172237,68433400022","165985,72208716514","156308,8912212485","166253,6723496744","161479,2469167921","163312,841271684","91856,11438388428","22799,273579166485","22553,54960086427","92835,25196092109","106037,4676252278","109435,71093040307","62005,02367246711","69499,47195874863","67123,25361290119","109238,06140075035","78012,48291680795","108068,45109731107","106898,2877328798","123858,01597434362","95571,64148042479","108743,65373127944","92548,69364322026","108440,8413033433","132381,40855632923","142781,5190181084","142909,1792485587","133136,54648099255","136816,05668476268","135557,75269692027","98980,5990911534","106182,7728534655","106002,44081519384","107713,48835038788","107391,52935118163","105858,05920756725","97729,28913704517","96120,57229978222","69987,91721954377","69987,91721954377","85191,00533015703","175440,89907229712","174993,65957834636","174316,28944256986","168990,08413326566","169165,31304573145","109464,16594671877","109499,94022162145","114358,27406906924","109504,93022080298","162057,3620973425","163655,31369801707","163655,31369801707","163311,608537261","164912,87114852894","164117,5421244132","156742,32565750965","160551,1506897858","160543,9488093568","167400,74147816846","163838,15789471666","166744,72099433324","161904,9807458842","163610,06197831067","162743,37351363673","161998,16694946255","166363,60842005766","167933,98434676445","159032,63567168987","159059,83036467255","166676,36882158444","161560,4253320493","166641,4998562166","162722,02265053242","165009,8278463931","162571,31464417264","168470,32708609113","166080,6385784597","162412,834269393","118167,07734034889","108461,67100820168","114997,4729949926","149097,075920226","142682,36845795187","148540,57757745322","135647,35008694336","142147,14468210825","77788,13576696011","62849,7606630465","98462,02019265093","28007,450828806563","29214,658183376836","64514,00442312331","148198,4880857344","89863,85898984187","90133,04812315937","31733,03516313562","32032,911325341924","41197,23079559207","80688,64066504785","115598,48037135327","149574,51298586783","77327,57824892133","76473,7995028105","21883,016224086074","20916,16669061701","46559,34434034373","46548,79164874128","46548,79164874128","105080,19518024569","137680,9068987477","138434,4171448148","138434,4171448148","39388,22740126263","38306,54882051821","73995,26702109813","130849,90468874694","131366,10925037772","130948,17735084255","117857,9077095839","122467,69649130756","118755,5806480962","122457,98086524742","120856,23818932335","163890,07660730433","162805,52247205802","157549,93706801103","157476,14146104775","157324,60254132285","159275,30306882993","163578,3919056622","154532,69612714674","152382,2700578494","161759,5575401939","162013,50556580033","57822,377943575135","56538,14787624469","107290,57894119699","174035,13672154775","171311,2257321093","165161,99908627575","169041,99682241768","164866,21547805314","167441,4575673902","171370,4641759719","169849,03762829","89489,97236870565","137732,8854822424","138324,05099926778","142572,57551693064","42856,01135080148","51106,022274312076","42856,01135080148","36238,62103899657","36296,31400228514","35696,84233422995","86930,09990241333","83618,44102627058","80376,55536461883","57545,59920354979","83980,95448314691","86589,8177245614","30920,63124073712","31239,40634464761","31788,40103248122","43762,6781220711","41294,48114943782","67585,66235715075","69025,5317799046","148012,89896836484","138075,60020440613","153010,31593845162","147122,70794400384","151104,1059681049","151395,808184789","143424,4604418116","111912,64935658105","167403,45451774186","166629,62594963892","114282,79029974996","113367,41590136141","146313,02349112774","146313,02349112774","83064,74427059785","151506,3165317841","152410,65800690575","150147,14128922764","21359,51017382928","21916,30185203769","119252,63388540556","119252,63388540556","102958,51667511833","102156,81518498913","121778,24102143693","43611,927122279645","41652,60882744947","40896,87383933254","78060,12461076038","117207,20911726885","121409,97307768889","131923,5600636113","149547,9385440227","146176,50579503347","158723,29468913155","149121,07760174642"
834028,"79043,34264981127","79809,94954322018","116160,13283508866","118124,7755391025","117336,53622450712","110824,88924639669","123817,14412829334","126561,90543439976","59996,59181875187","55557,54926773445","105646,7178627982","101442,90838552205","102830,35426213384","85965,2241727741","85653,33338060578","83051,41682813731","88579,65562796936","276779,75130395376","155201,0039687062","156620,84151744941","0,0","10736,339790987802","10925,739094032802","11276,059174833403","8550,062731607532","11196,421202031674","194308,19908706378","162046,13531578533","26331,346369904622","31318,156247852716","24108,39626005016","23324,19195198156","23274,843267928904","24888,323504365548","23787,53899471269","88676,3188087119","156174,74749430513","153510,09318198837","155897,01038467645","153510,09318198837","192587,01962733286","58162,77074638635","49385,26279710622","54131,75725091694","52587,372386592804","110104,26445908213","110855,29153823204","100783,37779929394","113224,23874917712","115142,95208475372","117353,10664900295","111163,93761938282","108092,70329527443","96861,12096433152","95979,77192767937","97668,80407445079","96781,41645219621","53541,44885285457","54332,6131351644","180649,27309852306","181734,39323638612","182200,65659551046","180948,5864795644","68312,2365253264","68794,88583413968","116404,37103515385","42968,324621135995","32948,30562405567","32065,777571863364","112691,22471029889","184475,63032996806","186180,07998756008","182774,1191954606","43504,281772782444","43241,69799157526","74930,1207890977","72741,86142872549","75258,9816493674","69642,96052723531","65457,08391377615","65457,08391377615","229397,309757133","139751,94798642883","42724,36369818637","48174,05285150472","53774,59894274163","40980,81693900343","78216,16308925553","93008,25485601944","107594,93124912931","171641,7334877023","171646,9088500136","80482,17485804274","64961,26455861946","75281,80851735525","168459,69707951247","140706,55527337734","140561,33553440924","193210,45496953905","113583,22593063423","66019,9478507698","68155,67496198123","92968,80468918872","111423,29405744838","112691,38989160502","112492,07556473241","115296,02889549758","28038,407388219275","18771,860241235914","18790,858776328718","64540,67960148544","61880,97672438911","60815,408276586866","89084,42417783414","84197,89520630537","86592,33276927817","83428,08661092762","84234,93232827948","85724,22348086961","174693,71478709718","173191,57956768395","127119,93872737758","127119,93872737758","81956,83160021083","45582,49682440342","39155,80163171492","35496,44856401124","34622,25530224612","32969,843120605656","47799,47189875611","47981,3702972341","43301,39673829209","48077,79770929972","27311,471258545473","21719,22438021037","21719,22438021037","14809,06332036574","19199,896990195397","25110,951438047377","22146,941417158385","24401,162617889517","12997,111848029876","24457,491453229664","26824,48470076678","26680,797595265485","25867,59571747156","14520,82172598353","24221,003118763347","15760,351285079609","20887,91888241545","27027,165929785067","12775,725022300532","21947,52370962422","18232,330971207597","25443,44040914343","22768,93625511513","19975,137519911234","27720,808284637","18966,65698807129","23339,616910396224","19631,850578367383","16254,798135904119","54712,7572209241","64991,26530357031","53924,46510648489","52385,01186874194","50505,87420281915","51928,787481918574","56102,508045153445","53278,50128075481","81913,8840621807","97625,5643315275","208637,96102390598","143225,0130336776","139551,03371473122","111952,58458665466","292934,38614532334","124506,53291105598","124936,95607334017","132703,14335726475","130706,33468722922","121717,80309260573","170157,53441093213","94424,52022310307","43178,28850791285","98538,49213802986","97243,35109881434","146384,76380969211","147365,8693408879","124522,23696380857","124977,30740845636","124977,30740845636","205866,18043793607","89739,67403240458","88855,83815604851","88855,83815604851","122629,02129324822","123511,42317315754","215634,91350090152","75085,02397072922","75555,21502507983","75717,62709853967","40533,628639531904","36617,53375156685","39238,18565563348","36513,18170920383","37694,047767395154","11247,474258367878","10951,417488600353","8644,59226779565","16118,218737100337","15425,00651223959","5821,190987732218","11473,090668205286","17329,14414503709","14201,172519766407","5428,227701157802","9244,729715919857","157078,43232377214","157908,6539591547","86020,79807318404","34720,14380335876","29024,92903129349","28810,02751271792","25291,47943704798","29081,920863671265","28250,380541455015","31323,8007955183","31731,8069521297","200607,67720953983","43820,84036726059","42885,44745204358","33470,26288433034","192181,91570766113","199898,79332994897","192181,91570766113","192442,18005848143","192428,79009979113","191629,2821820809","133298,5699803249","143954,65955180535","139684,05659547905","99461,30517011414","84423,58406846217","79914,05383362","177008,34088126922","176669,35047338667","177388,58222117118","167212,58548872697","157748,2381670365","106535,64683052535","97748,85406469599","31506,649303337148","35770,244802265195","25421,958554908593","30441,07346587452","27487,327344311037","27015,77541823364","25847,550833680798","96690,38342348005","36663,159138905954","35104,54494618182","80286,99544888633","80004,78584190583","77058,43145123761","77058,43145123761","164277,44254118443","69728,86116011378","68593,38814559087","68513,19277125876","162300,51176432776","164151,40046678943","216921,39651926004","216921,39651926004","201850,06149958583","192701,86133972523","69368,63825600094","137003,39040159583","142355,41750896198","142982,785265868","83622,63326838291","52149,765875142846","60339,39306598035","58257,91098842143","21030,550353400373","35106,16727018662","30942,852716058565","22453,28624382655"
835138,"68655,57167398665","69366,54022590756","109222,71647156207","111050,89938699361","110226,92738303883","100557,47667591285","113499,72659812389","116233,12315040195","49260,8195234128","45089,62523079547","94942,93299784344","90816,38470351494","92260,29865643296","76778,6261033665","81708,6520078479","79074,67086873161","78041,94266193967","269988,43887697527","146262,43942268527","147658,1496634676","10736,339790987802","0,0","2774,1101479005342","2122,5970616766344","3482,218461560923","13235,175104453168","183754,9178953844","151459,6236298388","32854,71568332508","36828,52980505621","29907,12064084245","29513,403502820376","30108,627075912143","31836,309330866126","29981,52713036681","78699,20344668333","145440,0790067816","142776,29347873593","145187,46951077355","142776,29347873593","182094,41068281492","58393,23928951998","50825,20262815466","54261,25913960258","52536,089336238016","100559,69906060063","101931,03500182692","91374,69106094066","103264,8196951281","105508,65641465652","107751,09047060636","101612,07633423146","98579,91046814033","86134,41465190372","85249,69505153861","86935,77299943639","86071,28809892491","44298,33270325813","45018,573849015105","169948,6442717385","171034,67230297354","171495,1305889228","170254,9682249361","57643,75122057732","58138,44373639995","105759,19959558008","32655,16900767706","22215,79738702481","21331,587743967208","105415,00144499098","173791,93580233114","175500,76832184018","172086,13738142763","40334,646885728696","39566,20950227874","80389,8312035219","78231,81267312769","80658,85270916512","60666,645457299346","56470,12665672477","56470,12665672477","218708,18593775845","129291,2626937139","51063,903635466915","55035,093763192985","58661,13144816344","48424,95198575371","82764,7494539593","97103,44102397314","96870,03756414552","163352,21208832038","163343,18492957263","75631,03782095284","54230,31846073642","64641,297195164545","157923,02882242357","130033,13842228772","129909,97963956856","182481,81167751685","102876,80979142954","62425,31912621897","64551,681439926506","92567,92946364691","100729,72661980343","102199,83010257824","101776,40158179522","104797,0370275606","24464,678913627267","18601,612817123798","18726,42942173461","65324,91917608532","63261,93322695934","61970,04711753323","85639,4638693699","73558,9057800773","75964,94487449108","72815,69362066417","73621,12968197791","75088,66849131293","163961,01906162043","162457,35532171643","116454,7153877074","116454,7153877074","76008,08053068914","54175,90959677212","48267,788090614464","44860,83986568514","43144,55454049594","41691,059319679","40194,84326800701","40550,247879828596","33551,912773800555","40720,04270254111","35066,98791567754","30508,35792614523","30508,35792614523","24506,83736568983","28647,044473594426","33606,042717626275","28864,709657849377","32053,60712669079","22144,08522380243","33779,1371761941","35062,785733371085","35595,25372101177","33729,58790446782","24346,666576967895","32475,128675637057","24925,059029641274","30443,302978025033","36152,48125434794","21403,563445872103","29416,34945614097","28224,747834088656","33259,89327350207","32138,437012677954","28742,757715950003","36134,42214665568","27828,737305235063","33022,87090878173","29295,42925124103","25466,331738981473","44035,50150651567","54257,39023463686","43188,4470879534","44666,74969369366","41855,97444586582","44131,8782122388","46673,59303270568","44571,29807529339","72018,63193590866","87783,09548992313","197955,0214332087","135401,00894796723","131703,09112278736","105768,84648539971","285849,00732687267","113782,93896878952","114214,64378684989","122973,5793922067","121040,71880425412","111930,89832215842","159450,60400821656","93076,61783700422","35686,06546732365","92965,3282641506","91480,62668197157","136728,29519046083","137729,72709539096","117344,22653521712","117819,12563640367","117819,12563640367","195139,35240511628","90993,02102254139","90215,63677654859","90215,63677654859","114682,68204107658","115525,64159534185","205472,69004334862","75592,0649960645","76136,46488303148","76240,03900621802","34124,424932178576","30984,678194564163","32623,916051037617","30814,003155709575","31602,752171992583","21683,076026841667","21175,955535483867","17362,885676691378","23676,118233437744","23005,194540168566","15991,4000549827","21801,40637800962","23586,718155440518","19561,668200338554","16069,122714099696","19569,327800507817","146556,16724249235","147407,4979461029","83522,63546522804","44118,02375568925","38569,38975923513","37141,80151071578","34846,862218863374","37319,511458470784","37133,950529296286","40625,65337191206","40711,30232302617","189953,69680431433","44987,114271025865","44157,53330465831","35468,62219884879","182458,65225361384","190100,93335281115","182458,65225361384","183272,26778090405","183244,05990195283","182410,3799117485","122565,63062017644","133218,54438952447","128951,71198801634","90918,39254728581","78563,34008439635","73950,57410569182","167281,69563986317","166922,28323591396","167639,58451028357","156990,3236759293","147527,24312255916","96063,0879612716","87453,49998014062","35141,89603162902","36494,05393274386","30721,9012425215","33783,42592772651","32110,317181967315","31742,011698223494","27543,84402134327","86256,32133609189","44691,475625172796","43125,20983692199","69832,9236309743","69517,91667603726","79674,41683155757","79674,41683155757","153551,39887009087","61965,236256176184","60963,20959845763","60622,390758795504","152629,39697248986","154483,26028903865","206185,0752065262","206185,0752065262","191121,75047577062","181965,76630779402","68403,25531746137","126776,67056085698","132140,25858080716","132782,89282269147","76582,50971291527","48870,58514273941","49907,27342425301","48512,09953212485","13595,002881595972","26902,78909011604","26471,079077911403","14863,714567521252"
835115,"69616,75620403944","70267,21383795669","111515,20286248396","113315,15627800752","112484,40703874624","101599,24965408932","114489,4597974562","117211,02139892288","49474,36195308368","46010,52882304426","95376,5262297554","91439,52534691473","92976,15631063897","78465,79061320385","84395,64958472145","81760,87320352122","78816,00932309245","272268,14912897866","147995,67830351237","149381,793862022","10925,739094032802","2774,1101479005342","0,0","846,0307213900899","2390,6063318727065","10983,0924515179","184462,37291329293","152125,21639504272","34746,56032992935","38939,91708015345","31918,98778497696","31446,814604302494","31912,756921602457","33628,719043932324","31918,10067494817","79977,04190949048","145684,25535791134","143032,74889498355","145178,2383877362","143032,74889498355","182880,47650763296","61127,36929800103","53481,31041354226","56996,61122695012","55277,40592382008","102060,08992426016","103694,67306919112","92947,92630737598","104531,06042293708","106959,93389891091","109217,33023503772","103108,0262596079","100097,46070121403","86221,83341355862","85361,6293966855","87074,32912212668","86486,90629618213","46036,22355071331","46722,89916444688","169905,35563419395","170988,33531704076","171468,29318433677","170189,76178019313","58212,128112600476","58734,200815524004","106337,53722775563","33794,04279825294","22642,227603600597","21743,21172029975","107640,66497917364","174262,06885423878","175981,98470710596","172544,95878419478","43091,826881782115","42305,482164533954","82611,4400615001","80445,97957430173","82890,93078562598","62464,87682015131","58273,93874019021","58273,93874019021","219157,5425970592","130129,13104582713","52571,081923497186","56941,672025685926","60946,06332445491","50175,77878091049","85131,5199045945","99542,44377749374","96942,13873585682","165294,65451682973","165281,4185285748","78246,30895653303","54563,52554518762","64467,82688011182","158658,6746391085","130539,40286590075","130465,98683341121","182562,2094633843","103297,24221462883","65145,89639861457","67270,27584680101","95333,22421522818","100674,79796267512","101782,4171129707","101800,63475262966","104388,90304045194","27231,244337340744","21239,894846833176","21357,836002348202","68037,30024262125","65936,7934614757","64658,41040386195","88355,92768534635","73378,55105500949","75760,61728652638","72584,22371201786","73391,97357852782","74900,77939752689","164077,2463334818","162591,51969833692","116985,09824282744","116985,09824282744","78492,43880944898","55607,54792080855","49500,73825383114","45983,994076045165","44572,861431164914","43049,03660031377","42457,86218964873","42849,82183355862","35093,54724915405","43034,3620877219","36684,0024659391","31792,915476974875","31792,915476974875","25406,2949767677","29679,139160067978","35003,416852144626","30683,037996520547","33678,591465662634","23232,83463202654","34887,07525021629","36545,552586378835","36863,74414616581","35310,45642512041","25187,188483688118","33938,46562162402","26037,50445506979","31439,227905492735","37346,3525439662","22647,139489411915","31067,007160539277","29001,364817058973","34850,039370141756","33219,95865340344","30022,238781018197","37569,904013084706","29070,119340167188","33971,73429896635","30238,16490794584","26566,720372309846","43965,658225713174","54430,3767606727","43420,282148098304","42743,77001128887","40246,713550505265","42231,22084528098","45431,97813552997","42990,893928385085","73357,36276597966","89134,51480104167","198423,53166011014","137481,82467302534","133779,48007931875","108195,07153588113","288068,3615882115","113842,74643185604","114267,4101819772","124363,31816197741","122465,79426396359","113295,14699518502","159852,64489552312","95850,63109690993","33669,62035935362","95486,2101530885","93977,4917097358","138150,44024487745","139161,9955230079","119583,38378775101","120062,16258276503","120062,16258276503","195445,6926608337","93692,36246230704","92908,27168105627","92908,27168105627","116742,65034860074","117574,6184424094","206561,62365428018","78323,54538776654","78864,83224759794","78971,1127119189","36632,82711655801","33603,917113148316","35108,56979477427","33426,906859443305","34166,031202112325","22157,608364375403","21789,4564599509","18496,380809230675","25241,477118821902","24555,22286365737","16583,56031847135","22353,045914930488","25437,787115894447","21506,677369821235","15927,634380683296","20112,925485965345","147313,8121859451","148191,48370998644","86279,80276284216","45225,26717429892","39598,82560351966","38606,88901744399","35860,2263422699","38813,534120690856","38419,6668840899","41764,6866964955","41975,233483001735","190490,95652881937","47652,82533474009","46814,13395121674","38040,068540171575","183830,23806420702","191429,38921161715","183830,23806420702","184903,2295086633","184868,93385812346","184021,2610959853","122691,55276924043","133433,19584043074","129227,12952403986","92823,46490529877","81057,51606771233","76435,03259275647","168655,5241244413","168285,05430147526","169001,08399550128","158043,7472633927","148584,68136467927","96904,60347041933","88481,38098488846","37529,46775809496","39170,565084312526","32829,93647068489","36200,82269983232","34339,30186253894","33952,290620397784","30102,426130741285","85770,88634336938","46274,328362276654","44705,07348297088","69372,5085420421","69098,26905864089","82264,54637598911","82264,54637598911","153868,6874087896","60087,23917312619","59044,92379696267","58781,05976278797","154037,6174550863","155892,39894569095","206365,71278794605","206365,71278794605","191418,87739306997","182173,3555789752","71174,25894347439","127837,58077353449","133208,15719968997","133862,65192674298","78883,04327951152","51616,391342455834","49424,13520724209","47456,64406030807","11356,95315138376","25069,65647088588","23846,006075784182","12698,234392570885"
835165,"68925,1986904114","69587,17909526915","110669,17665954398","112469,31399074777","111638,64585351954","100895,12491506389","113795,48756403745","116519,36663570435","48938,28426669171","45322,63137090778","94796,1764411053","90817,46295017548","92334,82587885867","77661,85075125365","83598,72363099296","80963,67844917893","78161,7040205654","271422,22058480134","147187,83607343415","148575,08277238495","11276,059174833403","2122,5970616766344","846,0307213900899","0,0","2887,45474031605","11824,70924641344","183825,94368489887","151496,84762158582","34594,909688257576","38697,84959087049","31717,022763078665","31276,881624856636","31794,2258714318","33515,614201836746","31747,124504476735","79231,07776835692","145150,16923352404","142495,66098433518","144706,38299253903","142495,66098433518","182227,90009763974","60513,38516335055","52941,665797868955","56381,16684596175","54654,38166640717","101281,38948044383","102882,7117781467","92158,92286818569","103788,21482543003","106188,45315275229","108443,7372811134","102329,98767131701","99316,28871569768","85722,39027558813","84856,06909586061","86562,42350899572","85909,89678899718","45224,27828458427","45914,759790654556","169442,90621385875","170526,69326130318","171001,68313594972","169732,9411424959","57597,86805475325","58114,19090686831","105726,00613794145","33063,44240587984","22041,374325752353","21144,40150239287","106795,46288052763","173676,63139417916","175394,11069726275","171962,0160911942","42343,56786086065","41539,5762503974","82324,3972584998","80162,33550186393","82598,93080630178","61647,814889392095","57456,06204752295","57456,06204752295","218577,53188450483","129464,92931514452","52570,41258608267","56789,854512700265","60627,08043874979","50084,232060245675","84772,51347052152","99144,82537155424","96447,40549377324","164465,78819324388","164452,91271251897","77427,66471188072","54000,77307358586","64032,058054561654","158015,8977176734","129944,69855134505","129860,38278673052","182068,8900258935","102720,38815681948","64365,92694973867","66489,07137137056","94669,65262019607","100212,36399141433","101417,08640329333","101318,2036242185","104021,16811860545","26499,48288189447","20711,920732931303","20834,863886227773","67447,4641332597","65381,84196798118","64091,60250121905","87572,99248099778","72945,99384015422","75334,72146969738","72165,12376401963","72972,36885696434","74470,4173478569","163574,6358398587","162084,47011227068","116384,5247154704","116384,5247154704","77654,14787127296","55634,344739362656","49594,042036065526","46112,37631659653","44597,876264129605","43097,898012167294","41611,87251463719","42003,85975875606","34303,19395611179","42188,53727611281","36638,33692561438","31861,017286190374","31861,017286190374","25592,342536878095","29827,99294338368","35035,07449049315","30558,303149768486","33628,500177805974","23356,683010385266","35015,35844359243","36548,159921916405","36940,28029287076","35277,31559202513","25391,027980985265","33946,53676346363","26157,18157934351","31600,92401177013","37447,95237975564","22719,847954898265","31005,937548274","29228,557843195813","34813,29390739902","33355,696066892386","30090,73696732631","37589,62671170785","29150,550324082782","34149,966837725064","30415,573276740186","26690,840808142748","43497,665945937006","53905,27774280034","42877,91858983018","42882,46838490616","40258,31992166971","42360,314700174706","45312,505638843926","42992,46521385389","72601,2813584765","88377,40893353164","197838,9116419763","136642,7653448099","132940,6637308928","107352,33254991479","287223,51006935065","113352,16917593642","113778,61133506613","123601,52752176058","121698,61503633614","112536,98071309963","159282,23055512496","95143,9030599604","33846,24391933608","94651,54161745678","93140,2264302421","137384,03822779603","138394,09816844686","118737,92828072143","119216,63663641084","119216,63663641084","194898,14545180395","93115,4344400849","92337,64895344201","92337,64895344201","115904,7287630588","116737,40323818343","205851,41117443706","77712,64846919665","78257,5895143988","78360,69659129421","35798,2807532151","32788,39393389775","34271,61622618668","32609,920169018882","33339,28642868251","22464,81929721567","22056,110107252865","18597,673935793606","25206,73851569156","24525,24463823492","16845,144424862832","22638,51827443072","25296,602082352845","21324,539773755983","16387,111327792776","20396,82928760616","146666,24680474694","147538,59346760847","85529,89650293751","45358,55051383467","39754,78589201965","38616,696242677026","36019,336429928044","38813,197306246024","38491,18155686516","41886,30759984597","42055,618888190125","189890,97520508882","47105,29753002433","46273,95101018218","37560,21666061891","183072,23892423505","190678,2728990286","183072,23892423505","184108,2507052579","184074,74035881917","183228,88211339794","122185,09992588278","132905,71527655332","128685,04737497856","91997,09946446099","80220,12410703998","75596,77782400217","167896,9883940399","167528,23521464804","168244,4734056723","157339,24244764628","147879,2465868596","96238,21039994468","87779,06175447264","37155,60297608074","38613,83616324109","32587,307586822473","35810,92494943298","34042,6981890629","33664,234072194784","29629,85244280986","85423,32523297594","46244,66619307227","44676,0282551658","69015,79083703135","68730,06198042558","81773,93458668068","81773,93458668068","153317,64059897474","60210,24003016531","59184,67413568511","58888,72800803535","153273,59162255644","155128,26248444422","205848,27597925998","205848,27597925998","190873,41578858654","181648,96918422496","70494,54434981526","127130,97783927438","132500,44371914424","133152,8171384282","78037,02230300475","50855,45102063701","49069,470468394","47275,55979052272","11620,703445879639","25162,52830532652","24357,615970062343","12927,230893588112"
835166,"71756,7353594522","72430,89379488236","112668,52965247381","114505,01571958311","113682,89353230133","103709,4812634941","116622,4859770193","119349,05147677907","51818,55235477783","48160,269514154155","97683,63084018006","93697,92260654182","95206,82029344545","80207,58363894718","84786,15151066422","82154,77836976653","81026,18352288457","273435,5299706052","149705,92156135652","151099,3491187978","8550,062731607532","3482,218461560923","2390,6063318727065","2887,45474031605","0,0","9840,141002642938","186699,82360740454","154374,53212642076","32926,84581832046","37298,501997181615","30204,781726407644","29668,631677760535","30036,097330212593","31739,39773224525","30141,026440719957","81972,748367001","148030,44121293726","145376,8230720089","147556,31958064358","145376,8230720089","185092,36463407442","60549,603316362205","52636,54823283741","56428,70500502454","54741,92110497324","103929,90739217403","105380,29522875632","94770,06683700837","106535,07828908738","108860,29740274667","111108,7313537264","104980,69211584084","101956,30639903947","88588,15248278288","87724,84422799459","89434,12485778936","88797,312710489","47736,31239437872","48447,93981563563","172286,5095591946","173369,72960477215","173848,1701716766","172572,5117536927","60481,115641073506","60995,77223570844","108609,52576462677","35844,60373814612","24928,083487023312","24031,34153071905","108878,72967156924","176563,93618236965","178281,2751297414","174849,4166965103","43181,72374657539","42507,20639223799","81038,6109228518","78866,19212427916","81329,34902225027","64120,822321105996","59925,01613838168","59925,01613838168","221464,98212599047","132321,2501679778","50485,72882984594","55101,068076480435","59458,724907311975","48232,38836725728","83731,21093296661","98238,62920055774","99310,77949815124","166830,35497715953","166820,96409887963","78841,96790531737","56886,96863858635","66854,83127485534","160886,52265248186","132831,27026038713","132745,18683580388","184931,78590960868","105607,80868130722","65417,2544276928","67549,00027173142","94944,77830186982","103055,74319860915","104171,10239327024","104174,61451068429","106777,86572820184","27271,35407607487","20450,001235201285","20549,968728533102","67360,20569533439","65133,78984722226","63898,757696919594","88635,97053891799","75766,16893422535","78149,22370374556","74973,60679065436","75781,30841872713","77288,74999533845","166442,30717997366","164954,268384038","119270,29674003235","119270,29674003235","79357,66973045364","53483,46276452539","47297,23778637839","43743,917902549336","42456,1127223837","40901,86241207463","43655,58538222092","44001,16706338823","36925,24860560962","44166,35856528966","34676,90193499388","29629,786907123435","29629,786907123435","23122,124969057822","27426,76753165593","32884,650291164624","28820,0268827485","31682,1225919958","21014,122590187293","32652,201756454888","34465,82369083995","34686,0386280543","33285,29417659494","22887,742740010875","31853,53476595894","23819,626236397777","29173,032334701104","35139,0539674939","20491,1488190859","29092,19348553478","26681,04677101649","32831,00595807208","30978,38404057513","27860,474723927295","35465,18432985066","26894,61652437461","31688,850363479898","27958,12993712858","24343,297746663535","46344,159358110184","56781,94536694392","45759,859410908575","44676,197963814746","42366,64192316965","44179,796461997306","47692,46863143188","45121,863629123196","75319,5381722174","91091,45890762373","200726,24723111687","138882,33710610893","135184,6116321997","109154,60330898297","289311,9550595409","116213,36068821805","116638,80412311362","126300,87842694482","124382,63822541868","115246,65709998294","162169,39762473444","95668,29652966594","35547,59194777643","96281,7565047012","94818,01528299174","140069,66000290765","141075,2414117936","120804,55048763804","121278,5059132485","121278,5059132485","197782,05122914512","92953,7059744628","92146,87235099373","92146,87235099373","118164,72139182709","119007,82725833611","208655,20202576328","77721,3587472581","78247,96582172434","78366,67322233458","37470,85932999617","34216,32431490312","35989,587794610205","34054,62439192701","34901,340784982734","19792,069805130493","19446,37657147706","16314,231468360778","23235,20599629783","22542,994096866027","14248,880872255742","19998,498958562952","23618,558385048917","19784,47796483162","13542,28586716977","17760,634285831118","149534,1299473668","150403,05615777636","86341,03095573334","42980,46287341293","37333,90463457944","36515,13221369353","33593,99160005809","36736,0311450795","36247,00882509911","39533,267683779195","39789,8567300149","192776,73190367606","46842,941539404936","45979,98005931096","37023,819216432144","185780,04275436478","193403,4464099852","185780,04275436478","186688,93997545633","186658,9054454549","185820,9343337683","125054,50342770293","135783,7888572323","131567,54435381657","94391,7795458032","81904,7894571933","77300,45194042007","170603,7014488148","170239,48863640145","170956,2535798818","160151,8098814875","150690,6665353208","99093,28809540479","90596,35661653086","36208,715830540576","38408,30102634622","31200,838859228465","34926,0402211102","32830,69640259499","32424,28433623279","29085,57430812837","88156,88278531989","44234,58995416941","42665,431130651436","71760,22292355848","71487,45860462093","81237,61591529471","81237,61591529471","156202,23258574744","62035,232280658995","60965,63441076396","60754,23773403766","155965,5468483748","157819,8449596805","208722,69149807483","208722,69149807483","193756,8432280688","184526,03848504048","70872,07898732487","129941,15818866256","135308,9234018367","135958,19760678662","80027,69293565163","51772,05439231251","51811,83911922674","49766,90435077495","13174,874543852706","27096,06182618075","24967,69111566045","14563,00551937141"
834027,"79409,989675882","79948,69293568593","122445,5057228613","124262,07515705194","123434,7672302506","111460,13046995617","124236,02466805783","126931,67669693216","57854,35623510897","55854,1861556832","103981,44785623245","100489,91446610354","102220,91657650514","89238,92243484696","94420,15780901561","91793,01758628173","88223,69945017553","283208,00363713363","158785,46750341056","160162,51160444552","11196,421202031674","13235,175104453168","10983,0924515179","11824,70924641344","9840,141002642938","0,0","193556,36835511203","161155,71644188053","37331,42107242646","42453,6198488732","35252,841041871776","34422,90350707364","34240,96754537586","35797,21438539769","34880,77428468257","90258,68509487553","153691,75586604173","151077,31593220175","152486,238715956","151077,31593220175","192148,33776325593","68798,59043377168","60300,94619033476","64720,9385377522","63112,09000730929","112616,96860098661","114521,521249912","103596,38497979814","114761,36448841133","117451,07614591872","119726,22128444265","113658,68156638296","110676,57681907459","93989,33929047546","93198,88745062507","94973,4063562518","95081,77327586657","56881,88524649458","57542,901152448336","177070,28293856006","178142,63432764413","178679,0789531177","177289,59579943804","67300,90614580175","67876,49839753586","115247,49983205878","44064,14242514263","32026,352823415295","31134,761438003854","118604,63049651145","182807,7286061033","184553,07745860095","181064,56676384184","52589,60804635515","52030,74562890891","85937,77729395579","83747,17478643543","86278,65055368807","73336,43705873883","69152,08657270597","69152,08657270597","227613,38571651815","139557,12730152308","52652,29517858833","58864,61048827777","64915,27950142533","51479,02649958625","89363,2445140574","104184,9818393101","104618,87433054831","176231,09317529146","176215,7682034794","88610,48724064628","63166,11946004522","71671,9608719814","167837,59441402715","139231,95132780718","139275,76027889698","190066,50215309486","111845,96742595277","74963,54082792025","77099,70107859187","103483,50145967369","107981,75203464451","107985,6450182062","109326,04360879428","110609,47750032193","36709,91661239729","28789,34795963356","28849,94430047278","75350,05348959226","72822,00232400908","71704,31997377283","98169,38737743681","80483,12158253633","82776,92791689468","79546,43001146484","80354,28400463359","81971,57060669242","171707,57351531863","170273,87270107568","125760,63551934491","125760,63551934491","89197,36105658044","55265,9765361279","48439,008288587735","44563,90211784552","44544,31077550996","42764,12055942494","53400,51156542034","53771,40179184124","45806,529401397456","53945,942051626815","37864,15754681546","31795,313351996818","31795,313351996818","24393,336762498515","28779,81964930065","35286,29619010972","33158,931366780336","35064,683563883875","23271,783987215505","33924,85824910193","37121,616352346005","36475,19362119382","36399,177011959255","23960,640952505506","34578,93618014013","25828,694918706133","30245,264081193745","36608,775216318274","23401,744695172187","32741,295098312043","27110,24941796683","36007,378927071935","32255,036831419042","30139,65767607169","37879,82014573674","29105,295321376467","32400,604120964414","28920,024653504115","26250,477806256353","51729,534972028865","62654,90162022444","51926,77755919855","43609,44467885819","42792,33169602551","43238,439698470625","49379,355573721834","45566,41654119825","83737,08804957477","99507,9626278751","206942,74229920516","148462,45173209568","144759,59480867675","118991,07397734046","299036,4158985708","121424,96220518263","121828,76444715698","134758,94985145034","132911,56839763068","123662,51909804788","168245,89393256253","104583,06451740429","34443,143993459664","106113,42432146003","104655,70499692901","148583,5560487482","149608,54720966084","130542,32671505169","131019,45119882622","131019,45119882622","203553,16063052847","100700,24486876788","99836,68725267233","99836,68725267233","127720,59870416531","128550,49119997471","216423,58645040065","85845,55435666732","86336,58261183806","86483,57306740439","47310,84354821565","44017,064493119564","45828,976984908295","43860,452384996526","44732,21736603346","19888,13219863585","20133,44199282668","19510,94748311721","27037,586240944183","26359,157066248517","15970,405387696284","20359,177194130312","28482,764482865965","25386,866806988863","12663,038925406494","18481,836131349468","156552,44800244865","157485,53085914458","95628,49698405899","43764,68628783068","38046,09123877477","38997,64717700274","34440,069321409144","39324,98456522322","38024,29406975941","40578,18822706503","41320,02787833158","199184,75758109326","54648,26863606506","53733,28950537712","44416,561880385045","194172,6528850828","201703,955628061","194172,6528850828","195583,15615933467","195542,10636232467","194678,82356695543","130430,36170489302","141385,77545688668","137348,18530894618","103748,25451977023","91743,41438010795","87140,18434694786","179006,51463119168","178619,81915546095","179333,68173196664","167865,84098315763","158421,1896976611","106396,48101533433","98341,70811419976","42671,895393269","46423,42462333808","36602,09934716366","41575,50012964662","38683,74602562488","38211,94009295468","36644,55339994847","91848,00985205661","46894,75517713437","45366,046292156825","75667,40238623881","75523,65919406674","88209,19866628342","88209,19866628342","162054,2514930326","60726,43606773273","59484,791101648625","59642,41643857408","164444,05319636225","166299,37327204816","214124,35625924444","214124,35625924444","199506,00342969218","190030,89805636439","79628,13864644982","137699,06074538818","143076,97749702338","143752,24355270536","89806,9729384821","61226,04730972591","55924,12330483578","52067,506285470314","14352,01234910942","27498,56507436651","20609,999457142552","15621,315191044128"
836070,"115488,44133954731","114597,03427766539","124035,8039562423","121680,4744180748","121425,41103176969","84822,76853457004","71806,6303676761","69038,92622962812","135849,94069300639","138768,98282232223","89950,22210222179","93074,09499261688","91496,15519682007","116409,97060292683","160894,2318859841","160932,97275267835","105728,61035941298","177423,4893277808","77522,77506587852","76519,77165869958","194308,19908706378","183754,9178953844","184462,37291329293","183825,94368489887","186699,82360740454","193556,36835511203","0,0","32421,982861717515","204120,72526668684","203381,09353550785","200782,94333366514","201498,20630325723","203321,3584032132","204609,7521226919","201752,72561603016","108108,99500739072","47499,131205915946","49143,44050599969","57693,625819709865","49143,44050599969","5631,643206501729","188501,66590517058","193083,02554435542","187446,27101781036","186384,78320969892","93141,52931185097","100365,80270525104","102255,24139052557","85582,57179380447","87910,86697649844","86556,3318507844","92191,82357927332","95154,69323514785","101985,02205544719","102485,53043516164","100598,58832129881","98767,70182592829","144040,46894509837","143076,35219766074","50262,61136060346","50302,19760669827","49049,4856320486","51553,24085023836","126303,5742950814","125756,35806419245","78349,6814403809","151455,63626971774","161852,34670086202","162753,48914012275","120740,5006055897","18633,727096647857","17192,507996761116","20142,832481517475","173504,23053194734","171676,95146309462","227556,8511589643","226399,683293497","227349,7618934532","131337,57136272846","134786,89230995823","134786,89230995823","39718,779035704","54923,848426666795","222299,60739311937","218837,50900323995","211932,9873857404","216821,26281316983","223168,89767871963","228299,47528688025","92520,49185333952","91233,66224145108","90884,70405655296","154492,3254908356","130449,93094890042","124520,65768262843","25881,023709538218","55041,659642282946","54616,903432992236","41895,94869040075","82323,10361352644","166282,3854929777","165839,90417821138","191287,51020130562","91529,36444471097","99197,62065774281","89075,37723399383","97195,46558938928","177382,13329784301","186275,60942877943","186451,6630508357","192866,6390134018","195738,82475225342","194167,55726144134","164870,74157051748","116795,57395518216","115066,97285983746","118146,54692756315","117426,81389722296","115580,17925350746","42503,0040485013","42121,70394509329","68071,81775668987","68071,81775668987","145358,48990835267","225787,78041845898","223219,10999833356","221380,02364128083","216968,9810604272","216534,93512364978","154694,62397821015","155199,6616937319","152081,55364100303","155403,89598889402","208775,20708740555","208155,65682909338","208155,65682909338","205299,30983423546","208208,84745138726","209736,08524673904","202346,38379464357","206495,96594501944","202452,42327502277","212087,38913990255","210103,15161720372","212397,2815685978","208154,98649824868","205405,3139601141","208292,87903706302","204647,98508641607","209947,9915111533","213447,7526175712","201112,86915602346","204358,0612683084","209110,66725340206","207717,15339925126","210876,02309656361","206773,04905793382","211375,55796226562","206286,16135072574","212452,00009572","209248,75215144892","205161,22126831734","142405,99931213225","131236,76475133921","141674,91753519455","165645,85119784228","160984,6230934177","165357,6820761565","152621,6040851414","159209,27996243406","114978,57515591834","100847,00566515523","21948,609602928133","103800,79007498147","104139,57944645552","134486,9432722835","182716,04680005848","78144,74248907121","77949,2953076821","72559,90899754605","75197,33599220583","80412,18680344094","31134,241994063366","183484,08895213378","170265,99953433365","143980,45273771358","142373,41088866745","64456,19522737288","64316,52807864851","118539,66579256751","118718,34022479634","118718,34022479634","30048,365545958863","203873,5681036463","204386,68983001946","204386,68983001946","107811,68952159805","106873,38322802904","35801,46731251459","193611,18231848508","194247,95615875613","193880,49856864783","163604,17665930046","168193,94630048558","163812,1850031387","168067,69151372937","166279,94072901332","204192,65156187266","203350,27229083749","198330,55443337775","200929,99678267562","200550,03885335944","198685,1833497873","204096,83917791236","198614,7621127203","195355,84009042193","199729,6967464052","202067,09074669317","37302,69151257026","36616,44529463097","172752,30660102854","220883,61457037844","216729,4774555093","211876,95142253875","213630,1102702054","211727,9147682377","213507,9634598611","217640,067982603","216630,3757552669","13273,764287402413","190847,84635367978","191138,5454107737","192228,64185175626","47491,02033158659","45637,88927748107","47491,02033158659","67840,15208496989","67343,99120573339","66074,52320364612","69248,82760711345","58102,43777412793","60188,00166166295","112406,54796208002","145217,6327509149","146000,52616692634","48404,00768776678","47730,52777321285","47491,02033158673","34770,28102602875","42223,42420596954","87885,52114205758","97384,37329376386","197128,4430293967","188246,59068468682","199956,95340065984","195860,80611327145","198812,5408341985","198936,494670871","190235,6450731992","112057,280166851","216372,71475172087","215217,34061072356","124053,76458352104","123666,40428506592","208980,79897613084","208980,79897613084","38778,92677331165","159716,7207890235","161125,99330332925","159011,34182593162","55334,555302603","54614,48263925226","43558,569901146155","43558,569901146155","29120,355512246097","33514,280692015076","182740,12370208357","60418,38637798831","55725,593877229374","55434,302092285536","135718,6720873857","170882,59929684844","140590,47408373046","148717,19029394106","179961,14351465358","171016,42626974767","184039,30212392786","179003,95216479857"
836071,"83448,12804448085","82485,24215198454","101302,19739276862","99269,16547730778","98825,85922986854","53703,01072471193","41088,14941893185","38422,3950725918","103429,18818998327","106555,63465566743","57557,19811376494","60696,66908377799","59219,550950763565","86422,04279148551","134136,28991210225","133851,0293406997","73501,85567160811","186524,9564691708","64310,28285463368","63878,72110171379","162046,13531578533","151459,6236298388","152125,21639504272","151496,84762158582","154374,53212642076","161155,71644188053","32421,982861717515","0,0","172571,50158168262","172076,06574377615","169195,10113717947","169867,0499362969","171656,8480370505","172987,91738098257","170136,75150046285","76943,39756901946","23725,096015691463","23755,225182929036","36966,85241624259","23755,225182929036","31596,326621942935","159055,46529260307","162957,67449211865","157696,89636376238","156523,5417904962","64806,42805801739","73902,47184492441","73189,36677848225","56009,25528981773","59965,35179249394","59093,65531888703","63976,533698216306","66658,18085322856","69891,73009156744","70337,36602286364","68447,07774674876","66356,22061539328","112457,33312971905","111480,8817275428","45110,77090844078","45836,2923802746","45072,60167405009","46416,178680282675","93934,72988049993","93397,43830651575","45929,5558418646","119278,60330912884","129500,19339459472","130401,09102620799","97071,51766331603","25125,55360837827","26394,996108469397","23932,72924806882","142842,44690607555","140945,83535892662","198264,8208043174","196989,14627720197","198094,0634768795","100545,38558027383","103781,31425580705","103781,31425580705","68691,45287863503","23866,804539735913","191018,55853142284","188021,01332725905","181710,81457583024","185654,21777763352","194351,96850257556","200533,79218290938","60814,57244862268","84182,19431422828","83857,91198522282","126941,28181440142","98033,34908239971","92280,02716036557","7654,97704767384","23040,008693683423","22342,876946345925","46906,38235563976","49995,84190987744","137393,59687819262","137159,7520160247","165074,50227412017","60453,05657640743","69605,45307835944","57790,101838364804","67910,40265650534","145838,92186569568","154485,97552064783","154665,40947813058","163884,35287180674","166495,23365931993","164865,6467760696","138577,0301845985","84739,85496200953","83106,55597415759","86127,29473255931","85427,45820009799","83573,96519539777","33850,687427881894","32247,755526567085","35698,028150467944","35698,028150467944","117638,95946912642","194523,0580961649","191689,47143499803","189724,75443165313","185449,30761289204","184944,7973332773","123493,02931116457","124054,84939400981","120100,11334754192","124283,84548673077","177161,239305079","176312,17401774882","176312,17401774882","173255,8187362665","176255,9674695906","177994,95007106385","170653,3074099819","174811,01827753265","170417,3868249086","180238,87824853853","178429,1581427437","180643,1806072399","176492,36770815152","173346,8034303021","176553,7231420174","172660,175094622","178010,6780414735","181673,05545076635","169098,3530255931","172618,52122789266","177082,77645815292","176047,17137388993","178991,90317004596","174895,44040839197","179704,3587023346","174380,70647129798","180536,36674542693","177279,5408254528","173178,74763698666","109987,78449271215","98815,99901628007","109261,3432218007","133702,00404025428","128875,43132342928","133390,04041590422","120534,63064430085","127171,9705644232","83710,8702275037","70426,3394871168","48075,6392007604","87228,5743355333","86492,58465353536","111280,464927861","194741,27680283049","47759,054836000825","47656,29158995952","47732,29410547542","50228,24088679816","52825,664045763326","16998,008724325064","157637,07585928417","138071,97464659598","118704,20420750658","116837,47165810113","44947,060318821095","45367,11467505297","97463,80334162463","97757,24007930956","97757,24007930956","49044,23458698079","176907,40543596228","177313,57165301993","177313,57165301993","85619,95683731177","84842,91986755577","61239,245124560526","165536,24976376552","166202,63486414502","165858,19403181117","132329,0658807826","136851,32021371718","132443,22786407074","136711,5604642196","134923,9260495456","172036,9178982931","171213,78589752514","166233,7498767798","169032,90031428187","168634,80403623858","166498,23870858172","171955,35423857527","166791,49959157076","163450,95185052932","167462,00267456903","169904,79331683938","7062,926892887492","7733,210061667852","146082,90287091775","189207,19972666886","184926,24715030042","180241,61776835323","181763,65984854402","180110,34872109673","181790,6848168997","185919,62552978075","184972,08578497852","39265,68440010533","160372,70462495278","160603,48143216112","161149,91797996286","55410,2548461422","58499,4502330475","55410,2548461422","71826,57923316535","71410,71911084568","69994,16677811967","39621,28564227501","29827,938920424393","30243,032978455867","84877,50619255519","117842,69220089306","118028,57739684035","46785,81644417119","45935,55034658199","46195,34288493277","23452,36388670263","22594,378397658875","55883,85557337757","65767,8444741558","165920,06568352802","157292,59996589177","168436,25207456222","164611,0442655071","167396,93038938337","167498,28155903885","158783,3676703014","81102,75656782172","184983,9382801547","183786,71301048592","92192,52850595377","91750,75689575713","180644,2093250167","180644,2093250167","19581,952495041332","128600,19903799657","129961,91926816387","127799,08007008812","44135,22168395914","44562,11761396568","62836,41196467055","62836,41196467055","45681,33486939252","41101,74019046404","154288,0470591163","32161,04093352551","28899,782326863453","29019,29776237028","107637,77320213406","140826,7869656103","108289,2791574691","116608,29730700773","147540,57513326782","138651,6847867808","151697,3616027865","146582,1019148459"
734059,"89545,55964346757","90722,92559826953","110396,20822393724","112721,73806086143","112072,26943498678","119306,95849432328","132363,19027258066","135139,15247970208","76368,28689343543","68110,76801405312","118962,04855759986","113518,68273809816","114174,99434168436","89624,09043869919","73146,04374963141","70784,62252764638","100009,39933560451","268349,41227175965","155641,0550867878","157139,54087962297","26331,346369904622","32854,71568332508","34746,56032992935","34594,909688257576","32926,84581832046","37331,42107242646","204120,72526668684","172571,50158168262","0,0","5784,807099985483","3495,6122088804614","3387,809514686561","3110,4442259785483","1919,335186274227","2941,7332732976042","96062,18438077054","169999,67837630952","167275,98567776455","171498,29241750794","167275,98567776455","201749,30026183304","38705,01390019543","28565,69760224552","35349,607449531446","34400,68227841742","114398,07804519762","112328,00012177798","104755,88837447096","119644,2649979891","119732,40357869201","121715,17349108814","115459,97450386174","112297,12832101213","112674,83198236178","111660,62538536338","113142,81368787852","110459,69671024829","60118,60754751905","61092,63962208694","196291,13685431986","197390,02975744373","197718,66587738635","196738,87375280078","82147,88832339035","82428,91158713917","128413,25017561082","55769,47933866331","50758,63548514273","50061,052259456745","108119,655159314","196310,45007229986","197911,84361246802","194713,56458568704","34602,033822784244","35678,253542562736","48613,21131330489","46423,47527379197","48949,83176635575","73526,54830141235","69747,45951296217","69747,45951296217","241057,4721135391","149219,75048571013","19467,065762409766","22196,00493929862","27776,359970162124","15747,071930413702","52185,5297518985","67150,018387726","123285,64480850776","169214,6610984029","169273,30233823587","70599,9220274362","80400,87337598913","93139,72308677022","178325,438598431","152793,24651465198","152269,90833066512","207900,59820444844","126805,18899739305","54240,31244133387","56176,830297090324","72670,2569623627","127850,45635666807","131262,66526519242","128402,60543789665","133787,09727404633","26742,15390063906","19007,0522561599","18809,246589878392","43487,2171318877","39962,718248176774","39368,77873845628","75193,49010794124","101874,89701825407","104351,28803272375","101403,90565727488","102180,84026439117","103409,78590127295","189262,50351758595","187644,69425204204","139261,08952765443","139261,08952765443","74947,1803159869","22917,65665174456","19118,55181161189","17447,269153084144","12887,945722846822","12442,42024178262","49745,50936794784","49373,67875247943","53360,38312355969","49234,063613713326","4917,9130649785","9095,133000479014","9095,133000479014","15001,611399225536","12422,93030002761","7577,021872437146","4184,459841443459","4253,443737112889","14666,524961694453","11522,672885196225","6780,641240577855","9911,56117849966","4968,902583164283","15588,113600726085","6540,692656881648","12907,904652193762","12642,900741316278","11122,859945815222","14112,293195551307","5073,816395578229","15287,416952316811","4752,175677480734","11623,126742185372","9593,181129814093","7890,137108238312","10344,531442701666","13414,928637009023","13340,629168749254","12759,515790729833","72791,16761657433","81333,32109718843","70559,68122249944","77477,00818235237","74660,45815804046","76954,97245442493","79022,50097656515","77352,71512020951","89167,6053629591","103894,94547559551","220284,67932585307","139628,61338174963","136120,51918216344","104090,48564545791","285319,78250820236","140001,82163330822","140472,56316246756","137349,23670884132","135057,5715038758","126933,67482720184","182660,62397832438","75822,48306081358","68415,89017811642","89526,27631828061","88814,54304284877","150368,36712861","151224,90027573728","119250,7425827968","119629,33953188249","119629,33953188249","218798,74058732344","66889,89459284945","65876,3031398275","65876,3031398275","119987,83204879802","120983,68749197475","221844,68981689488","53913,94623639702","54235,20281826241","54490,40982047616","40789,56925216724","36105,03417982325","40411,088725089365","36204,22754006716","37978,90385519558","19555,985298018142","18688,9185989438","17820,669158870038","10303,550250033524","10975,065800333283","21480,248204558276","18917,586283333778","9311,911106512922","13294,445142827522","25431,60698183224","19880,073669697427","166919,0365919363","167517,82660270392","70158,70191545085","17057,496282235465","14384,802037082676","8039,795871509797","13028,189935599128","7782,174679773628","10358,897059930488","14231,63263919615","12795,474318179506","211765,7618597692","24530,28317669987","23565,61492835533","15513,036367727538","195886,17805180541","203942,93062880324","195886,17805180541","193378,1582598117","193432,8868696944","192800,24346311967","148229,62863967597","158133,01345951308","153486,3008457835","99854,02491279012","76996,05643689224","73094,12844689302","180906,38774485138","180684,33613087062","181405,31095152535","174333,63321021502","164985,36748124275","116794,12667723886","106823,54615719021","10305,203703459305","19969,52055310103","4209,452550509516","10600,056142474077","6138,159084438852","5782,5134163839075","14026,680029117153","115822,56334012325","12963,347608129006","11546,691839321518","99532,70473150253","99047,16174332272","52723,62935719089","52723,62935719089","177479,91525319158","94802,56152214379","93779,3332852525","93471,43172890822","166098,76959795505","167906,42767375516","230734,02749121352","230734,02749121352","214880,79634903528","206469,57090717775","51332,872945723335","144613,49009273067","149788,21757585756","150296,3584394797","79730,63316299744","41553,20073433763","80125,72920454293","80468,90918079599","46069,14642970511","59744,90302969184","57210,34340177401","47433,19672165629"
735218,"89529,93849320275","90787,64986219964","106805,68765991718","109185,25023085267","108565,21887057039","118579,40206712788","131574,60821396945","134343,47618568552","77890,51180927723","68882,21408285668","119355,79126137457","113653,4026450215","114134,40622549091","88100,26943307748","68607,03146950339","66309,77270728657","100100,01409477636","263975,0495545142","153038,47032081394","154547,49983428678","31318,156247852716","36828,52980505621","38939,91708015345","38697,84959087049","37298,501997181615","42453,6198488732","203381,09353550785","172076,06574377615","5784,807099985483","0,0","7211,060635996403","8063,758920278009","8726,35691308134","7695,29812590604","7621,9234884303305","95278,08548641573","170302,26830788513","167572,06375280517","172245,053480288","167572,06375280517","200866,17181531904","33357,3736596058","23146,036172006527","30179,45459729837","29370,442387739757","112789,91134591216","110143,8428490594","103152,12830570218","118459,06244347338","118152,04714140054","120074,19204718426","113845,02877180948","110684,71298141454","113720,42583151336","112679,50414862875","114100,5828236202","110996,41534246353","59747,67672213204","60736,20133153635","196989,48964791876","198089,70182841478","198381,9205359384","197474,97051128166","82991,66048827666","83221,88576400439","128441,86375926231","56892,01679591675","53133,20692161841","52497,34927811644","104766,26147355676","196061,7193793917","197634,9406747402","194493,47109111716","31771,280794512008","33113,54157247513","43764,855571982676","41586,663090052054","44068,381384222885","72277,3641256822","68655,86676949024","68655,86676949024","240684,89333101278","148562,2064945147","18943,0557998008","18769,075864747203","22461,75022750891","13858,665821919489","46909,750946622575","61771,70931114091","124238,68547823708","166017,9310616708","166086,4480377327","66565,62554734817","81646,31673326423","94847,67602974334","177660,9922164861","152731,15133137078","152120,0845612757","208331,08946581924","127131,57996714622","50078,534461072784","51941,64318151921","67029,04286736042","128967,96067005131","132933,34565632345","129385,3191734221","135425,6235371189","26634,571745610145","20901,355992302022","20704,588736734375","37868,80334270612","34270,65991836713","33729,719557855606","70403,26080861186","103467,6890308577","105947,9419983694","103077,56908315855","103841,19314864777","104993,90474000172","189701,16657105493","188057,92391821273","139267,64988560826","139267,64988560826","71414,06828332356","22451,611205002126","20488,949201594944","19915,38646265383","14446,564781301056","14782,370406487045","48690,46040029886","48209,86129081973","53957,89365065174","48023,09772039514","9147,032651831487","14723,791235923429","14723,791235923429","20765,459228421885","18154,406296831727","12610,965256684734","9550,703425643493","9800,293031332158","20274,910132921057","16619,06189048321","11238,331937770705","14452,120746299848","9913,957483002272","21352,75932956474","11885,265676638972","18657,403920257635","18238,21359618633","15598,09285650045","19585,049106859824","10842,894454722702","21021,82766203286","9889,114894033773","17010,53986252149","15353,991310928506","11988,789676863773","16125,763556898914","18693,809603924867","19025,895809157628","18527,572409872497","74777,30737302612","82784,28342943036","72231,09131120698","81467,57937800606","78313,05348231854","80920,59999053228","82243,78463060161","80959,91108440548","88429,38134237244","102793,1471652316","219942,84604013048","136306,2628106923","132842,87715954697","100153,10479541612","281061,29213833064","140827,15191985574","141306,19048994227","135684,76700943048","133341,6328667018","125444,46508785045","182605,35060105502","70350,84975190414","72514,5952274525","85476,51063075717","84876,42999838338","148508,12984260105","149335,24806123183","115704,78539750629","116067,41867620626","116067,41867620626","218770,34718737024","61107,237581789595","60092,278283054904","60092,278283054904","116935,39937450188","117947,87199917673","220268,18411604184","48240,232621937794","48547,43649986762","48810,00765767835","39779,2793883641","35224,94159862572","39633,8515908425","35364,84950200352","37152,26823932291","25263,24833236759","24357,815525642163","23032,52397199901","15661,957569795513","16291,054801501416","26808,766866181315","24622,628738535022","13990,72971320444","17532,44305582529","30882,730507537624","25471,44532006142","166282,9923821746","166826,87383619318","65088,57198285329","19735,4266357814","18508,888473371462","11640,591124159679","17966,492338708253","11208,749507001916","14401,285394807093","17626,04768716474","15792,764856076055","211323,9341224184","19585,09754184052","18661,65729155102","11980,46763618706","193832,78298658563","201942,59259189817","193832,78298658563","190770,43782768468","190838,50934714754","190240,3162411604","148880,10700548984","158560,3053463696","153836,7359074455","97543,94520684383","73357,57707144895","69621,7356126956","178929,90632450723","178732,81422191946","179452,23422944406","173064,5855516944","163770,96745861662","116485,22589800834","106318,80126330646","6540,311993902092","16505,243085906033","6110,706417366841","7587,998869268781","5249,540448829524","5423,0772924788","13617,521957858191","117717,86058159485","13099,740840229413","12141,357983769727","101555,59906552939","101018,86624962055","46975,551628011395","46975,551628011395","177608,33904015372","98718,60023717914","97749,31166283319","97341,27130499804","164144,49547876927","165937,4867930535","230903,5787934744","230903,5787934744","214883,57147731702","206670,56915878528","46072,68001262817","143558,35617724922","148672,30850943335","149152,12563346216","76758,24534057548","37978,527385458474","82456,26577074724","83465,95389042607","50295,32259977238","63682,01425455624","61959,53862494094","51621,80035258282"
835167,"86116,64184869333","87284,4217668495","108113,40291498162","110406,07604787157","109740,44102154914","115979,60666112414","129044,3889686836","131821,13254969555","72882,45591968748","64622,946166713955","115489,37748433278","110068,55094249091","110743,69172767487","86497,20365611484","71577,03074827773","69166,65109552085","96566,02828581315","266540,6363681275","152851,78479992048","154345,498950531","24108,39626005016","29907,12064084245","31918,98778497696","31717,022763078665","30204,781726407644","35252,841041871776","200782,94333366514","169195,10113717947","3495,6122088804614","7211,060635996403","0,0","1308,1230742679475","3197,8000344737857","3909,739577037561","1195,1986175816796","92753,60329063868","166530,36098422686","163807,28836501593","168006,14490704975","163807,28836501593","198438,9839758056","38147,65391662221","28209,702332998408","34581,0646873847","33477,946225952044","111281,28829522584","109397,3337875253","101642,49875625235","116414,48441312092","116605,46108638286","118604,79087263711","112344,66616993799","109182,50581108191","109179,21989532316","108165,06205588079","109647,64284661433","106978,6754882837","56756,396307409916","57727,098980926916","192800,04620280114","193898,88296877852","194228,71760062288","193246,6734136725","78656,00230359154","78938,6173828915","124972,13134071117","52274,143426464696","47349,20266125005","46660,98979243962","105706,64608172952","192896,42076464536","194501,44131732348","191295,92801123243","32114,07562936111","33057,82829365375","50936,5668452633","48754,6564859203","51247,600411492145","70338,92014761423","66524,20828618575","66524,20828618575","237657,8893501528","145873,5356180341","22952,367090842392","25181,28850421005","29667,247112087218","19062,573936319146","54112,35280207784","68946,99663737063","119790,40609424119","166690,06275711482","166743,75144533673","68650,06664693676","76906,41927129081","89667,41900801404","174976,6728751951","149359,64518854563","148846,81737561733","204421,42282958736","123336,78636100408","52426,85638775948","54410,54082539847","72553,4601290534","124355,27226425587","127790,82623606866","124907,11602354319","130313,05522491949","23406,93036366004","15514,212277503288","15316,22287935821","43392,78554990168","40083,64102492119","39345,365725613345","73848,84084830299","98395,58397842862","100872,42493324964","97929,97676475621","98706,0374698114","99930,06570702317","185783,3375101865","184167,12155284596","135821,1408479996","135821,1408479996","72673,44491809276","26409,383196446","22521,329691101313","20648,174624160205","16318,25538785014","15753,80664314552","46542,455504952464","46199,5251281971","49886,21202388515","46072,81931899482","8009,4656036525985","10191,039256377371","10191,039256377371","14512,264202942282","12931,05011801624","9803,095431248885","3141,2813104793213","6218,161697389197","13521,518876823902","13401,646475301746","9556,508118326477","12401,939505747638","7595,37079076469","15091,78264245843","8483,922021458277","12371,134285987888","13619,89502315972","13597,223253588812","12648,848002328923","5355,594989773818","15675,9148668289","7226,132933602838","13083,751367510555","10073,118113471393","10783,43017439247","10539,44469537479","14964,649628368441","14010,490036033178","12372,494623037075","69340,45934541486","77844,8254156278","67081,45204816085","74573,2106234113","71606,92933079276","74038,96301859219","75820,28467394723","74282,49456259531","85853,10429732167","100651,52861951344","216881,8191533184","137179,75544710032","133650,0509454879","102027,77975678435","283419,9851740359","136508,29048985054","136978,85009597518","134240,2203906203","131964,37046697855","123778,85094693788","179223,99630424284","75340,73333971752","65563,01328467994","87555,58704014403","86769,30026452852","147314,4586154175","148179,97969192965","116935,78870695466","117323,25625172954","117323,25625172954","215357,34360426568","67434,78255999649","66458,10302266682","66458,10302266682","117413,94787813905","118401,24028223718","218695,29875921263","53926,86344038986","54289,75957164321","54521,62143778579","37598,5170444393","32897,743330192774","37163,87971900627","32986,358239802365","34751,302037997644","18671,70351358948","17671,68856175745","15883,05567485006","8687,7762814926","9266,609362341273","19699,251148793628","18031,98919360133","6779,855706247443","10422,638591075141","23841,89723777437","18623,588514060546","163566,61222509856","164175,0228952111","69120,91726397401","20204,969970063965","16967,592689990903","11142,74164458045","15014,092623976308","10959,795938441548","13141,497220056692","17184,276098715698","15927,742433186308","208377,9003645805","23650,588995412312","22663,880704740313","13845,865589201565","192884,59096863947","200922,60438591012","192884,59096863947","190581,24926351797","190630,5581370162","189984,1971611801","144741,23165257138","154655,65785336986","150014,31416829073","96977,56714813969","74780,41253012524","70789,19571879944","177882,32297044902","177652,2786433837","178373,61226692365","171111,39709691398","161751,6248916081","113397,504511848","103459,92475225424","9278,268189923228","18069,39023316164","1837,3794206811137","9059,725451303671","4532,516069092476","4015,3943255803297","10958,640029684073","112369,313698476","16456,300913915613","15042,134235765048","96091,36498995875","95599,96499536588","53739,22987260131","53739,22987260131","174024,82208008564","91868,4403377839","90870,32993123436","90515,89535523145","163070,68757843814","164882,663842261","227273,15445508965","227273,15445508965","211436,27894360144","203006,81836484332","50587,508486780716","141347,2489221","146534,51075172977","147049,01562287807","77155,90622318316","39415,09637000649","76722,21474180341","77203,78575623909","43272,6806417533","56807,43995123513","54775,3539295435","44616,59192804888"
834029,"86718,23244263662","87868,49407102258","109304,959702226","111590,60198381371","110921,53833076489","116709,96294379706","129782,35753805739","132559,68651763262","73147,15565306142","65071,03552616715","115990,51779712735","110626,87081038026","111338,37575850463","87388,38675523803","72866,15129304008","70452,30025667115","97139,54204830725","267802,73989363306","153898,78288629715","155390,6344248299","23324,19195198156","29513,403502820376","31446,814604302494","31276,881624856636","29668,631677760535","34422,90350707364","201498,20630325723","169867,0499362969","3387,809514686561","8063,758920278009","1308,1230742679475","0,0","2009,9352504331619","3126,2853956964086","472,48213629151576","93505,08630808289","167038,806360143","164317,58265401173","168417,95346742935","164317,58265401173","199182,0904704765","39440,3117860586","29484,589191928986","35883,02062172879","34784,20187070447","112175,61622235573","110389,19632939805","102539,90742667776","117231,07653194331","117493,05528124946","119502,33571541916","113239,79366893899","110078,35744968623","109537,70833112193","108530,02475355487","110025,99152794969","107451,89314920448","57458,694191603805","58425,10981742759","193219,12137936873","194317,53670165958","194655,32735565954","193657,38306910545","79075,71950840487","79369,62948053551","125547,60841532802","52656,35152426912","47420,91374353845","46716,80580958139","106869,58953228076","193515,48108620205","195125,99423724366","191909,38922717734","33278,180474186855","34185,39111428725","51628,229324344735","49442,32356571101","51949,849752810944","71193,18693662978","67353,40713374683","67353,40713374683","238297,19171452746","146581,86352964255","22727,590570565408","25521,773819277067","30504,063297675744","19133,993914562212","54952,50213239131","69833,25948826484","120166,5098480179","167821,2003519893","167873,53174950476","69901,14626498127","77234,46116938257","89877,11857395813","175680,87586958692","149947,76081683987","149453,06392706267","204897,37571094913","123849,86890122337","53696,670784021575","55684,82864024873","73817,64461801415","124692,55594621187","127997,10618500845","125275,02314990538","130526,49561120094","24166,841085890457","15860,517913996853","15664,965324300927","44649,72375569382","41314,9786214794","40593,36490141068","75150,3452002652","98629,52739983067","101104,48211244629","98144,5191380611","98923,51076500455","100165,5023330668","186259,7879333879","184649,2556713856","136398,19818262986","136398,19818262986","73870,5997228242","26145,230701818804","21943,12870500979","19884,144559212335","15801,359428899086","15099,642721439888","47394,16083049894","47071,753447988194","50393,51462996951","46953,80079164299","7300,981133019501","8917,60297158693","8917,60297158693","13265,475032540558","11622,996785749641","8726,955636490451","1837,4066825517023","5176,523734365933","12379,527922747477","12213,254389686675","8662,324776207239","11367,750196653778","6695,214775505912","13847,51924090921","7363,694234961146","11122,757175679038","12325,429930977682","12547,731104025543","11577,801570087993","4065,652705515956","14369,467925468012","6287,035416244181","11834,02946545145","8766,260186267633","9918,219816207431","9233,0888407865","13718,51845256456","12703,860783992246","11107,177675592824","69492,51377348127","78123,32227735891","67314,13853783249","74157,42756254693","71296,38566283272","73631,14297231271","75635,59036175763","73984,95360848216","86599,83808443771","101459,00822348347","217516,89906470056","138331,92308110147","134796,94521427556","103259,40806300132","284670,77559173375","136908,68939591595","137377,28420620898","135137,41065040728","132871,07956904286","124648,06907157257","179805,41666606336","76633,18857281176","65113,977063561564","88801,87454450961","88004,83150953997","148242,4019505438","149112,7465433089","118120,02611356563","118509,35053772994","118509,35053772994","215928,77340488374","68612,9338847374","67630,00092603792","67630,00092603792","118533,81326994664","119518,55825066165","219563,8322400227","55174,97455992569","55533,24753725951","55767,81220453547","38464,66412454349","33756,472630521246","37987,920455445295","33837,13204251686","35592,93425462107","17495,680415228297","16518,208357670428","14971,685817383152","7627,750605078045","8240,535215419482","18746,076285010986","16854,672731197024","6074,076138559871","9954,847776940273","22839,049085859453","17523,910762678395","164267,18991849007","164886,1883984353","70429,01879902589","19406,531181247337","15931,019180676862","10379,071082813756","13836,993701040448","10244,690578552678","12202,211064387091","16291,47435032786","15139,240097449117","209033,86677908886","24953,902964263452","23967,58956923219","15145,73307760975","193838,0172412178","201866,2269366036","193838,0172412178","191623,91413007927","191671,1631683112","191019,54865229278","145178,5379359152","155139,52531294926","150515,60394086686","97994,33143844422","75988,48937640883","71980,29898343426","178824,77708902917","178590,55558352283","179312,05100960218","171930,47792983465","162562,2697095622","114046,05602102076","104151,64309943984","10573,576046302467","19347,04775886493","3141,255619647979","10367,670974873268","5833,8280444684715","5319,603974358402","11967,136210989547","112524,76176462293","16199,20796977085","14734,087697156312","96220,31597311862","95741,93018804512","54825,554875839036","54825,554875839036","174568,8484813275","91473,67541928041","90458,9346667484","90135,53448721317","164011,6549382237","165825,80414499406","227802,22966246415","227802,22966246415","212001,67506108334","203531,74846131605","51890,43198809572","142132,56435306714","147329,972471026","147849,62137082874","78279,9887565362","40645,53621790873","76780,9217261803","77082,10156761507","42785,37228110927","56412,36702763026","54101,707619783934","44141,81793941344"
834030,"88454,97636593827","89589,87824434318","111298,22653661451","113586,98597932253","112919,29350635275","118547,36732383644","131624,73693443747","134402,3759599683","74553,86270365625","66671,72787140403","117632,73646661577","112322,62190164535","113066,33618107393","89330,80214770413","74733,64286120646","72330,55935690053","98850,37847860027","269730,7579028434","155901,14912771762","157392,58058163407","23274,843267928904","30108,627075912143","31912,756921602457","31794,2258714318","30036,097330212593","34240,96754537586","203321,3584032132","171656,8480370505","3110,4442259785483","8726,35691308134","3197,8000344737857","2009,9352504331619","0,0","1731,8082852919858","2003,6151225669105","95359,4473176626","168684,39894826332","165965,06651289883","169967,94564681008","165965,06651289883","201026,24904147958","40992,686134718155","30954,084093657642","37504,813850512546","36454,91177885497","114118,75345251347","112375,95225148677","104484,98173030266","119128,28175018818","119432,4210292438","121446,97401141422","115183,32422154532","112022,36569921949","111037,56726022725","110036,84126927103","111546,58866859396","109068,25277355195","59282,12222314983","60245,078664262","194775,33089421177","195873,26923269554","196219,15118533574","195205,00462678546","80644,29074168924","80949,39751513334","127257,47454620755","54197,1434848099","48618,774819646904","47895,94630500716","108873,19236556029","195260,39981153523","196875,58027147347","193649,52316611682","35280,726954871505","36194,41055632124","51697,40295108138","49507,01921681203","52037,70884872207","73116,18000583122","69261,86896359382","69261,86896359382","240058,35444160397","148401,21254078593","21492,1453088185","25070,927034327844","30883,727838972074","18322,6007493541","55295,819743746746","70256,94769071597","121683,48156667326","169830,320031845","169882,76422906775","71845,74879701968","78708,70312339795","91216,62830840646","177496,0890632259","151667,34731473416","151188,55496928023","206510,04952914477","125502,65267613201","55612,23294450966","57591,459321487135","75216,77032029416","126167,92372588627","129325,76670579545","126782,83446483647","131863,1347072799","26046,960562534703","17434,151599147044","17242,02833346575","46030,78168463766","42605,83662042732","41943,51795761463","76962,4308007821","99994,75059615873","102467,05769620223","99487,66346406877","100269,85682397246","101532,1093481356","187873,6523819269","186268,73250581478","138108,73304986558","138108,73304986558","75860,9344215877","24847,170232687607","20299,69964597259","18068,01937803585","14252,42351515168","13405,505880958455","49318,859115262254","49007,846856516124","52056,34687338429","48894,56503155379","5644,65227863199","7027,106330294202","7027,106330294202","12075,984782093674","9955,3204450754","6728,336996439276","1254,4613554064347","3213,453318140178","11583,274056950882","10215,304091699916","6783,153837995885","9381,864392644746","4835,666937673777","12663,622789012115","5355,350178732952","9951,966100340504","10504,139643535058","10554,211631110195","11002,538377173545","2297,853805492834","12768,625365459313","4396,31843369315","9891,585628954192","7075,314325231732","8054,283978847983","7670,4362959579985","11770,25045523362","10985,395978700904","9852,885978535369","70771,74934324568","79543,60380570054","68687,39436385741","74656,51319205476","71958,01180785884","74142,99322979822","76476,87376676696","74664,3780743043","88451,40702005937","103351,07258776698","219274,89979635552","140338,06542748515","136804,04304901249","105225,44229287408","286615,4329349809","138449,16901793104","138915,69927421495","137081,50407487288","134820,19367422414","126576,99409625474","181517,78109053534","78172,86059612592","65566,27160037406","90752,38812211424","89967,09939854607","150201,83777860238","151074,4700761289","120116,54790867484","120505,09535976396","120505,09535976396","217631,07044637608","69722,20918693513","68721,68202800944","68721,68202800944","120543,59049072352","121528,41550324041","221490,8498148976","56516,58867336282","56857,66560049294","57102,02861744918","40399,40623978248","35688,71354137554","39899,05582883108","35765,015513011494","37515,08016003923","16536,908979717897","15638,808438332735","14731,054527598755","7204,532593879675","7882,0265338886775","18372,68674706937","15896,337499273111","6532,570649650217","10628,205494794001","22322,97909292582","16794,05972987216","166079,9151963846","166707,0957784904","72152,99992071667","17562,271733581714","13939,817119104888","8608,206542078358","11834,830091027687","8526,26053689238","10268,89186437601","14380,660103372866","13315,411682998376","210809,54263442615","26597,172863279815","25615,90159803884","16981,604465946722","195808,7261334011","203832,49628574864","195808,7261334011","193625,18518395026","193671,9459841317","193019,03602832614","146755,8770641792","156762,1478643273","152155,26872352234","99989,30450321591","77972,5884605321","73973,6037537183","180790,6879525456","180554,54177937683","181276,106021415","173827,77988243752","164454,2748690325","115819,48798226185","105960,4664487746","12197,564576875451","21249,998177245223","4921,83458548026","12137,859619021621","7539,436727910699","7052,688324465703","13968,133430521866","113795,96103985386","14964,712978328302","13448,385986035995","97463,12893273223","97000,48470460938","55699,971845641485","55699,971845641485","176247,46008720458","91997,72540575193","90957,40277287959","90682,3986402172","165977,0243365947","167792,14861849084","229465,19992266473","229465,19992266473","213698,6095425065","205191,5079779297","53514,89497583545","144008,13524704616","149212,27273118074","149735,35103988127","80289,51840586671","42612,539248261775","77943,81429407267","78009,81237747979","43200,98522985153","56956,750909502596","54183,78368793234","44575,46180714753"
834031,"89844,51555144163","90994,49076645469","111782,55320385455","114091,85238997743","113434,1281900691","119816,59653879498","132886,60916961904","135663,76100022893","76164,08184865104","68174,31563028501","119105,81602678688","113751,0717314912","114464,60317301186","90403,92990483812","74805,5424050732","72428,5990381398","100264,99531105434","269940,57370325626","156723,54918982298","158218,50814649224","24888,323504365548","31836,309330866126","33628,719043932324","33515,614201836746","31739,39773224525","35797,21438539769","204609,7521226919","172987,91738098257","1919,335186274227","7695,29812590604","3909,739577037561","3126,2853956964086","1731,8082852919858","0,0","2858,6971532537236","96604,10659219857","170155,14472289084","167434,31310154946","171505,32191880833","167434,31310154946","202284,92476485","40567,05724821113","30445,826309494867","37178,5847303345","36201,685772045435","115188,63311120485","113297,13031979589","105550,21692165389","120299,5266901964","120511,7889005479","122512,59754515572","116252,12735281211","113090,05232760876","112603,38871063133","111598,81830493374","113100,82295547976","110560,63459928078","60572,161701418176","61539,64979659731","196308,98210370349","197407,22501804333","197747,98740757396","196743,98988004183","82168,73377425974","82466,56760822191","128673,07664428647","55737,57629944755","50297,95484751464","49579,695840619046","109438,5278009254","196641,5222255305","198251,81698550086","195035,581494423","35863,83635317875","36862,94291905978","50149,57029033538","47958,37440275117","50497,13496706204","74236,95056203679","70413,5573485486","70413,5573485486","241422,11919306792","149695,03126440715","19806,4652444269","23382,45079064707","29497,541607821575","16592,158879917162","53868,66211652176","68865,24974885679","123239,94636077464","170472,85197210632","170528,55306983925","72127,58851603842","80287,19896013776","92854,48140770911","178795,20806202677","153073,78167289938","152579,34038244915","208005,72565160703","126967,48282475765","55814,411801111186","57768,150169740635","74579,59005850165","127746,97238711064","130968,4303139026","128344,52431824133","133502,93988873975","27258,311756801177","18946,68206631641","18752,30452200882","45394,7793270117","41879,27450016905","41279,48909059777","76916,02590204892","101623,04744773245","104096,45756971028","101124,40938289942","101905,42497279281","103159,90006915112","189368,39784342865","187759,379067128","139523,73199549617","139523,73199549617","76334,11085622237","23181,677364733463","18821,785314382178","16781,890713646786","12700,724414118422","11973,377763136245","50438,95252680873","50101,713127407216","53511,93811923499","49976,97633240957","4175,341221816468","7217,94725094634","7217,94725094634","13131,011689219762","10506,86010897551","6049,468131416267","2985,1280870255678","2516,5879477970943","12922,768266827008","9870,732198990409","5648,055249038624","8565,416374927387","3691,844563176149","13716,141093677146","4858,476590838815","11055,043793562207","10767,972070634993","9772,175841450284","12463,792341419981","3227,1813784493497","13370,227728074038","3344,8363554844536","9837,655708713011","7673,870573931032","6874,376151765693","8430,467834626703","11663,820468901054","11435,201191520133","10886,274286064563","72429,40922408082","81148,03314107718","70311,29591321583","76371,83113021486","73687,258907648","75859,839610154","78207,31827096436","76394,38258281928","89700,50225230597","104532,39769892392","220642,1262224742","140929,43303960055","137409,0354029551","105576,88000934038","286877,6716867325","139992,0811397249","140459,8570274633","138148,0309851062","135873,20381558992","127681,48054441062","182931,1175696672","77701,79556014638","67276,04989342859","91048,80789424559","90306,63019746948","151224,1946416333","152089,63515450328","120621,63941033893","121004,72507010782","121004,72507010782","219053,80318807033","68802,53267809073","67787,20988149657","67787,20988149657","121214,59284217456","122205,21626149424","222598,06770549066","55828,108378999605","56150,90502173225","56405,313830187944","41498,714800149064","36795,47999707736","41049,74380540063","36881,63235442519","38643,64876292016","17729,782690145334","16891,674951600187","16303,619343217264","8776,470517525868","9465,960910614966","19880,4468813206","17093,83247994669","8264,093218937427","12359,404593770785","23753,700724654216","18131,910850846267","167382,3496231274","167998,70585007194","71950,61021999361","16320,251628760565","13118,248833931062","7270,776355267995","11428,644276173349","7122,456769471354","9239,323769875009","13274,593257062681","12045,942523323909","212157,08325167562","26328,85555444483","25358,467603180943","17085,585322117477","196792,58215607065","204831,62285172968","196792,58215607065","194455,48345808772","194506,13739561648","193863,0770459426","148275,62658544892","158250,33684616347","153630,5548629873","100867,78374892959","78411,07958391042","74465,37606545471","181791,45589419","181561,68495219664","182283,0089675846","174997,82864618284","165634,39976147772","117169,8607131664","107268,42283799643","12015,77966401844","21477,646484396475","5261,296453320102","12176,602648554981","7601,963281173725","7177,558418187836","14863,359422183954","115457,54495563706","13274,12979909967","11770,72862306063","99132,79021206668","98665,52029809634","54599,43242476379","54599,43242476379","177691,13677751354","93715,33125667562","92672,01809834252","92402,49694826939","166979,942354229","168791,75922186105","230922,13419182837","230922,13419182837","215126,22038736835","206651,02563524776","53172,6148876679","145217,66812740944","150410,11054406554","150927,1041290666","80954,00747133046","42992,70837006427","79633,3461370086","79735,1353339844","44908,04783529561","58677,95347370588","55817,01221838008","46284,85179174552"
834026,"87010,40970507833","88166,21081003101","109306,55565918329","111598,23646164169","110932,0551674526","116958,46396283827","130028,15723224834","132805,29038038276","73528,29762204894","65407,52550814668","116313,35777995439","110932,85348947467","111633,11718317455","87570,91424344778","72749,53277555667","70342,51895608178","97440,69361644918","267729,6110971252","154001,95834691924","155494,9036365791","23787,53899471269","29981,52713036681","31918,10067494817","31747,124504476735","30141,026440719957","34880,77428468257","201752,72561603016","170136,75150046285","2941,7332732976042","7621,9234884303305","1195,1986175816796","472,48213629151576","2003,6151225669105","2858,6971532537236","0,0","93745,4096025176","167359,95253839763","164638,18319246487","168765,37814676756","164638,18319246487","199426,3382736229","39186,15467886285","29203,91098135948","35651,84087470861","34571,0547658764","112357,00643353793","110522,81357334631","102719,7984885199","117446,06303888196","117677,54006505277","119682,32139954259","113420,82954995686","110259,03461938663","109897,97847803416","108888,70861184961","110381,4020716294","107782,45268376933","57716,126732156634","58684,10562625093","193564,7811586154","194663,31011458187","194999,02971124114","194005,20456604255","79420,10608069328","79711,06951452789","125848,49907340104","53009,34628719864","47838,252687681146","47136,75814838276","106894,77656427439","193802,9790444457","195411,70992437878","192198,6926542603","33301,812124294025","34235,885054741295","51160,83699121311","48974,72071934227","51483,13345744674","71391,67775911678","67562,39097027968","67562,39097027968","238578,18387184042","146838,62710390694","22330,246567828814","25053,575953242438","30051,483354518743","18688,08505996253","54499,23148692658","69386,38055910682","120522,5883317517","167870,2547364098","167923,55173228506","69842,40194034931","77601,42577474816","90270,1439501387","175939,27710501017","150244,90946240633","149744,46796730006","205227,83940721574","124169,37033074885","53613,16541695132","55594,56038301078","73521,72796946086","125058,05944805624","128391,26775464781","125633,16727883005","130919,23016173915","24399,78193662595","16215,786337729345","16019,526448157023","44347,45376546061","40990,694037980524","40282,96726860837","75002,20216680627","99017,7043487283","101493,08611421473","98536,68801458238","99315,09270045046","100553,388782675","186590,0412552407","184977,92400377197","136698,69381662647","136698,69381662647","73867,20485741628","25756,806594326506","21635,26933447092","19640,56019680485","15472,50188831249","14813,68511686816","47592,88635604467","47261,57830318385","50712,9159085095","47139,755293922004","7024,955853129493","9011,721885436336","9011,721885436336","13589,798182487173","11819,608874101259","8634,096281664793","2114,8878328552296","5056,62113770558","12768,494545907266","12207,567008807293","8467,384012615203","11250,101847721873","6499,730683867544","14173,691243556168","7300,8842345442845","11447,398978139707","12459,589582017643","12439,954076974453","11993,292551970275","4198,583633012882","14591,416172812333","6110,377203426062","11893,213090473655","8949,91376056153","9711,284495283386","9459,417145114858","13772,957612497554","12882,890870923422","11414,716874928494","69896,35976911211","78501,56760770908","67701,93066645293","74627,24662874138","71760,34202077724","74100,62819475916","76088,65647223215","74448,00173406546","86841,83474991897","101677,53782727738","217799,23233265764","138365,48062131717","134834,45822429244","103222,6609862469","284612,17060470243","137258,82969992099","137727,92677252638","135317,66796905667","133046,9434775875","124840,78756979537","180104,8196976003","76377,15722635809","65584,93288591743","88748,79973287765","87963,9015393949","148408,35969337437","149276,39432524567","118127,91479587414","118515,66339323606","118515,66339323606","216231,40538882406","68253,38506678762","67267,18714023085","67267,18714023085","118590,65716130397","119577,15834990868","219757,26237524816","54863,800871207124","55217,99317121991","55454,901224092166","38656,573529283305","33951,145034940426","38197,58123299686","34035,212130118736","35795,059208414146","17865,61456184847","16899,65040031662","15421,152200613524","8050,940937178019","8671,823122843492","19187,162428185442","17224,192933299422","6545,771041196075","10424,263712656915","23268,63075940032","17926,73602077094","164526,83009712776","165142,0360045626","70239,42393467003","19176,549832101817","15816,593448451","10129,469287846421","13821,469765702419","9976,259752990012","12032,839299049398","16101,587834178597","14903,398607288307","209309,18598983588","24728,700994065908","23744,03309069933","15006,433163722962","193991,7146925988","202024,78500712718","193991,7146925988","191729,7147343431","191778,15858543577","191129,56820688315","145519,16472574792","155467,55689951763","150838,69640070514","98114,39757864003","75975,15092026794","71982,2085967307","178983,8411517411","178751,65464666416","179473,0738090969","172144,78654334997","162779,989142031","114323,29894710577","104413,92655576837","10333,299964846467","19252,799634588944","2951,5071589032486","10190,202071418502","5617,63605574011","5114,752513488375","12085,076558594787","112928,67980457893","15806,127936391591","14351,173714453744","96628,94330199473","96148,1646242594","54427,06922317991","54427,06922317991","174879,622433105","91942,66837973119","90928,64771214464","90603,82979488691","164171,39268206042","165984,4872930761","228117,62772536057","228117,62772536057","212306,14482811175","203848,28247462894","51661,535496445686","142360,3175298292","147553,73201118843","148071,3231580464","78333,69769259347","40610,12622096161","77201,38345882592","77528,17130874265","43257,171056825035","56881,140725519166","54571,41116881592","44613,34260140438"
835116,"13767,406441037563","14555,026104275017","55283,15806631603","55303,63802912135","54371,16299079191","23305,199919047638","36310,68087350894","39084,300887342695","39013,00795327671","34830,658356601496","32019,886181614107","24418,0846223951","22875,222447367047","13826,963788033572","66358,15721220172","65119,76438196859","15456,227070955458","204359,86763402118","71019,93159217126","72239,29445294313","88676,3188087119","78699,20344668333","79977,04190949048","79231,07776835692","81972,748367001","90258,68509487553","108108,99500739072","76943,39756901946","96062,18438077054","95278,08548641573","92753,60329063868","93505,08630808289","95359,4473176626","96604,10659219857","93745,4096025176","0,0","78266,60316525758","75569,60334909889","83433,30927941464","75569,60334909889","105687,34676403485","83561,04154541796","86495,55379106276","81748,73034515546","80428,61720230263","23493,27059898458","30173,838500939837","16651,447772970434","24565,79453619236","27694,86289680456","30036,880000545996","24435,142491462502","21886,672569750262","37301,75088970347","36267,71531704591","36170,497461612504","27918,299068654724","36173,496862674285","35239,75359941881","106934,45362840685","108015,83973662801","108039,30424876264","107685,64514988751","28237,588970763984","27460,728403452867","36294,99475905899","46215,5546274971","58543,16639575205","59400,00294479245","49395,42325045237","101340,84853746873","102841,26641465408","99852,35874725775","65993,38582059619","64063,08500657069","122622,9207708443","121195,39096795139","122503,89666295038","23780,490593385006","26844,989449215802","26844,989449215802","145632,11142906113","53301,235317223436","114205,10653760777","111083,27087873447","105085,18452828309","108770,77331751803","119459,7107938772","127427,16976185072","43100,542145201296","91457,72164967687","91358,67435348504","57427,49011093577","34211,67841497725","41022,770338631504","82387,92116306136","59078,299239229156","58078,19822978364","116309,30051737718","37796,69784117608","63511,54236451226","63788,52721736021","96583,39330957354","49001,94319449952","60146,68237232544","47488,99013840341","61550,826648021466","69347,91608495108","78548,42932339938","78717,03930316238","89125,6298069127","91237,01390219813","89532,05941515934","71768,71054352364","41422,998757364854","42457,17697920051","42659,60609434582","42711,618554781155","41856,84559971128","98057,71186396471","96291,16977905968","46386,09651206941","46386,09651206941","48622,07291604745","117698,61398984166","115139,84876804972","113385,81186299278","108888,09515025308","108493,05875488253","46606,242712043415","47139,26412628053","45394,588394075865","47359,04676606655","100758,17461864204","100457,38218393663","100457,38218393663","98193,91423700716","100778,93869172058","101858,17754440903","94419,23200091248","98551,87038546894","95333,25982196537","104387,32342826153","102141,31840125393","104532,66696618356","100183,88377068068","98359,92827767477","100415,08149545724","97345,00991354097","102466,30774088879","105612,06502010007","93925,01226789335","96489,17919963002","101921,81903932203","99754,46387173614","103256,92475784324","99153,6626656884","103408,96683486184","98735,95664869627","104903,15777020139","101862,51077292686","97837,86030541036","46011,70353138803","36897,76711829117","42758,249708331605","77349,02881235768","70792,09737962496","76759,91133657441","64204,82773382869","70478,4207224311","6914,395340982798","9464,24818032145","124966,27307911556","68717,58521565176","65232,59758903368","59959,772733770544","218206,27685995825","55164,3422410849","55679,05380498074","44567,26243935642","42836,94863083645","33445,69888357896","88571,70952290842","90559,54458261502","77369,70118922897","58093,64515991276","55690,70552691865","58436,97632432712","59488,722962349566","59075,96055807946","59626,763766705","59626,763766705","124587,91051467932","106070,31281390823","106217,88800642457","106217,88800642457","49884,973216646584","50206,104498234294","127050,38178763537","92570,06675208228","93281,80159784258","92997,27562006416","55498,89370439702","60085,346948591316","55707,52508266975","59960,16283575773","58172,72229113414","97635,98137594383","96693,03775440436","91514,80465624624","93381,63369040709","93051,00920765959","92384,64787402283","97460,10090354332","90907,33378800123","87854,92821455326","94064,61060961524","95570,87161332792","71023,88221921872","71550,08073507006","77552,80527727416","112910,38239894064","108933,03525693767","103874,8732337358","105962,77594026779","103710,8040577764","105591,35788109034","109720,80324460742","108644,1783592016","116207,09956052214","83605,43266545895","83795,44650836675","84225,8927029512","103915,11302205293","111461,56544296209","103915,11302205293","106304,1183342563","106217,98558333522","105259,45432685126","60601,809475956565","67789,73866612052","62698,90858482036","26792,961062007387","49984,0648297128","48110,75545423522","88752,00702979825","88361,72025867982","89075,33393837085","78816,7066242841","69375,21376177116","22716,221321407935","11958,435481754766","89053,16029938676","80349,2964174612","91885,6345428396","87769,97552778214","90707,335877819","90835,54756022217","82141,43655159784","53532,80985524843","108263,78947283114","107111,905590639","48130,51055301444","47068,82168449646","106797,69431735165","106797,69431735165","84443,19724667506","81929,64916292226","82601,43325329585","80413,06501586578","74236,68024939514","76091,42755683325","137382,1728770413","137382,1728770413","120827,84571527506","113483,54324120928","80827,79797761956","48749,56372138854","54024,035091016725","54594,94407896846","38821,93677371482","64612,62958862951","50057,86915385044","60679,162356823224","78434,89406488188","74024,84495938296","86729,40887214828","77856,82839773745"
836097,"80920,85837784366","79581,54692332016","114058,32629394917","112387,73877109251","111794,48863607162","57148,73359155727","47526,55797363672","45630,91170226515","96211,95443578325","102069,62396911654","51052,045308897475","56721,01271167824","56615,589453000975","90199,82420745028","141546,8480973117","140836,1788594566","70276,48687799567","210210,32154749392","84651,77458629517","84465,62669680578","156174,74749430513","145440,0790067816","145684,25535791134","145150,16923352404","148030,44121293726","153691,75586604173","47499,131205915946","23725,096015691463","169999,67837630952","170302,26830788513","166530,36098422686","167038,806360143","168684,39894826332","170155,14472289084","167359,95253839763","78266,60316525758","0,0","2733,9755673529344","13296,733199578313","2733,9755673529344","49129,549814922684","161799,56736721116","164283,5928047458","159880,1413203833","158502,3564537514","73052,92469002931","84082,17031131833","79562,68788059034","62929,17879839354","69244,48461438407","69148,85659091154","72481,74424033689","74492,48450692637","59726,05551314974","60495,79021355303","58718,82637202723","59696,4665909137","110888,02928518015","109894,29884296794","29319,68473696377","30349,045009245245","30174,064696388014","30276,69635359466","88312,87226418154","87934,2219984569","42315,07836907974","114724,35459673895","123226,94510019103","124108,97995453689","109113,79180748455","31324,208544652785","33179,52552253619","29468,89255757133","143284,49920542212","141251,76995249305","200766,91240820254","199289,0594869073","200663,39666122023","101795,43415527328","104331,40682192205","104331,40682192205","74569,9953317017","33921,823832166134","189101,0033418272","187413,84415741096","182569,63226550265","184128,51849852523","197723,91538030602","205478,32292558416","49215,711885915196","105927,28961571414","105617,58817268992","133443,68077149402","91221,4033304779","82320,02494770334","30144,544228141862","20144,809635275244","21930,32291490577","38197,525403085434","43195,17381510241","141551,01931232226","141674,7842848324","172578,34891812445","46725,58519045202","52382,238581303915","44830,07619968375","50211,91451777513","143674,51412141972","151257,098848318","151447,67696952075","167384,54990077668","169493,37597812744","167783,11930968816","146480,13249524072","73816,51424659208","71746,10991597208","74973,0872658241","74191,92808372628","72425,62898757559","19791,1911849079","18031,10166719664","31881,290604353373","31881,290604353373","124156,94656257462","192618,80159753416","188974,08222307597","186587,7268207873","182831,6668697876","182089,9004181147","122891,83056195888","123608,60543162773","116647,28653422526","123904,37560168433","174307,64094332757","172580,54000238393","172580,54000238393","168628,55992908333","172040,78212917998","174658,26106889054","167586,34889009598","171724,94928059587","165865,69309368756","176443,23349072092","175342,53465767988","177226,84442705804","173469,80544767334","168639,8821574062","173240,92472273178","168318,73401039545","173848,5019447825","178164,39317516232","164666,08583508697","169349,85794189316","172494,1162633282","173002,51359633022","175056,90684426896","171033,79299706957","176613,88812112526","170402,41360478915","176445,71948219673","172976,4730812269","168857,2850493255","101980,35071633263","91258,02354328708","102273,91291579732","121416,02444880921","117429,49347009856","121209,94216366592","109074,1369726684","115378,8346780142","84330,71650550794","74206,89986861737","54420,77171673004","104949,49575619641","103610,19032561393","123261,17695135836","218458,0585935671","32886,66257130654","32565,672348157386","62099,46898224444","64160,971881643825","63370,102241542416","16577,731287312694","165711,74527995946","127017,58753001849","128321,79855856845","126213,14601540338","63652,01437845504","64345,79785636469","111765,12534710534","112138,33900973712","112138,33900973712","49876,75296399911","183263,10832503633","183519,6379389937","183519,6379389937","99503,9391883888","98899,8986194688","81306,55454598063","170481,00630325","171181,91325573897","170877,74696127672","131301,17622003067","135519,1478677844","131117,28300641896","135339,21759175055","133587,95785122304","166790,9928702356","166093,42813124473","161399,48694238547","165153,9598878713","164679,54557519464","161115,59550885286","166796,97490975","163257,04046141915","159606,6167880716","161484,11340573992","164641,53724079893","27560,000432289864","29135,722517422015","153348,8178621998","185997,65172823798","181269,0765251343","177276,4586518672","177875,6558313202","177210,57718969698","178504,33925157457","182577,9163822061","181872,48868600262","48062,455188871136","160958,6688910415","161045,22646721176","160187,6229739206","79024,49296134063","81692,83874229756","79024,49296134063","95497,34942657799","95086,81501420784","93670,85049809457","23634,42891197887","12327,00989534674","16546,39311980327","92982,34655745441","124848,62790309142","124159,37158942154","70377,24505873107","69529,38432153649","69816,93111154583","47007,761191647376","44372,85653212107","55555,58416808978","66313,96368597467","164517,40174637584","156731,32460367747","166014,04579365693","163103,5853351134","165336,41965584725","165363,10870496844","156722,85297783304","66440,21499917636","182798,53429519286","181480,751620892","80159,27959029168","79962,78773277561","184965,0987299391","184965,0987299391","9060,656167317595","113784,2467560734","115252,1348338304","113224,56012544571","66289,13863225892","66980,49664841751","60845,50310075719","60845,50310075719","45821,59647441937","36572,21085180106","158832,83202969228","45121,522664074786","44410,32886839359","44939,93204023347","113938,28992307019","142693,07634827142","98470,35376675444","105320,2889160523","139552,55415890412","129045,90665377319","141681,81817741488","138442,02373468262"
836009,"78186,97770807796","76848,26682690701","111830,75867404384","110190,52807451159","109586,47347373754","54550,831799752574","45119,184989755435","43284,80653477107","93558,68366056446","99357,11218435568","48334,261409737446","53987,20795890064","53885,31891502216","87549,94614203146","138983,54207537812","138256,05793759917","67542,91618398766","209951,93567950273","83351,06494778396","83208,91999492799","153510,09318198837","142776,29347873593","143032,74889498355","142495,66098433518","145376,8230720089","151077,31593220175","49143,44050599969","23755,225182929036","167275,98567776455","167572,06375280517","163807,28836501593","164317,58265401173","165965,06651289883","167434,31310154946","164638,18319246487","75569,60334909889","2733,9755673529344","0,0","13995,604832558014","0,0","50522,57119045361","159093,7833461655","161558,87090460636","157166,08428492156","155785,74206095192","70621,00264003476","81733,26160202864","77022,66201553213","60462,065395576","66884,76255708137","66838,2311494553","70065,8598610897","72034,45078726894","57133,93364904267","57891,11963627392","56105,292478099684","56992,30776514175","108154,10815177149","107160,37386916709","31846,478328526413","32888,17127307235","32752,344905295606","32768,33576696598","85613,59309915666","85231,63514047462","39589,35733583984","112017,43052758093","120561,80682774718","121444,75496526694","106840,99701615178","33448,59897029406","35301,151449585406","31596,371833757516","140554,73208903987","138521,33552112395","198052,2187602879","196571,81753378673","197949,65042196133","99082,71755664711","101608,95779386182","101608,95779386182","77035,24521865931","31963,714464831024","186372,90586462262","184679,97935679212","179839,80106121936","181397,5757796663","195023,46379101276","202811,2291569342","46663,92916753635","104865,77192458951","104560,01183675375","130849,29958393653","88552,4173385479","79759,69702315936","30564,325548192144","17695,431956679076","19581,142725007176","40928,06368358904","40470,813236719834","138879,88649225212","139012,8288497215","170004,42270235356","44303,74333477021","50347,63096115019","42343,13454375241","48233,3399454172","140944,9008083598","148538,68044877533","148729,14570037858","164691,57487070432","166790,55701079997","165079,19950199014","143935,06198425996","71292,10356135151","69242,44612247295","72463,70294782474","71685,75782389517","69911,12260499438","22495,02381327029","20744,44599745609","29183,775815077606","29183,775815077606","121569,17873802368","189890,8062465564","186253,72596811404","183872,53329838565","180109,6496605885","179370,5679547538","120158,6995668234","120875,93827166357","113925,3089471144","121171,94043238973","171587,49647212532","169872,58443012595","169872,58443012595","165936,69582411408","169341,28885070793","171944,5046794851","164868,06395262535","169007,40425391227","163171,72959045292","173736,90159924934","172625,4175444262","174514,58107301831","170751,6467922942","165949,71359933802","170526,64740698732","165621,023290733","171148,3069529041","175453,65284168476","161969,48664893245","166634,46542447997","169802,1620406615","170284,58356851546","172352,77396074726","168327,77896166945","173896,9667259741","167698,32105123726","173744,60564398166","170278,82579405778","166159,28188310986","99358,25403792696","88611,461631903","99617,9899578284","119036,47234481417","114990,48437300773","118822,80199266732","106628,49549300334","112960,45817071843","81617,35400209764","71578,73806449592","56788,8894432698","103219,50276060161","101810,51234145461","120965,50939088037","218416,08229063574","30469,98111556619","30165,903413308308","60160,29511079283","62170,48936145806","61117,6343661548","18553,24846554408","163164,65793081844","124561,83040258897","125874,22104208906","123754,36955954519","62185,89836155534","62913,51178540036","109666,98783639296","110046,63603533895","110046,63603533895","52476,73981309145","180643,04989028917","180894,49776217644","180894,49776217644","97391,49718982699","96803,51036089372","82490,15652353216","167821,43015264627","168523,0914648864","168220,1110243981","128567,20074797781","132785,50724036412","128383,51859394455","132605,6494705154","130854,27142659089","164112,7919602273","163412,05976535782","158710,59677679636","162447,3106836409","161974,1185561892","158439,44748081936","164116,66325483858","160544,62414759095","156898,47212074604","158823,8745365506","161963,27586057296","26935,39508035824","28563,057840424746","150773,41360308326","183283,41127276196","178561,1050187934","174557,9949085189","175171,11707640358","174491,29493184524","175790,3329786395","179865,19975026292","179156,27489602342","50234,362355810845","158228,4388186359","158314,16446365608","157453,89079418778","79165,4791135083","82098,44726814593","79165,4791135083","95248,82083284472","94846,6124000126","93432,53249404674","21216,58696443709","9803,967897856613","13847,260716888375","90498,59162994196","122279,60608027724","121557,19418644633","70066,78578558269","69222,4221003629","69535,64038818137","46729,4213256707","43562,91916817187","52855,80065857071","63614,87058643138","161785,02121272706","153997,38965622964","163288,52107106292","160371,58650810827","162607,8286081866","162635,0850324953","153993,61071988323","64169,419158837445","180072,2327762863","178755,4464127171","77712,93641783769","77500,3216554238","182286,43810492515","182286,43810492515","11289,218335992215","111606,72106083261","113065,95409145662","111023,61532101949","65423,00300946292","66181,52310937928","63547,49439682023","63547,49439682023","48428,78539646293","39270,130642175034","156165,9203791372","43206,24043479296","42746,679307371895","43311,535380236746","111350,1123964727","139977,63322587637","95922,49028733553","102860,23503102733","136952,28797112778","126511,87027931352","139176,2100334643","135847,29461938067"
836111,"83969,60576968706","82469,8239593672","123698,50672017554","122194,70061277064","121545,84830862925","64268,22402436366","56485,22368618487","55005,54073761884","96069,2778966723","103412,3599461893","53448,812120481714","60153,70700227527","60806,92176192467","96219,82407237407","148514,8572134824","147606,6635615162","73366,03448116266","223485,22414612715","97249,84470027959","97133,65992685981","155897,01038467645","145187,46951077355","145178,2383877362","144706,38299253903","147556,31958064358","152486,238715956","57693,625819709865","36966,85241624259","171498,29241750794","172245,053480288","168006,14490704975","168417,95346742935","169967,94564681008","171505,32191880833","168765,37814676756","83433,30927941464","13296,733199578313","13995,604832558014","0,0","13995,604832558014","60114,27898119543","166248,95688892703","167964,7951468294","164052,86271650365","162579,9374653444","81559,54158835091","93103,430279412","87072,77162083935","71250,74636495077","78287,09795351757","78497,8835372336","81112,34670443313","82783,5063701866","59137,83222372816","60078,860689435714","58489,665464841244","61364,22219080444","113689,32451638248","112705,18840671447","24820,13781637027","25915,50286243773","26318,933025434526","25240,633371535416","89350,50178891147","89077,18131822062","47221,00813142842","115770,84698166659","123118,17232931104","123975,24730656669","118510,19626253471","39896,78849643834","41680,27510019696","38120,15992625811","146699,9410458507","144617,51762067422","204818,56780048413","203242,1073913355","204751,17839903844","106282,08543797594","108400,24719496407","108400,24719496407","79457,75957888206","45126,829745291645","190823,38783979564","189873,32931710416","185859,40498204212","186103,51203601857","202250,1226931822","210777,19283098506","48405,16111272217","118854,86021409712","118549,73074386481","140057,70760129226","91459,45364236968","80840,21485959897","43106,43850393495","29671,806672275503","31895,813558740963","37709,15130631597","46187,739607848824","146918,9256531956","147221,45293965781","179348,94895148894","44528,09434549759","46778,87749234665","43421,930215096945","44311,65980984575","145659,93197279202","152559,68157614753","152754,58601092498","172180,46926876172","174012,45026217768","172273,5961971182","153638,8160481353","72003,3086252085","69718,47288068087","72956,09640544937","72149,92740419868","70515,65991354748","20088,699822978506","19074,407766974546","38172,908729210525","38172,908729210525","130887,53465480512","194325,35856435203","190249,34453837067","187640,7118790211","184204,97713388898","183334,67034830482","126014,76466949904","126804,32583434577","118291,77963547606","127131,64284885411","175612,30314088587","173399,8158143312","173399,8158143312","168965,0020360611","172586,8978927235","175686,20932103787","168825,73217100426","172918,83040809687","166269,68142767326","177195,25538567966","176507,11833437666","178189,41981138376","174685,54834761395","168930,05035398397","174293,76774070616","168823,0586583905","174410,5546746277","179067,17832758257","165149,7185392144","170459,7884581598","172820,89897929705","174209,49409191165","175739,9035322169","171791,27273882835","177766,3829837581","171098,21686057356","177028,48082556968","173464,36252768047","169368,56849765478","101212,58065735226","91037,34344533055","102127,10447467031","117534,3299824418","114165,68282562617","117401,99342452336","105941,32381340042","111917,17798850045","88941,5248340713","80707,49255144737","60573,60040198637","116585,28241829388","115039,93110405588","132483,40378709525","231634,54931483837","31534,536074984597","31077,19721234908","73170,33025412232","75039,06156411076","73087,99389498887","26858,7188512188","172805,0267799666","123871,33195548815","136449,56835296933","134252,9245323836","75968,49819761884","76726,54490930046","122056,98565584097","122458,60312538756","122458,60312538756","53657,31692604156","189399,6639598618","189579,8176293881","189579,8176293881","109758,39780612712","109228,76582544167","92632,6021607145","175992,53469996588","176705,8557654248","176424,27899169648","134069,99492151215","138065,22303003375","133725,28364637023","137865,51239067735","136157,152225398","166783,12216724333","166164,94237317707","161679,71923690717","165951,7312698148","165437,74798043782","161078,38392825605","166840,19578592188","164268,76132792735","160474,93596441147","161093,1609371068","164642,3249859182","40793,40109919299","42389,58132985267","160143,40617402628","187013,57033644937","182063,861087996","178494,84328028155","178563,74551027588","178466,46628671733","179531,13766830857","183543,03169321804","182980,28119042324","55770,42379386653","164273,2258220524","164281,40744665006","162667,76357504178","92106,27294645205","94502,28115754489","92106,27294645205","108776,4794781141","108363,98549077834","106947,73604427201","23473,959022902985","16335,50034369559","21372,975186192874","100937,49724702214","131803,06379276037","130704,1174041428","83669,87207580214","82821,695915051","83105,74637742626","60300,057487347025","57521,73546210065","60995,15828363252","71580,43241273012","166715,56882374786","159463,74461301166","167630,74508924386","165256,30556647026","167161,62132864114","167146,3465429099","158627,71960594977","62229,24396357922","184414,97488679556","183039,1580286399","77347,74244743226","77328,14108143449","190059,89763514357","190059,89763514357","19566,360310519995","108265,44655339557","109788,04525535901","107885,47507989865","79403,21603421758","80142,52600452086","62233,113529454626","62233,113529454626","49636,53193467544","39018,07225996481","164232,9380924748","56363,053927789755","56345,399935908456","56954,25714763218","120705,03693952812","146869,87068839316","96633,52336884779","102372,92114245576","138182,0091677803","126801,96377272232","139022,98248513494","136991,5222493373"
836072,"78186,97770807796","76848,26682690701","111830,75867404384","110190,52807451159","109586,47347373754","54550,831799752574","45119,184989755435","43284,80653477107","93558,68366056446","99357,11218435568","48334,261409737446","53987,20795890064","53885,31891502216","87549,94614203146","138983,54207537812","138256,05793759917","67542,91618398766","209951,93567950273","83351,06494778396","83208,91999492799","153510,09318198837","142776,29347873593","143032,74889498355","142495,66098433518","145376,8230720089","151077,31593220175","49143,44050599969","23755,225182929036","167275,98567776455","167572,06375280517","163807,28836501593","164317,58265401173","165965,06651289883","167434,31310154946","164638,18319246487","75569,60334909889","2733,9755673529344","0,0","13995,604832558014","0,0","50522,57119045361","159093,7833461655","161558,87090460636","157166,08428492156","155785,74206095192","70621,00264003476","81733,26160202864","77022,66201553213","60462,065395576","66884,76255708137","66838,2311494553","70065,8598610897","72034,45078726894","57133,93364904267","57891,11963627392","56105,292478099684","56992,30776514175","108154,10815177149","107160,37386916709","31846,478328526413","32888,17127307235","32752,344905295606","32768,33576696598","85613,59309915666","85231,63514047462","39589,35733583984","112017,43052758093","120561,80682774718","121444,75496526694","106840,99701615178","33448,59897029406","35301,151449585406","31596,371833757516","140554,73208903987","138521,33552112395","198052,2187602879","196571,81753378673","197949,65042196133","99082,71755664711","101608,95779386182","101608,95779386182","77035,24521865931","31963,714464831024","186372,90586462262","184679,97935679212","179839,80106121936","181397,5757796663","195023,46379101276","202811,2291569342","46663,92916753635","104865,77192458951","104560,01183675375","130849,29958393653","88552,4173385479","79759,69702315936","30564,325548192144","17695,431956679076","19581,142725007176","40928,06368358904","40470,813236719834","138879,88649225212","139012,8288497215","170004,42270235356","44303,74333477021","50347,63096115019","42343,13454375241","48233,3399454172","140944,9008083598","148538,68044877533","148729,14570037858","164691,57487070432","166790,55701079997","165079,19950199014","143935,06198425996","71292,10356135151","69242,44612247295","72463,70294782474","71685,75782389517","69911,12260499438","22495,02381327029","20744,44599745609","29183,775815077606","29183,775815077606","121569,17873802368","189890,8062465564","186253,72596811404","183872,53329838565","180109,6496605885","179370,5679547538","120158,6995668234","120875,93827166357","113925,3089471144","121171,94043238973","171587,49647212532","169872,58443012595","169872,58443012595","165936,69582411408","169341,28885070793","171944,5046794851","164868,06395262535","169007,40425391227","163171,72959045292","173736,90159924934","172625,4175444262","174514,58107301831","170751,6467922942","165949,71359933802","170526,64740698732","165621,023290733","171148,3069529041","175453,65284168476","161969,48664893245","166634,46542447997","169802,1620406615","170284,58356851546","172352,77396074726","168327,77896166945","173896,9667259741","167698,32105123726","173744,60564398166","170278,82579405778","166159,28188310986","99358,25403792696","88611,461631903","99617,9899578284","119036,47234481417","114990,48437300773","118822,80199266732","106628,49549300334","112960,45817071843","81617,35400209764","71578,73806449592","56788,8894432698","103219,50276060161","101810,51234145461","120965,50939088037","218416,08229063574","30469,98111556619","30165,903413308308","60160,29511079283","62170,48936145806","61117,6343661548","18553,24846554408","163164,65793081844","124561,83040258897","125874,22104208906","123754,36955954519","62185,89836155534","62913,51178540036","109666,98783639296","110046,63603533895","110046,63603533895","52476,73981309145","180643,04989028917","180894,49776217644","180894,49776217644","97391,49718982699","96803,51036089372","82490,15652353216","167821,43015264627","168523,0914648864","168220,1110243981","128567,20074797781","132785,50724036412","128383,51859394455","132605,6494705154","130854,27142659089","164112,7919602273","163412,05976535782","158710,59677679636","162447,3106836409","161974,1185561892","158439,44748081936","164116,66325483858","160544,62414759095","156898,47212074604","158823,8745365506","161963,27586057296","26935,39508035824","28563,057840424746","150773,41360308326","183283,41127276196","178561,1050187934","174557,9949085189","175171,11707640358","174491,29493184524","175790,3329786395","179865,19975026292","179156,27489602342","50234,362355810845","158228,4388186359","158314,16446365608","157453,89079418778","79165,4791135083","82098,44726814593","79165,4791135083","95248,82083284472","94846,6124000126","93432,53249404674","21216,58696443709","9803,967897856613","13847,260716888375","90498,59162994196","122279,60608027724","121557,19418644633","70066,78578558269","69222,4221003629","69535,64038818137","46729,4213256707","43562,91916817187","52855,80065857071","63614,87058643138","161785,02121272706","153997,38965622964","163288,52107106292","160371,58650810827","162607,8286081866","162635,0850324953","153993,61071988323","64169,419158837445","180072,2327762863","178755,4464127171","77712,93641783769","77500,3216554238","182286,43810492515","182286,43810492515","11289,218335992215","111606,72106083261","113065,95409145662","111023,61532101949","65423,00300946292","66181,52310937928","63547,49439682023","63547,49439682023","48428,78539646293","39270,130642175034","156165,9203791372","43206,24043479296","42746,679307371895","43311,535380236746","111350,1123964727","139977,63322587637","95922,49028733553","102860,23503102733","136952,28797112778","126511,87027931352","139176,2100334643","135847,29461938067"
836073,"113604,98211750943","112784,55916485774","119570,89147923923","117179,83530374194","116951,0392259992","82485,78374305458","69401,76429167709","66624,01285701722","134615,205083607","137030,8807243846","89003,20478588027","91699,39115509322","89938,92240305372","113485,81758075122","157008,3153222133","157115,1511751857","104066,30636873266","172324,27094888894","72339,64852120918","71303,21816646373","192587,01962733286","182094,41068281492","182880,47650763296","182227,90009763974","185092,36463407442","192148,33776325593","5631,643206501729","31596,326621942935","201749,30026183304","200866,17181531904","198438,9839758056","199182,0904704765","201026,24904147958","202284,92476485","199426,3382736229","105687,34676403485","49129,549814922684","50522,57119045361","60114,27898119543","50522,57119045361","0,0","185249,07803758368","190055,10567348043","184293,35207430637","183271,15654952018","89850,58900764241","96619,05424450825","99105,45540218729","82679,23098258844","84562,05958086574","83108,53497574644","88877,60087618032","91891,80913452034","101488,01684804888","101930,4950025741","100040,12731657465","97733,15924264592","141760,95779216164","140806,2267549205","54599,80408514398","54713,66768999625","53485,14322798045","55919,65418758716","124847,69788543032","124277,07311256183","77194,46178998087","149656,71961340794","160319,61904984832","161220,59450349744","116421,13893922111","22490,40955873031","21311,618141890915","23755,766394405262","170712,13932076163","168917,12469957053","224215,65553629887","223096,28164392165","223997,63500112004","128677,7086093308","132215,08199896317","132215,08199896317","44133,2092723742","52864,658361108304","219756,37768400947","216065,71418821142","208921,6617850496","214221,20827096488","219692,2434952595","224547,31638042672","92333,67239620736","85681,94461820408","85332,95127291075","150791,25705100124","129174,48946345494","123845,40176269323","24409,61906630156","54598,1267654678","53935,22277062618","47011,47755620678","81536,08958063682","162896,98159556134","162397,65511020526","187244,14817473703","91700,53186261542","99997,37849916225","89134,69404919918","98094,2515408906","175032,2832265101","184084,26443317928","184257,63852004512","189469,1950236527","192414,94230982073","190863,2728274508","160884,26997511086","116336,10602030146","114695,83979433689","117722,28483497056","117021,01909125013","115167,878001527","46198,97314209126","45644,146048182345","67212,31859802859","67212,31859802859","141716,63374286125","223233,10368122347","220821,0686979327","219065,4041440571","214569,10010584403","214180,27358251344","152181,79968036467","152657,12543115957","150082,7206699455","152848,64491543468","206441,9194263912","205987,87616467517","205987,87616467517","203308,78317715315","206132,0904275681","207489,89996358939","200071,73582789773","204212,4228287968","200455,5653398671","209920,83338840646","207809,31830317026","210158,6194785782","205854,82178955345","203429,66024629364","206046,32403700036","202605,0517439935","207856,4561806249","211223,55477606526","199097,27583057366","202114,75711206123","207102,41576298032","205422,35915279252","208739,02372564678","204633,59765939528","209078,86270869302","204170,0372960283","210340,21139480025","207185,81498161808","203113,0581110695","141282,19379178598","130089,56533306633","140367,2609013917","165294,4990545076","160467,27796951626","164984,36390286832","152129,0805838648","158768,2649359581","112585,88157503068","98138,97552778073","27315,015475208726","98743,18774278753","99175,5357276708","130056,42241359797","177887,1988221665","78578,72833962487","78418,07892742411","68746,49343600484","71376,88496804345","77043,54511464937","33268,505819658036","179382,36145973572","169645,13788069732","139851,013120602","138293,86976291874","60007,97660150257","59804,9843366604","113881,04545555977","114045,43713713025","114045,43713713025","35680,00875246059","199967,03485961733","200502,4200841797","200502,4200841797","103336,61342454326","102381,34300600707","32554,385869960443","189970,98206658888","190599,6365764881","190226,9790033329","161116,75979002623","165737,20810479758","161375,94492085502","165618,63950384155","163833,1540125917","202323,43252718807","201459,26670527417","196399,28285741527","198810,82921783565","198446,31420850987","196857,51093114915","202211,07531575323","196438,39194118764","193247,45340501773","198013,87857542044","200207,0243422328","35596,50545666437","34689,32852354811","168827,04251959","218583,84974651015","214524,549882102","209555,54319942623","211476,86506206545","209394,7771724916","211241,94690808546","215373,43634923114","214321,07162375862","18866,55236834317","187957,0001042175","188271,77421965046","189605,70276202707","41937,79771175712","40353,98760669074","41937,79771175712","62253,459287853424","61757,99574220268","60481,82234817132","69902,25558491392","59029,161412092464","60666,222383496264","108825,52856911694","141497,61833185243","142417,07608891206","42854,09034409466","42192,144112895374","41937,79771175728","30391,089441997126","38423,077778872335","86052,62615948344","95244,90895892562","194567,04867009755","185567,37503160248","197571,15508365812","193322,6391984726","196364,48814389305","196501,62054983617","187817,18854971413","112321,14129325471","213894,6433562346","212764,65310367645","123767,96708885704","123335,43807122794","205388,8873453935","205388,8873453935","40772,636636559895","159933,91275107968","161317,25738911235","159174,15128880236","50230,00076200798","49435,6316837125","49149,315341961264","49149,315341961264","34709,5436705564","38644,0909182152","179210,57162861506","57459,885878917674","52563,65087958436","52200,79688819234","132187,7379962867","167858,4994805574","139815,2473198813","148200,9962411024","178694,26558555","170097,29599906056","183171,10680671","177769,86502846755"
735223,"82693,25282794223","84310,24782109392","79145,44633286132","81727,87808698961","81265,96532551822","105869,63172110997","118007,64769816691","120641,7322798527","80952,74275508255","68783,75565906978","113014,56649232046","106099,4800447961","105549,41581115975","72659,61763217369","37549,182040905616","35653,377709698274","93084,5340217526","232287,47643940532","129268,54611452286","130804,94720375372","58162,77074638635","58393,23928951998","61127,36929800103","60513,38516335055","60549,603316362205","68798,59043377168","188501,66590517058","159055,46529260307","38705,01390019543","33357,3736596058","38147,65391662221","39440,3117860586","40992,686134718155","40567,05724821113","39186,15467886285","83561,04154541796","161799,56736721116","159093,7833461655","166248,95688892703","159093,7833461655","185249,07803758368","0,0","10233,992852811854","4134,171057534192","5924,167580958777","95400,24233323736","89693,31718443455","86261,01839481476","103181,44182559017","100690,75197327061","102203,75643640757","96371,49392574705","93366,68656658196","111431,19781110217","110288,52082006213","111281,23682899101","105899,91508400752","54664,699271512414","55548,78957539956","190239,47664495264","191329,02345169496","191406,89071764093","190934,37329859132","81686,401853081","81603,81265321356","119614,28547453442","60651,37786129822","64135,76045799382","63924,86610502129","78333,18118554576","183976,09984929935","185368,79257721265","182591,63680343537","22812,617230489963","24818,78791047152","39216,5183509059","37943,179237612756","39058,612247680925","60055,82255404008","57861,83518025823","57861,83518025823","227354,8364355373","135198,1748203442","45382,997363585055","36746,58086543292","25676,52391935772","39530,48964009256","36001,410351037644","45915,805376791744","120918,62037448402","139247,50788155748","139360,18453764438","38273,88823788777","82764,18251300091","97540,34261929654","163602,01085656197","142590,81394809508","141500,9480801467","199870,30317325768","120063,83730336618","22868,047576401375","23911,221269018628","34851,85683066249","126412,21152842502","133481,0979351209","126026,41067807331","135693,28761946646","35231,19735123074","40149,870088354255","40066,26734436164","7396,952824572254","7790,257951969275","6033,248415910367","38224,756758757176","104934,51524419559","107292,58649689","105039,38750849733","105679,99144868935","106320,26715016515","181588,49675807127","179829,7547830541","129922,08441593678","129922,08441593678","45647,281514541566","47915,38144265045","50152,10808635529","51257,99349381267","45538,40894478321","46640,762371334386","42309,08699126801","41337,77672266593","55474,25332821886","40931,47316032025","42483,985477117865","47784,97560850092","47784,97560850092","52561,376905045916","50945,26770935021","45962,52060984222","41275,869935971874","42946,23116979703","51131,47756388971","49974,15609157959","44567,45850981851","47749,62852372928","43259,32418850408","53128,07748847712","45159,69390194564","50439,105929675454","51334,90898001528","48858,16046528156","49945,6433826584","43290,5314884083","53758,72885776355","43204,40640209955","50289,300082500224","48065,51849410273","45217,401283667044","48639,0743153324","52021,545423543066","51949,29829448818","50485,42824821002","80774,51985578865","84966,75753019244","76746,90848501334","98415,4533685863","93466,0613705437","97751,85101356902","94607,89648108314","95664,91008812186","77510,09492926567","88768,02312273439","207011,67856234615","109337,63583278429","106141,28235519618","71009,8821659248","249704,68594054162","136137,53998657738","136648,89441163253","117170,45008239581","114617,96163853118","108210,69936364019","171829,18605362927","37193,08215100579","90681,72228048145","56195,169049573335","56165,84970994406","128626,12372416204","129280,35494439787","88056,21093591873","88336,01937050282","88336,01937050282","207584,442850559","32913,81449329417","32256,46567774635","32256,46567774635","91675,78207588452","92745,44201958731","200789,42505354996","17201,732976964566","17758,83082022498","17850,69057780526","36869,21168051912","35170,71808787154","38063,76973544472","35451,22286590148","36427,590847819556","56324,967193689445","55214,7486979936","51945,46357429778","46204,6746353232","46607,46265819341","55719,57869024933","55706,16149459945","43311,115593478884","44729,045109574305","59997,07788133771","55792,07121323276","152607,62971984997","152837,73493037","32072,80260223352","51354,94794613667","51531,68242345249","44703,606572054996","51317,11905213269","44227,32807554601","47520,461501838916","50153,4237296044","48130,849167685774","197955,24755364022","14641,936094337156","15627,838962781147","25100,126952999883","172228,39050913125","180512,7967965102","172228,39050913125","166490,05451813524","166621,06172268037","166193,60852606394","142924,32744145373","151051,5217839828","146013,4707853958","76994,9663157308","46838,62654417501","44363,736941270545","157904,59092019298","157837,32573702376","158538,57352967266","155821,88073312704","146998,92195017004","106249,94911214281","95496,7422738355","28869,678853636386","22398,374036083973","36312,79243041435","29267,10001755587","33619,38803758024","34142,46276983333","32331,33550465214","120217,6152862192","42742,56594796079","42697,6805076857","105649,35115443918","104845,32484592148","25210,279663463836","25210,279663463836","167963,04918381007","114318,20228654679","113729,42290735152","112715,70438537648","143464,85768438588","145151,68443351155","220674,2630010699","220674,2630010699","203922,08015435652","196935,17829822586","12775,063753610902","128136,81219643923","132780,5226845181","133093,56293817668","53826,7527616202","19546,23053594553","89683,58975907926","94441,8223364577","71133,36069968884","81620,52578531695","84691,1325300584","72116,80022175568"
735157,"84002,87351158241","85528,44568430482","87529,56988449424","90053,30098129039","89534,24452456816","109372,98345612898","121881,1923443036","124576,05440830122","79094,18203222036","67638,38477013391","114523,07307972017","107932,44820447222","107709,0140956057","76698,76096839273","46953,39781974225","44878,715787276946","94600,34680128093","242128,38205451038","136533,19486718846","138065,29708979873","49385,26279710622","50825,20262815466","53481,31041354226","52941,665797868955","52636,54823283741","60300,94619033476","193083,02554435542","162957,67449211865","28565,69760224552","23146,036172006527","28209,702332998408","29484,589191928986","30954,084093657642","30445,826309494867","29203,91098135948","86495,55379106276","164283,5928047458","161558,87090460636","167964,7951468294","161558,87090460636","190055,10567348043","10233,992852811854","0,0","7588,640657881094","7557,766331946379","100366,89307349177","95649,90284112988","90972,80141339578","107508,03004935854","105723,87720396928","107384,70796845345","101374,44637258106","98291,60977190387","111645,0088115962","110523,2874870463","111659,9675093274","106945,57095285087","54695,25910887202","55648,10041297908","192275,29671063408","193371,4874346685","193516,4177995729","192907,04537117583","81201,84662740715","81216,71553178784","121969,69470415119","58056,81220371209","59516,37369490151","59178,79139572499","86283,30701223819","187664,7788335189","189118,29116501374","186218,40627785653","21393,487167631865","23517,22145306003","37077,76969906724","35378,607388613964","37072,23829979906","62718,07216022642","59963,85673981181","59963,85673981181","231533,7474525873","139105,85492675428","35825,84453255566","28058,432274361927","18872,59882376729","29859,65170205138","36005,104317418845","48416,14153833643","121538,1547268266","147511,71635528505","147610,3671614484","46553,35189019145","81539,57024367434","96053,98495716523","167850,50751439054","145505,45338963607","144562,4257538449","202467,4504302432","121860,94504691903","30267,681106274544","31746,990594472092","44366,19663079308","126834,42418567742","132989,46490990894","126697,0957103521","135302,76349899027","29508,284332307314","32242,60808488876","32127,893408653308","15299,168717330193","12526,76874311398","11436,72883628757","48075,12418097981","103913,39813922258","106334,57357585424","103866,90338490807","104552,39239623718","105357,56386150539","184022,54850132723","182294,15420061504","132512,72900931153","132512,72900931153","53027,58272712917","38577,12699273317","40262,60355646074","41179,11615270225","35441,142648666304","36484,7869172001","42177,389870618135","41319,45979536927","53380,357571514396","40965,65326653253","32260,344171522538","37659,09642241016","37659,09642241016","42703,281813989255","40884,067205359","35756,49252768092","31310,48684775709","32791,76249086751","41436,16496477445","39765,01188622361","34341,492891113114","37518,930445416474","33056,53611821707","43278,048958642925","34981,05754095098","40567,28447041027","41208,117499981425","38625,15115281344","40325,153833558674","33248,9237084436","43717,83340462128","33012,66567309615","40113,57464921036","38008,81457739101","34984,10948549903","38621,67754519534","41828,975445052696","41862,99032357318","40581,606776155335","78021,54420153129","83451,03641391137","74360,16695795619","92746,46880397013","88246,94241269663","92108,63672417878","90200,63920001108","90599,63730970894","80086,28264136668","92540,06977069836","211024,59527655444","117597,25158719697","114302,28216442824","79878,78491710905","259455,11674960368","137293,48242194665","137797,83540928902","122658,22401751939","120160,81705255741","113221,85451356224","175067,00139117456","47256,87607868069","84586,0687113991","65037,79514243389","64795,66260210489","134616,67505990338","135330,0743885817","96474,26347850506","96783,52499778905","96783,52499778905","211052,3796919791","40405,087425237994","39558,881951414274","39558,881951414274","99291,22268038399","100346,64695055249","206847,36186304342","25890,263640688056","26308,089959915345","26505,383726417742","35078,71665613126","32205,117507373467","35914,27413845973","32468,550114962443","33828,28043665554","46641,74606177177","45562,69367588487","42627,78074578832","36493,80361945253","36940,79600215037","46465,163479661365","46013,244585382614","33729,25570859325","35540,37860725811","50758,29816821085","46253,29816451515","156693,40916842732","157024,5422245987","42220,6546040477","41246,78222116475","41303,097057103274","34470,5619401544","41095,22865957027","33994,99717933581","37287,13480393956","39955,90055892351","37942,65309324508","202084,37862984822","5864,418074477507","6667,715258348718","15915,801382571843","178903,74480534875","187149,42402806287","178903,74480534875","174006,59617553584","174117,79176870725","173635,16080540707","144517,5082594352","153175,08895768682","148211,3749853976","82869,05827684808","54533,089003541296","51519,99908103344","164361,42409859583","164252,3405027279","164961,2426077678","161059,81887714728","152054,658156568","108949,99635916484","98281,60482055816","18977,186000489983","14370,351677404846","26387,79868351231","19556,15738834126","23712,931941888095","24241,3587934764","23677,406776067062","119025,75652128304","32742,8273435524","32615,449907300655","103830,998753053","103099,5461119176","29209,967732967645","29209,967732967645","170830,7673599606","109178,50827592258","108475,60107426601","107627,86543469578","149768,78587106915","151495,24816820436","223872,79919107302","223872,79919107302","207311,0682792266","199922,66347087352","22999,384244299756","132672,37800480874","137491,7324948701","137860,25381235368","60253,43149135277","22200,918514157212","86714,35786093304","90435,18049729972","64034,422254537254","75464,78692980624","77295,15088030882","65124,14222748494"
735140,"80287,29699734316","81876,03139958787","80129,96265577407","82671,98075287479","82169,70235634867","104312,05593492246","116613,81703172707","119275,46561507344","77617,29947173534","65608,58204549679","110713,74664848954","103905,69595443504","103472,65014316032","71280,99451258213","39364,783875449764","37295,04685329329","90764,5895603553","234571,6524227952","129553,39089829822","131087,8100342014","54131,75725091694","54261,25913960258","56996,61122695012","56381,16684596175","56428,70500502454","64720,9385377522","187446,27101781036","157696,89636376238","35349,607449531446","30179,45459729837","34581,0646873847","35883,02062172879","37504,813850512546","37178,5847303345","35651,84087470861","81748,73034515546","159880,1413203833","157166,08428492156","164052,86271650365","157166,08428492156","184293,35207430637","4134,171057534192","7588,640657881094","0,0","1872,8379796944791","94468,95350309514","89238,37604864527","85201,91365492066","101969,32296998693","99795,6088900232","101379,41006466017","95458,08735744767","92413,88374733161","108705,95547587938","107568,7060398915","108607,07429315448","103435,56426030915","51780,6504790232","52688,55972630431","188166,00980126706","189258,2965301017","189360,44838357467","188838,4132486217","78717,6343537033","78662,95978321008","117622,20292600272","57107,40317717825","60227,05589334312","59997,581541659136","79019,0123907113","182537,90572143852","183956,14640014493","181127,5647506989","19275,413208620274","21343,888992595006","40887,93710758596","39447,82934514425","40783,77049960854","58086,28410981255","55675,730593607674","55675,730593607674","226133,49078817116","133830,118522718","43406,24005270481","35406,47431043493","25267,66459986246","37446,69814450737","38379,094486222435","49094,436355810896","118328,71886853805","140166,85157252778","140269,95380715712","39141,46404165977","79593,1602488926","94319,32522303693","162392,6973307957","140825,93343476276","139792,71532689387","198006,74099773113","117869,87428583592","23055,87058940435","24408,350404453828","38841,13199502992","123763,76583690976","130561,45792101289","123456,70632626158","132804,35378762157","31144,45926310106","36041,769817103006","35960,42613839317","11372,25534930864","10818,447729841904","9092,757315311876","40549,464996664654","101844,48399553116","104222,01070735096","101908,4998162723","102561,77436301518","103247,51329802533","179658,08919276428","177910,04702854692","128025,53976779274","128025,53976779274","45924,07687519024","46127,17025100463","47834,98025464799","48677,6892538339","42932,24684365679","43918,00523770444","39318,720085504705","38374,52315051196","52028,916573988245","37981,08482498159","39326,26667011143","44384,129614930986","44384,129614930986","48900,14017736885","47456,48447986945","42727,44559562549","37720,33802741424","39602,646981809485","47380,4627066709","46740,97681255012","41417,77878588668","44628,36728141429","40020,93324828175","49460,59770589085","41856,8173366505","46790,997696413055","47928,20085000504","45763,65139494204","46161,69806634381","39798,84881319775","50243,23315916391","39936,511563571614","46969,32141325098","44577,806630522","42135,327956535024","45110,2901536817","48736,974547201455","48487,572973072536","46859,42044818117","77231,61481902514","81723,05146437362","73279,97640217406","94395,82840798353","89499,07854496983","93734,87280148988","90761,75440026277","91719,86702185102","75549,5371384721","87302,05141780581","205715,20140129494","110246,60412312951","106981,8116365749","72357,66901562735","251880,49785259596","133733,91873447315","134243,24005926106","116504,35333785016","113976,96488738853","107311,84685009005","170204,41711188242","40864,45106301761","86615,84177691193","57515,07024319004","57318,10786793437","128216,09213143041","128900,80300896008","89069,06242773987","89370,16110232771","89370,16110232771","206062,94022631212","37011,301496199085","36335,812272726296","36335,812272726296","92155,39212165082","93216,82488703709","200436,63865476893","21335,721515890615","21892,545814825742","21984,766571571177","33408,381505350015","31450,94992482641","34529,651981329116","31730,049992919478","32787,68298409093","52559,27734649499","51435,968107828245","48046,07163343801","42471,92254116878","42851,937641382174","51796,03176916758","51946,15825887291","39525,51928890775","40806,135714413205","56063,94074291407","51963,776303189516","151323,9037440696","151597,36734950385","34917,123845616625","48723,33568903156","48552,54879851504","41686,884339296645","48132,22275367821","41222,92443894013","44492,706749708545","47316,58390652555","45324,95425882634","196705,77316103494","10934,876704526358","11924,046004145865","21267,65143665108","172193,23040448615","180458,57801742697","172193,23040448615","166934,90028176358","167053,9786187362","166593,31542074954","140674,07505742356","148994,19067317023","143980,6225678249","76482,90294724752","47319,087904003056","44498,85041902531","157748,1615742579","157658,71160155116","158364,2218968744","155055,6899108985","146143,93292180315","104375,6268286641","93643,06001777106","25319,05569240019","18362,90312786073","32743,726086006318","25604,534780738788","30049,29461147038","30565,892135128895","28329,223211289333","117093,86322490341","40289,26908207887","40120,44245171688","102351,70422423951","101565,16454421346","28629,922807786694","28629,922807786694","166191,9181884337","110371,27894237284","109766,76936730587","108775,39124501383","143222,9053040599","144931,15446538324","219048,23739498263","219048,23739498263","202367,81925592234","195220,2762340585","16010,507316739371","127035,93674620817","131760,9465197429","132099,2260561661","53564,79608193163","17199,720479589614","86104,56800481603","90664,12413875664","67003,10718831702","77545,87299735178","80557,25424311862","67989,65690972458"
735046,"78760,86697591707","80339,70869555321","79976,60014019166","82497,83261654","81977,37167547346","103076,49454229473","115435,88797818203","118107,2262901846","75823,6991707849","63856,34662375458","109213,65625094424","102443,13502624299","102050,37333574642","70130,38785770284","39675,39769591662","37529,418976382854","89263,19172425961","235012,09395261694","129058,61517312533","130591,68011043203","52587,372386592804","52536,089336238016","55277,40592382008","54654,38166640717","54741,92110497324","63112,09000730929","186384,78320969892","156523,5417904962","34400,68227841742","29370,442387739757","33477,946225952044","34784,20187070447","36454,91177885497","36201,685772045435","34571,0547658764","80428,61720230263","158502,3564537514","155785,74206095192","162579,9374653444","155785,74206095192","183271,15654952018","5924,167580958777","7557,766331946379","1872,8379796944791","0,0","93479,32363625598","88445,81294960754","84166,60637109127","100865,91938130574","98817,86762970239","100429,32960785885","94475,10222877016","91416,73094769393","107071,68286215747","105936,24392662512","106988,2666170108","101883,51613878275","50116,08570966806","51030,676267995674","186732,23582416328","187825,36593386962","187935,78707470495","187396,9512817375","77018,13810422782","76971,38487918579","116225,93908459121","55273,16962705222","58354,47881242508","58125,668080763266","78729,92189807272","181331,38930548797","182758,9929953687","179911,59060718762","17460,982215450247","19541,956337233678","42279,23685910091","40788,02052138201","42192,35494745756","56725,161803772375","54239,065345952426","54239,065345952426","225004,41575498818","132657,6189338273","43263,24105749244","35612,25245075934","25954,64359681977","37265,16191235031","39983,914944116244","50882,78363504619","116734,31531663967","139953,95036879342","140052,61635135653","39006,81170877086","77839,08056336227","92550,73408677333","161275,313214251","139505,71817392303","138493,1108916586","196644,73075041448","116404,1390665813","22713,554758364295","24191,831717038673","40390,027959872474","122150,6030530889","128868,32642658109","121867,8504883432","131119,620769838","29310,479277236165","34389,49372115807","34312,75763259733","13230,154661094624","12642,207498419473","10931,760810314418","41107,797618056444","100108,19765696743","102490,5629349698","100161,62614794746","100818,08492350465","101515,60318186993","178274,32206504254","176530,18179741944","126660,71762328233","126660,71762328233","45502,02040825516","46075,1797753493","47497,685454565195","48190,00345803137","42441,91795260486","43356,61356379433","37631,56552237099","36696,56863023125","50215,47725604571","36307,50559658005","38502,892729076884","43384,79904134942","43384,79904134942","47701,5387347704","46389,737637973485","41845,25454004355","36619,15434108116","38652,2224947031","46110,69731760607","45853,097589353645","40595,049040729864","43817,873709161584","39141,98972472269","48256,52148634369","40930,16546243579","45604,94746000068","46919,58714590528","44968,42020097575","44865,2707157188","38741,672642255995","49153,66874052563","39037,695108450134","46022,34293880908","43515,764178982936","41355,177566686885","44017,2552152388","47811,555420842364","47439,08335974296","45690,51266929107","75395,4557251546","79950,51816095375","71458,6348079605","92536,32247306664","87630,5867382726","91874,74166192347","88889,49184205124","89849,31480236903","74179,08611795191","86107,95251857796","204559,42098027284","110039,58380308138","106744,9083743706","72381,90234771029","252262,9477613549","132196,3388373821","132704,9372113122","115612,26427959623","113095,99145863992","106329,46117726076","168930,64548631216","42173,48933627655","84771,55198387394","57545,55436501965","57270,152090621195","127425,32729307514","128122,4873916618","88921,91211832523","89232,68095392175","89232,68095392175","204823,2574389742","38835,71485119887","38171,08825002087","38171,08825002087","91763,71989812984","92820,8107170957","199655,67698568056","23093,215387659955","23663,012863039","23743,438001375012","31598,43501417621","29592,486293862483","32703,058622576962","29871,325931795123","30941,449481292002","51272,86204197175","50139,40253173705","46644,10791429114","41222,670276497025","41583,15929696243","50368,35634774485","50664,96070239414","38235,09570122256","39387,088265654456","54624,63156352999","50624,11947304501","150179,9490635866","150469,89699098462","35760,639797813266","48205,79517788943","47825,750368508554","40949,624317149384","47274,19413340849","40494,5477925333","43742,578208196464","46679,6223348454","44710,63407042237","195568,69110274164","9872,83024380415","10845,668622869485","19977,674760502538","171549,96967682603","179805,81990255963","171549,96967682603","166501,322901592","166615,0926555242","166139,83072011184","139185,8027878931","147569,9846984746","142565,52752715332","75675,80604498542","46984,31186635019","44018,00307194532","157056,18073741693","156957,38632633258","157664,54983917568","154113,24833390224","145167,84270000912","103024,38494029551","92302,80041814537","24257,655234179663","16852,023691199334","31643,091612284636","24450,46945645426","28955,306281598998","29465,283273823643","26839,01139950134","115347,36212106171","39894,08159152751","39654,33445500403","100564,18502348801","99781,75647017939","30469,202846398814","30469,202846398814","164865,82239336518","108500,97403419008","107897,93492480722","106904,57509828199","142498,18212496734","144215,01599990702","217769,3605819578","217769,3605819578","201116,4400402909","193911,28823795088","17173,086180995866","125967,59862650758","130723,16472690032","131071,2706602005","52891,41962063783","15818,554530963675","84261,59915973096","88795,74022850124","65224,61853969324","75705,73384628758","78798,62706697255","66202,30106834335"
835117,"36956,65312199783","37418,20753855417","43101,66842963081","42048,81289977028","41270,25363238527","18844,39429539889","25539,889823661062","27623,659013207693","62423,01096598659","57962,97986416336","40873,49484270775","34510,68038511717","31187,005338388204","24788,068459028127","69467,80768370225","69091,66642926566","34367,48443687334","181738,26134344726","47527,06735252704","48747,208433668384","110104,26445908213","100559,69906060063","102060,08992426016","101281,38948044383","103929,90739217403","112616,96860098661","93141,52931185097","64806,42805801739","114398,07804519762","112789,91134591216","111281,28829522584","112175,61622235573","114118,75345251347","115188,63311120485","112357,00643353793","23493,27059898458","73052,92469002931","70621,00264003476","81559,54158835091","70621,00264003476","89850,58900764241","95400,24233323736","100366,89307349177","94468,95350309514","93479,32363625598","0,0","12081,071214706139","9643,524642434553","10323,747756330435","5381,25111946606","7335,508529033927","1067,937472753382","2105,4744017479484","52086,37339906665","51351,896419155455","50476,34466356846","41867,67387346392","56602,09356104179","55785,901716558576","102339,05535658909","103349,9010798289","103093,07743083415","103323,73617877324","51537,56462804316","50763,48744584883","37559,63491005878","68641,33420411113","81340,00207071788","82170,89673615272","37527,913028341995","89931,37897035496","91166,86839041598","88717,48652591728","81702,11311430731","80042,82812204795","134416,41110145705","133269,38848481345","134208,36840442804","41126,32884073612","45154,82468263436","45154,82468263436","132252,21394318296","41491,41909412548","131421,20258199738","126915,6278874928","119238,2382490439","125682,12221932833","130083,36299361836","135787,1442991354","53559,45680992788","68285,4914417548","68170,36966698348","62134,92081588554","57478,00937282266","62396,75829660885","68620,31071311983","52926,81667605544","51145,58659678887","109111,18205920052","42574,707882477225","73150,76563486698","72751,0562388839","100504,24404088024","58856,70251493123","71857,46059371006","56393,9981332058","72513,53216551134","88211,94821410142","98129,91648882578","98281,0354281415","99734,93697006318","102600,35266777313","101035,04769780453","74086,81540998191","60748,38370133781","61133,952566694075","62185,726362841604","62030,495348413126","60769,08745644167","92111,4752415443","90281,39339860258","43777,301536056526","43777,301536056526","52834,51390609487","134830,65309441104","133149,91701758167","131844,4712166577","126940,36115887326","126790,48550519033","64839,14413431456","65115,26003163644","67008,33119032861","65224,27705841774","119248,91851422079","119794,76148236253","119794,76148236253","118378,98139840919","120539,89386419178","120789,00464535422","113299,32353517052","117331,6246293427","115538,47394238369","123678,08469312964","120824,3257779851","123468,80321089094","118856,72140079568","118606,40566210472","119362,09277307852","117312,29356941346","122135,06223879571","124607,17327889937","114071,63316612093","115504,26520655878","121971,05185865448","118460,60408135477","122703,12002717916","118645,67113341573","122062,62050466465","118344,68614114387","124444,77594165424","121670,20383544506","117773,71344235016","69467,92454837369","60021,330548053986","66250,67631591497","100628,87936605346","94132,93862159461","100054,2520881136","87325,25447806786","93715,36869501212","29210,635920584155","14153,092466273874","112177,31719445241","47813,31382841709","44650,299146134166","51134,87128454543","195217,3363635252","59631,295758041226","60086,157649239125","22963,4906656612","20750,224558224607","12855,005239648377","79343,38991154764","93270,99326372801","100852,11190509738","55275,49672256377","53188,64464068034","36342,8327839641","37295,49663268324","43590,4758917877","44088,655894389456","44088,655894389456","113844,95173778365","112120,15871496087","112515,57009677049","112515,57009677049","32071,27211898315","31987,593940338935","107482,77795048532","100849,49556221339","101506,73331375283","101154,70921859393","73723,33990162503","78435,74021079917","74298,41760929723","78366,79351290957","76633,07247987797","118334,61995648465","117320,72464798199","112070,12948652223","113058,95257765334","112807,3010403957","113342,45928591189","118095,57694596078","110344,5336200631","107678,41933845107","115404,84409938977","116342,4341288148","58020,81292319332","58043,09958949285","81405,34639822997","131448,94121868513","127983,27409510117","122394,33412662795","125296,58886233465","122170,160873636","124377,53297906766","128458,46903466196","127176,50045377408","102987,48773354219","98559,44685556523","98937,61873484218","101132,02960846484","82170,89673614994","90017,74395637044","82170,89673614994","83146,2800615182","83081,26542159109","82170,67027631697","61756,16721526398","65229,17173419204","60263,84116133103","20212,44379522335","53057,27299190832","53258,15175896727","67023,6845371497","66724,81227251078","67446,48906524245","60715,247465069406","51692,4995226627","26396,372252727706","22475,372766100445","106327,41819443893","96888,04211598197","110189,32376802614","105202,48489998591","108662,85280453783","108867,47204119254","100377,03360094789","69847,27341902404","125889,01611171827","124888,68336878528","68386,52074433406","67382,81949483941","116076,9210111167","116076,9210111167","77069,45714674679","104214,92221880124","104996,61926640908","102765,6715764926","52252,74429871703","54097,656262199394","127521,95065506085","127521,95065506085","110424,33780864577","104775,70515774467","89754,76153174527","32987,63054222159","37423,24688616626","37708,91041905896","42877,81485406651","78213,2679782837","73103,24945254915","83695,49711649113","101350,35729999153","97464,58459390556","110089,97240257906","100846,47520767989"
835170,"43878,26100427088","44728,72923557549","31049,695989426706","29967,7467821809","29190,840327068297","30919,66122282625","36685,59970015697","38452,610658433914","68550,29027574207","62046,04397238507","52565,67116368834","45874,16060487655","42679,71382473048","25388,07391161374","60613,133232931876","60577,56114881125","43667,30723505415","174453,55423081008","44351,889118024556","45766,213210608985","110855,29153823204","101931,03500182692","103694,67306919112","102882,7117781467","105380,29522875632","114521,521249912","100365,80270525104","73902,47184492441","112328,00012177798","110143,8428490594","109397,3337875253","110389,19632939805","112375,95225148677","113297,13031979589","110522,81357334631","30173,838500939837","84082,17031131833","81733,26160202864","93103,430279412","81733,26160202864","96619,05424450825","89693,31718443455","95649,90284112988","89238,37604864527","88445,81294960754","12081,071214706139","0,0","13545,169282794483","22202,01843505794","14855,226157815154","15049,589261457897","12252,32993962737","11656,117487149446","63012,30542881474","62198,86435644706","61480,709799215016","52772,25790080431","57658,52809573956","56980,25037215646","113246,56896264512","114235,24470399968","113916,84116702256","114275,86283171676","58100,183467264855","57327,35759364121","49640,29479093875","71306,15614074601","84316,08879421437","85089,73927123197","25551,13087613878","98886,01186445958","99997,74631382657","97796,83981419953","78483,6874092588","77039,26502086954","128155,89028058368","127160,62130746676","127905,50837800672","41271,066766419506","45468,36468966708","45468,36468966708","139915,77850050616","51453,90583120337","128352,94388035472","122985,14666318033","114397,20060007596","122465,88958435752","123297,49929214922","127943,77781760674","65238,24291408566","62535,66912101167","62475,575643145756","54173,62334879203","64065,86758088857","70989,83343487953","76906,5687059974","64068,50294847153","62160,83161932442","119313,20478108256","54605,84054684545","66945,05704174799","66240,93607105245","91328,34411902318","70650,54424246644","83515,6254995154","68261,45385868354","84268,50384905997","86981,11432267167","97283,7225452127","97417,72447468185","93339,21138725495","96523,48114247384","95054,29991958429","64819,27904576474","70400,37370840125","71047,77338721738","71763,66754403806","71696,14362393224","70588,93400840691","102781,9267413893","100952,49611788748","55610,10573626652","55610,10573626652","45147,76233134141","131671,56527573065","130630,52699373031","129674,08213586923","124513,85230608334","124548,08428723282","63859,80037223194","63946,358364004256","68757,64413735205","63974,97841320111","117236,32678356423","118448,57803298095","118448,57803298095","117786,51802874671","119545,23662211468","119101,49137727128","111661,65962369271","115565,0603276955","114996,26085087688","122251,12011214075","118941,5592749098","121756,09836827859","116988,76598341634","118068,00702670934","117703,68471191394","116534,93173412059","121043,48106457712","122929,56494623546","113493,00808723895","113946,04011524381","121216,78169936535","116623,17243018303","121416,07262135693","117441,6988923133","120143,16479951057","117243,1200812746","123220,26762009239","120704,26996227106","116963,22110488861","75304,43969215352","66876,78639223512","71585,19436600155","106967,62306099194","100312,14138154684","106354,03808344674","94075,36412960645","100188,38560535363","34113,55226986695","22369,894914170876","120288,69089277429","38545,62591670843","35080,06391203169","39382,19089332126","188623,730183701","71712,18848299194","72167,21146539885","27879,782181619194","25257,548619673733","21191,82167090779","89229,94524644317","83779,31327717178","106251,98926809974","44862,84411350575","42949,39769297503","38980,01482602487","39680,91005964808","31690,53432480407","32201,617383209603","32201,617383209603","122814,48050527199","103582,64803757032","104068,95905412546","104068,95905412546","20645,269377215125","20736,54260423858","111210,0458932486","93373,36661218813","93996,6887287679","93621,17867680728","72405,86485922811","77065,11026807416","73227,06501679774","77038,95563804774","75394,77880246915","118230,97994093495","117158,18283329165","111896,85081340278","112078,7173933043","111898,15495838353","113553,8265370793","117932,37612074798","109196,3446995836","106894,0811710068","116001,02862475003","116332,39543901388","66927,95047149947","66725,2846312588","72524,13144355011","129343,69219980003","126315,64225931923","120367,76937854777","123888,55610723868","120100,18096083638","122536,38120516433","126537,21818880507","125108,76893070091","110989,89538523558","94499,2066298634","94982,39981740054","98250,89927976723","83713,96493975348","91864,45524619237","83713,96493975348","81702,25348965099","81709,8980989895","80967,6727915773","73734,5765250301","76807,59517550272","71910,2123269539","12782,90458628404","44878,58467717538","45949,71788582585","68910,01339283663","68755,22326717874","69470,23023205492","66590,68074903631","58206,84126942668","38222,76601555783","32852,532815778366","103610,28542458783","93842,30839944315","108151,54153938929","102612,1834698935","106390,89095221454","106648,0549566144","98439,81418152119","80590,40822073119","123164,58266997899","122283,49975464128","77659,85393704953","76620,69557412881","108827,79314762681","108827,79314762681","87533,7658419656","112100,80064553296","112763,23982315064","110579,916153342","54204,10451412831","55961,17430214515","136725,67753542954","136725,67753542954","119553,75731951774","114550,35714767461","82769,01020929954","41744,93186611846","45397,35232667494","45489,12872940532","35932,92772454557","73870,40595888009","80038,06455852286","90647,6181993431","104294,77975642562","101967,03625655586","114127,62260517535","103945,69707566644"
835171,"30394,486123254905","31203,02984536078","41299,31794907723","40833,742075531","39949,45528627304","22815,843211716016","32709,90100233363","35129,2411328379","55332,47133880408","49654,62912013875","41534,58474881996","34309,44410122164","31445,616931168617","15161,055341280906","62023,04984491829","61410,076103079315","30387,557877383333","187778,60611738736","55603,31516341681","56910,66304900663","100783,37779929394","91374,69106094066","92947,92630737598","92158,92286818569","94770,06683700837","103596,38497979814","102255,24139052557","73189,36677848225","104755,88837447096","103152,12830570218","101642,49875625235","102539,90742667776","104484,98173030266","105550,21692165389","102719,7984885199","16651,447772970434","79562,68788059034","77022,66201553213","87072,77162083935","77022,66201553213","99105,45540218729","86261,01839481476","90972,80141339578","85201,91365492066","84166,60637109127","9643,524642434553","13545,169282794483","0,0","17230,05494443333","15000,206112398628","16962,525543329204","10704,21563150759","7541,288130032788","50594,252718854244","49706,54645267192","49163,59534518582","40445,881549882244","47242,832443525935","46453,80360709383","108867,92952291216","109905,58344926812","109732,94520029108","109785,8029313408","44734,85995418105","43959,32959134445","41022,80505445699","59783,38007112833","72631,98794858936","73443,0895107524","35411,72138747351","98280,0446442783","99583,65812085093","96994,40110854183","72114,6143851248","70438,61004871276","125377,45909756742","124183,1889176627","125183,72874281924","31552,260913777198","35618,563307580735","35618,563307580735","141141,8489650088","49507,97315854325","121797,10549510458","117368,91921890188","109844,58040450458","116068,51507484993","121239,10954380991","127410,57981253667","53984,185843098516","75221,1750107959","75137,26910568576","54176,401654652975","50711,26878926216","57462,24607201801","77405,77752520044","59461,18278508011","57893,81009012768","116437,6934005031","44922,630644863304","64260,66873525801","63980,52616676731","93088,1370642793","59647,94692578","72058,99506843831","57525,13712327338","73047,00934278835","78594,88355687397","88549,51989958153","88699,10487194802","90810,02939779634","93558,37286145722","91965,84008520254","66917,80548966126","57101,55484351081","57854,16914229636","58434,82937667313","58398,41534481904","57355,62198031229","98991,71523695061","97169,34794291283","48903,75834443189","48903,75834443189","44844,25823696834","125210,90073767083","123507,45138232666","122202,04019316076","117297,22976953043","117147,19295777174","55220,20844686214","55486,230125668735","57855,81018085167","55591,76174003882","109608,1335046317","110183,50566722255","110183,50566722255","108838,55699110164","110957,32634344503","111158,86669006132","103669,71343335159","107697,59087726801","106002,5820771708","114062,68274035877","111186,97399267863","113838,1113875461","109219,52619696221","109072,77865272954","109732,95162891633","107750,09453766372","112544,39904435149","114978,27135107873","104530,3987684423","105879,04947806346","112413,70171740711","108824,30436597587","113096,99431195829","109044,40557363522","112424,38127270655","108751,65584813408","114843,97040938272","112090,83713169242","108208,20802473772","62197,71362346865","53469,077072965985","58653,98962402693","93750,07897704434","87136,03237744675","93147,572902849","80732,38551576415","86924,70733312514","21104,87349567071","9270,765418079442","120908,15121159118","52086,81876399124","48624,90603226633","47783,658175868324","201754,8608428485","62578,446348182006","63064,850206959374","32597,892027762682","30348,247481663417","22365,829226260954","87077,35745395836","86150,07466894179","93363,17784628543","49500,91815876299","47255,70650489792","45862,55716276813","46788,17973228049","43762,88828167045","44301,84560976831","44301,84560976831","122116,12088810938","104206,53461385217","104542,92455691297","104542,92455691297","33696,5474571704","33923,72881487152","117124,49606805854","92378,06572369198","93049,66740764551","92710,47450458199","64093,25502211653","68805,8340009164","64682,215218896934","68738,85690496105","67008,68523623631","108861,99724843341","107838,34201871573","102582,39617683498","103474,34419541985","103229,29583167158","103918,57969336955","108613,62053272901","100744,29703421377","98110,18374757141","106056,38800894101","106883,29801013961","66559,18004171552","66700,26113025549","73877,60437572378","121807,45678851994","118355,52407699199","112753,57441734555","115682,86688941726","112528,58088819479","114742,04409140174","118820,99841114088","117535,3644998897","111786,18779205145","89053,56740464891","89416,3119463188","91506,96200248426","91667,09132016038","99559,50546604238","91667,09132016038","91989,84853854454","91946,54766345548","91083,44718430159","65969,43998154948","70788,64331817988","65705,94400084126","14157,686194563901","45366,68121102505","45050,03915009676","76542,50768141686","76260,33793281151","76982,37253525449","70220,49566616469","61115,121620329395","28032,692072641054","20507,983946278553","96693,3290686959","87274,86349649135","100547,25617836774","95564,44499996444","99019,40042888041","99223,95074680816","90735,56494209629","67886,92588006811","116251,5571857088","115248,27981289236","64231,145682343704","63185,45369382876","107454,85180511512","107454,85180511512","84265,6610164888","98578,48702509809","99252,85235414706","97063,8510907399","61747,34877986615","63585,65112115931","135613,0587063425","135613,0587063425","118602,85349992062","112499,24341584217","81098,72022717173","41876,83869149035","46559,37011028821","46904,90166262641","34682,57271750223","68789,67577219357","66635,89140708333","77254,76093142857","92668,3834810381","89471,21744379791","101885,66742143463","92223,60757601747"
835172,"36225,26254213846","36201,511527277486","53239,96899475001","52072,81858678595","51323,7415816568","9546,202522777094","15588,831263608141","17922,63219465811","61417,932272846534","59097,6838983868","32587,346164429393","27199,80107425316","23709,995813871315","30829,175010321702","79018,2720869735","78498,38140585565","30754,17030525667","186037,839516398","49837,19173963183","50841,243468658395","113224,23874917712","103264,8196951281","104531,06042293708","103788,21482543003","106535,07828908738","114761,36448841133","85582,57179380447","56009,25528981773","119644,2649979891","118459,06244347338","116414,48441312092","117231,07653194331","119128,28175018818","120299,5266901964","117446,06303888196","24565,79453619236","62929,17879839354","60462,065395576","71250,74636495077","60462,065395576","82679,23098258844","103181,44182559017","107508,03004935854","101969,32296998693","100865,91938130574","10323,747756330435","22202,01843505794","17230,05494443333","0,0","8372,116331970905","9920,7119906314","9969,139146656766","11579,707830317393","45151,660852303816","44569,138856017926","43434,55488534989","35229,04215207519","60357,22525292349","59458,4051740488","92241,67531454432","93261,95165773286","93034,37621141378","93205,45940510918","50422,28868593326","49677,4305864737","27712,604851389195","70752,67682099686","82934,34578291728","83801,92221869696","47745,827434446175","81077,15066412669","82396,70780893751","79778,9177818809","88038,33914595724","86256,16185324744","142359,98122271473","141124,20719169933","142178,17884016273","46183,00949322569","49896,842847332104","49896,842847332104","124179,71139519296","32281,86042873522","137281,44896735423","133392,42201623885","126352,47810936421","131674,8035480393","138352,32920769005","144639,3020153831","45123,32525131034","72066,17562966028","71907,04190469063","71342,95637034232","56128,194265743594","58595,45329717252","60429,101419953935","42785,06405732505","41076,88175937887","99379,27097019585","33175,711221479025","81386,26416207122","81154,42186400345","110093,6868168583","50100,041677594665","63328,1422980712","47463,08974666604","63769,90834365886","93084,47831078713","102608,29253211681","102770,77172300713","107894,30872923766","110559,54039057627","108945,77869633591","83787,67427791865","55597,11101216492","55607,42735685661","57107,48610517686","56834,81885430524","55382,88906018672","82142,25370068973","80314,39660420992","33464,84291078718","33464,84291078718","62009,66349685865","140738,69723759033","138610,90333552464","137059,1164917992","132366,8822717698","132084,77367122762","69903,76734368745","70309,0603378482","69928,0692897452","70472,70345409017","124421,18902860425","124471,41815125798","124471,41815125798","122493,27904006263","124946,68007393103","125712,95677021822","118237,42373997372","122336,44830569102","119634,77891640161","128390,20998974766","125891,73692225837","128394,62901449838","123925,85991264558","122677,41764213028","124273,76611333755","121576,00492017412","126604,75520719092","129500,12368656578","118207,03485968382","120368,0023399891","126184,93564355857","123509,95732376787","127316,52729721121","123223,39552369258","127149,21271989921","122847,32848256754","129000,15974050536","126047,65001534049","122059,43359048523","68590,8291733121","58304,884390059","65952,95007239436","98768,94293820937","92507,95141724548","98240,23178185098","85191,68696429547","91792,4939110569","31318,828648732266","15797,215464707806","103844,31814476864","54962,632388173835","52118,28295834845","61440,14775557184","198834,69426128332","49778,16657172788","50218,59949047095","20590,248928590623","19315,676792013957","9736,653535981652","69881,25753012752","103011,14881210214","99932,30064041929","65419,81502732049","63292,58650930332","34410,74450959814","35513,24800386731","53191,725176168984","53669,2714910357","53669,2714910357","104895,5282881442","121384,22139704645","121733,68551118443","121733,68551118443","41297,47275407907","41073,24237562154","102643,99467186345","109602,62046669214","110275,37760881441","109937,17903880184","78862,41630227667","83539,38190129148","79250,70346248266","83440,64998304921","81668,61400849826","122069,34562091868","121109,04370992842","115907,41623034287","117508,21035399506","117204,65990934128","116867,1088618977","121878,7152860329","114941,21719433056","112022,29278427914","118605,75949706668","120018,44536924295","49448,59151536082","49656,41396140509","90917,9483169089","136618,07801903793","132849,00393047702","127557,20305037583","129984,60977984016","127366,03679138224","129392,6010545506","133508,8967726284","132341,4728197733","94773,81113279774","105291,297463895","105597,92928899829","107051,52939111054","79472,99886611123","86943,92581581174","79472,99886611123","82984,51129131444","82858,49795429071","81819,51244897352","51532,9680672936","54917,67101212926","49943,803513594394","30065,100900998284","62438,54879068903","62260,283522514364","64337,6768415388","63921,5116222321","64631,1467554225","54699,60108310207","45341,52350214736","18163,219188535702","18309,856792380084","112092,40918073455","102956,09333196524","115442,18466521498","110887,04254045612","114095,42467062591","114260,9036242446","105637,01847702794","62955,47908613549","131534,46452604272","130454,67043414353","63601,40876425792","62661,287765223","124652,62022636256","124652,62022636256","67245,33522269726","100665,11794897955","101572,93806911686","99308,30853832231","49984,755710617734","51832,914823480685","118383,31127657548","118383,31127657548","101374,65736481389","95313,179441861","98295,88329726817","25219,40255840382","30229,357625219836","30694,669824460558","51880,6769459922","85309,91978090421","70997,5307827757","81396,60903312273","102706,06791881254","97445,14323814661","110373,78963548003","102070,88696227186"
835106,"40741,478002619435","41032,1082407642","45555,18074768198","44234,438377147955","43523,740703123876","17896,151884001007","21834,95346693904","23614,782630788755","66247,83266182724","62455,82517623969","40849,09451419823","35149,84071759522","31694,11990242721","30109,16884650897","74175,56588232657","73891,4614769446","36973,53582487405","179044,83764208108","43746,650943642155","44886,07956027356","115142,95208475372","105508,65641465652","106959,93389891091","106188,45315275229","108860,29740274667","117451,07614591872","87910,86697649844","59965,35179249394","119732,40357869201","118152,04714140054","116605,46108638286","117493,05528124946","119432,4210292438","120511,7889005479","117677,54006505277","27694,86289680456","69244,48461438407","66884,76255708137","78287,09795351757","66884,76255708137","84562,05958086574","100690,75197327061","105723,87720396928","99795,6088900232","98817,86762970239","5381,25111946606","14855,226157815154","15000,206112398628","8372,116331970905","0,0","2350,7666921496","4352,005970380949","7482,991120717581","53044,105121117194","52403,64844061474","51360,40517819781","42970,27088799494","61699,342419056135","60866,60203724534","98439,37753047276","99433,58048649109","99131,06269455007","99458,88990654802","55280,87800395284","54513,65337935477","35969,5863393261","73416,40694192605","86007,31547806486","86848,87051638236","40243,30639770988","85072,28984930647","86271,63872497817","83896,82838277149","87082,545940787","85421,06339689944","139668,38924180742","138536,9580129514","139455,6315844259","46388,1009455652","50384,26572535637","50384,26572535637","127109,22047781709","36954,39659283075","136793,70499783818","132296,12914521407","124594,01863948433","131058,47170635908","135269,36405523814","140796,33824778456","53434,614699172205","65235,34340253772","65098,61920390905","67052,37861814922","61160,82913575718","65082,9434362768","63560,62826671246","49214,869034690935","47317,84631507505","104767,97355836978","41536,07365863311","78373,23924319303","77935,48512433328","105148,44355648299","58457,27366276936","71665,6315502125","55831,669659378575","72130,39179865288","93502,61805500489","103379,02803114425","103531,6586700572","104956,77529786558","107859,3482816169","106302,97799739758","78674,45378466188","62764,08086598597","62949,473082712866","64243,89708328466","64026,485490165236","62659,76907733079","88039,02160956377","86208,67932824555","41032,769148608124","41032,769148608124","57786,23908297234","140205,00972993523","138502,66532142385","137179,50461970753","132290,05599001772","132130,82772098124","70135,36790232184","70424,89671081475","71962,93366602561","70539,26908236422","124578,22348217259","125075,58562247008","125075,58562247008","123587,65182961631","125788,67767205372","126096,10112572453","118605,89608772102","122645,64834234599","120743,46985910891","128963,89679204446","126144,8895329214","128776,71012402062","124177,00597437419","123808,95835731691","124667,63190937256","122541,26683233435","127392,20456947913","129912,1063217426","119281,61981588019","120803,97254223308","127194,89780428413","123779,01007805626","127977,56523934168","123914,77480280785","127385,15312944885","123604,69181955088","129712,93201581326","126915,60895619012","123005,80461344373","73357,89305389047","63575,99214261968","70329,38657710134","104212,90641805026","97797,89678530734","103655,21681785223","90783,47531388598","97265,92484070748","33802,03210394101","18230,91126038198","107113,88842744732","46766,94862850733","43850,48819622433","54203,74930649453","192195,88929904866","57987,314398013936","58419,18911698253","17684,60948826294","15570,559834937103","7520,116797893995","74827,67379732193","97801,9372298383","104781,72304278299","59368,362615597805","57360,01651928028","31241,81183953442","32227,78612907403","45031,80870456365","45498,474123036445","45498,474123036445","109005,4694087518","116957,28900225839","117376,19441911446","117376,19441911446","33028,73167565332","32770,324386364904","102129,31343807072","105910,79245111824","106562,31748424206","106205,72450303116","79033,50752857441","83745,15240564014","79589,75165209123","83673,23177835166","81934,64737354736","123485,69318422137","122479,92051568278","117234,68618413119","118310,56059183167","118052,2207526652","118456,25155687494","123254,28473336877","115613,1603746682","112914,35205212393","120461,7756271705","121483,07835572958","53109,05623213688","53066,552252431546","86122,01232388796","136780,25005520054","133286,24864960517","127723,48573149924","130580,16105143834","127501,99421901336","129694,10259327566","133779,07264876654","132506,72546650434","97896,14060710874","103936,3225866306","104316,23295190993","106503,95024246427","77053,68326347257","84847,0621555399","77053,68326347257","78615,00930575703","78532,32271730465","77583,8646704956","59352,98143485461","62010,97065947169","57148,75962717955","24915,266723584085","57903,272593816524","58282,77565498278","61888,6730097366","61570,32866612782","62291,19749538504","55345,76902102208","46350,33883538089","26345,692105718495","24621,45054800416","111693,44709129664","102264,36011300971","115523,25566422571","110564,30369775525","114009,87537759801","114211,78299891406","105709,06005438915","70870,04344564615","131251,5399757289","130246,73912679013","70612,18062848084","69638,27745641106","121186,73575417584","121186,73575417584","72857,86606670584","107094,64818052099","107934,24996231253","105685,62886289266","47157,94384485213","49008,51939686718","122764,37987481059","122764,37987481059","105634,13774504843","100226,83413279771","94889,16039111564","27955,66095987321","32229,949212381027","32482,65753488793","47928,471400062954","83577,94134827067","76544,48929254469","87081,49568354289","105979,40830068213","101689,87025140286","114422,7482554879","105439,99383242348"
836102,"43090,369378688636","43375,18061102849","45205,71305478464","43765,443802525944","43089,21393848077","19445,12232870721","22026,67867913288","23577,013980644326","68595,79800263939","64783,512183595536","42507,492440913826","37015,95551669581","33540,62789493479","32118,278446587283","75082,38324121368","74874,10519620885","39226,21434899726","176845,05653405585","41417,89071268436","42550,28836056281","117353,10664900295","107751,09047060636","109217,33023503772","108443,7372811134","111108,7313537264","119726,22128444265","86556,3318507844","59093,65531888703","121715,17349108814","120074,19204718426","118604,79087263711","119502,33571541916","121446,97401141422","122512,59754515572","119682,32139954259","30036,880000545996","69148,85659091154","66838,2311494553","78497,8835372336","66838,2311494553","83108,53497574644","102203,75643640757","107384,70796845345","101379,41006466017","100429,32960785885","7335,508529033927","15049,589261457897","16962,525543329204","9920,7119906314","2350,7666921496","0,0","6268,285159472052","9425,402009605938","54947,33973171381","54331,51714728728","53247,63961346939","44928,54400203991","63880,29501103763","63055,18702515111","98255,07847602504","99237,8112544096","98905,71720076239","99296,21886626184","57626,97033904128","56860,06530592961","37098,17953259134","75702,13621192459","88314,11312219851","89153,97492822577","40044,44334259369","84159,17696807232","85322,2838555997","83021,2411020435","88915,9973469477","87277,1163812355","141110,6161883231","140004,0689488426","140890,6568772173","48461,03157146425","52484,38041342663","52484,38041342663","125867,40789448514","36412,91511075121","138678,5277696908","134075,6528475675","126248,49677758184","132923,76290363524","136618,97924988915","141943,01311370195","55027,87015032182","62993,57317646534","62853,33762919519","68144,41241352633","63503,81399432799","67325,1879551704","62451,59973407317","49222,10770581834","47257,220852766164","104274,00889818122","42851,32248935369","79788,5607881872","79300,61825717681","105983,6369060514","59950,90033809262","73208,05211778276","57275,1427726113","73608,60985346774","95546,22222086164","105464,10055899994","105615,39114854323","106361,54675336898","109318,3548263252","107776,55428612448","79483,62531066533","64893,55692250335","65038,79896844837","66380,45610687394","66151,19815625239","64764,65656832691","87748,63799668738","85919,74587892456","41613,225562185726","41613,225562185726","58920,235918380975","142080,89602825427","140448,3592616473","139160,6891882406","134242,78964498654","134102,4883645805","72172,89144938535","72445,90514743637","74201,26121945835","72553,13649661234","126569,30161582543","127129,88492833855","127129,88492833855","125705,41442557986","127874,16919289823","128119,39484708208","120629,95305072509","124659,66437763303","122863,86528163847","131012,74275131813","128149,48967901064","130798,91435399122","126182,04854186784","125931,14643085729","126692,95928870748","124643,45325454506","129470,11208185315","131938,16238603374","121398,36182343248","122836,66536282812","129301,19604163927","125786,80253289308","130038,55983605565","125981,17774656175","129386,7913657153","125679,90867019272","131780,277506188","129004,07876415653","125105,47242302778","75707,21443264508","65911,66242918876","72679,85393868214","106546,8686902596","100137,25817378113","105990,34230688316","93109,05387159012","99597,99002202111","36110,73320136862","20572,634331247347","105974,85121317339","45042,065050114914","42212,59197175647","54129,4745591063","189940,85849360962","59016,358648620466","59437,71903879332","15635,43381111355","13419,344506095646","6274,944105932485","74223,96856692624","98554,36861063653","107131,24672710193","59862,8833785421","57908,593070199815","29045,61201085822","30014,69355020211","44230,92326036168","44682,353103653295","44682,353103653295","108098,60365597713","117947,87583920258","118387,51345707057","118387,51345707057","32094,03747434089","31766,819518392367","100194,17990781828","107121,26196201415","107766,47087523753","107405,15877025863","81053,56545491696","85766,082584971","81632,74837376419","85698,01070408453","83965,54622217896","125641,09027540455","124630,4779431155","119381,88084370214","120393,49392929277","120141,06246591317","120631,98554723294","125405,15080777335","117680,03410124575","115010,77586565496","122664,40794553314","123644,42070734139","52176,76122786933","52065,32956326548","87026,24752394769","138767,80822097373","135314,76879675128","129714,75469003724","132631,46862472087","129488,84086532792","131704,4485271813","135783,5046443162","134496,1538513176","96727,48707424017","105682,93513932488","106076,4392056399","108392,86086018942","74872,4167815147","82698,55502898402","74872,4167815147","76279,85846558794","76198,94269572727","75254,61693808569","60042,35395871038","62277,50935412294","57482,369337817145","25956,433941025156","58943,18544455479","59485,94137167276","59716,603432647564","59410,18064253042","60131,611696499014","53684,46843266826","44795,53672304086","28071,139436442067","26837,050443000106","113603,92408601879","104131,6416271919","117506,80293661714","112487,70157125004","115968,83979800352","116176,244955048","107696,08836947064","72768,26787523174","133172,05177966593","132179,63045951974","72776,0608955491","71808,06287826883","122446,3774446528","122446,3774446528","72486,23552020913","109353,7307276377","110201,15799965075","107950,4619804728","44961,9344138929","46809,857491147704","121927,61612558448","121927,61612558448","104774,59128811627","99576,81849308727","96185,51112304725","26963,271141637866","30997,68011845093","31196,195451863052","49172,21548502862","85269,25228878259","78870,28501548502","89401,37002370163","108293,21125481515","104037,73246476961","116766,00748809733","107758,74298501002"
835168,"37843,394612880016","38277,351972636854","43301,922277088954","42188,23671850123","41423,820522384565","18791,5136763091","24955,386348701257","26976,964511284477","63325,894442753946","58961,50709060249","41069,45482155901","34825,06133890702","31469,117167359018","25852,96616548734","70241,16412863511","69892,07544394581","35049,14493825605","180989,40831605496","46597,20465277338","47807,15774491881","111163,93761938282","101612,07633423146","103108,0262596079","102329,98767131701","104980,69211584084","113658,68156638296","92191,82357927332","63976,533698216306","115459,97450386174","113845,02877180948","112344,66616993799","113239,79366893899","115183,32422154532","116252,12735281211","113420,82954995686","24435,142491462502","72481,74424033689","70065,8598610897","81112,34670443313","70065,8598610897","88877,60087618032","96371,49392574705","101374,44637258106","95458,08735744767","94475,10222877016","1067,937472753382","12252,32993962737","10704,21563150759","9969,139146656766","4352,005970380949","6268,285159472052","0,0","3162,9548162484434","52482,43472228648","51765,08174850512","50857,19872890076","42281,27089958874","57664,88669971293","56847,59599330079","101751,68782442673","102758,71454265692","102491,00030576413","102744,717683129","52424,66431909866","51651,396454553374","37439,29793879491","69675,29547624722","82362,36452412809","83194,5535461741","37781,488333353635","89098,96741344014","90324,24795381741","87895,77168688145","82743,6802970156","81088,14624770614","135371,28695282358","134230,82723442742","135161,29830021044","42194,102974636306","46222,71375820889","46222,71375820889","131334,50331146273","40734,54586069082","132471,26746659924","127948,1905063585","120244,99006051724","126729,25520979287","131012,36994308986","136655,65927575482","53749,030617680946","67467,47781706629","67349,03627830892","62970,48512704631","58357,440290403305","63112,217031237815","67727,17202480194","52370,51395415284","50561,971140691814","108416,62335454526","42572,584935801606","74092,56843024358","73678,0791742544","101262,46285904355","58996,35527667372","72044,7994362035","56499,842037703726","72663,70866381643","89278,40963664716","99197,74887136283","99348,84718843883","100677,18048582983","103557,80778295592","101996,30265022062","74826,51567924109","61344,85093100062","61694,46121884828","62790,4889758955","62624,0261016783","61343,02803072598","91481,5535587741","89651,14878231316","43425,913133178285","43425,913133178285","53679,66471764719","135879,42049326733","134207,91208812495","132906,19829837276","127999,15316362171","127851,2856774911","65905,3797408261","66180,45869468681","68060,36776938452","66288,96080607755","120311,57020300694","120861,65759355403","120861,65759355403","119446,75754216839","121607,71352956895","121854,17794977287","114364,56219797271","118396,14980599357","116606,19206044993","124744,72639580483","121888,11964837449","124533,8981809936","119920,55392889617","119674,08622529793","120427,40386658862","118380,229530797","123202,73668130784","125672,52285641608","115139,42356677531","116570,04789280171","123038,97289005405","119524,65453321792","123770,28262630946","119713,03022156745","123126,17200696966","119412,3006258654","125512,15811405955","122738,06414257079","118841,65053246969","70382,1679187397","60881,08821245426","67192,54193114607","101500,20917876404","95016,14801003628","100928,16168618367","88175,15816134511","94580,7047115431","30215,037653283693","15054,8870488782","111285,16555058947","47316,90268984555","44195,07110139914","51482,92676807821","194416,46990180569","59521,81141920117","59972,24189380383","21898,374576295715","19682,302540356774","11854,491014473091","78601,91017781869","93997,09084941639","101776,01287626241","55877,605351712176","53810,56648341917","35276,71591393163","36230,71258245145","43571,522809101356","44063,66142781449","44063,66142781449","113019,43825694396","112934,867887276","113337,32795341608","113337,32795341608","31934,139317924004","31814,844888556996","106425,85570415015","101734,08894928388","102389,44550595597","102035,89154296022","74788,42715303475","79500,86744544751","75364,89956427962","79432,18174672259","77698,85918277655","119400,78286107379","118387,19871755465","113136,78228348374","114126,73631177576","113875,17119017027","114406,86063630534","119162,03509138367","111411,9202151593","108746,35030669064","116465,82767371889","117408,15081369305","57170,11104880794","57173,78279422464","82182,66579233845","132511,26098691908","129048,77657150378","123456,99847058221","126363,3431656545","123232,42648431758","125441,77067575067","129522,23782154635","128238,9942444261","102086,14393562448","99585,18912953291","99966,0561389003","102182,5708317281","81105,04694036572","88950,29724381719","81105,04694036572","82129,85905311459","82062,8971725695","81148,14736573037","61490,08274386758","64788,902657232415","59844,07971979714","20962,268449718034","53869,248939361896","54127,251553991104","65957,06605860924","65657,6334725252","66379,29504445673","59697,555658131096","50693,005761777036","26556,523523624874","23046,99234976033","107380,99130073085","97935,31103757836","111251,29918364376","106257,7509677683","109722,33599261551","109927,54389746895","101439,34896440631","70265,79109313246","126943,94240422387","125945,1578615214","69023,63763298582","68024,84124963335","116978,41333911059","116978,41333911059","76403,45952519946","104972,59266048769","105764,05016522543","103529,87338680656","51187,37230107084","53032,565609067045","126719,89810390944","126719,89810390944","109612,4693510925","104028,25738055397","90664,12225701848","32096,262966508468","36483,23272022451","36757,5282700625","43754,09478358933","79226,60467255942","73947,98937636292","84533,29338253307","102369,07783968911","98430,68758395866","111071,44706765041","101860,91231221418"
835169,"35476,88930535324","36008,789254930874","42429,1471422579","41495,3692744822","40690,88859873142","19471,931476837304","27045,901088284674","29222,38372757513","60884,48127987622","56164,908261975615","40928,028593790565","34338,78280856728","31091,800038200457","22692,922963813515","67733,7105938124","67313,34106760348","33393,06575331146","182947,96261715106","49181,43940059327","50425,71704627916","108092,70329527443","98579,91046814033","100097,46070121403","99316,28871569768","101956,30639903947","110676,57681907459","95154,69323514785","66658,18085322856","112297,12832101213","110684,71298141454","109182,50581108191","110078,35744968623","112022,36569921949","113090,05232760876","110259,03461938663","21886,672569750262","74492,48450692637","72034,45078726894","82783,5063701866","72034,45078726894","91891,80913452034","93366,68656658196","98291,60977190387","92413,88374733161","91416,73094769393","2105,4744017479484","11656,117487149446","7541,288130032788","11579,707830317393","7482,991120717581","9425,402009605938","3162,9548162484434","0,0","51712,2553471752","50942,53609654801","50136,13216116518","41471,43183154919","54576,36480543058","53766,229432559194","103798,68071804314","104815,78347928615","104577,29154217886","104769,10692502123","50044,64131142856","49268,96137617053","38232,68321627453","66730,36655670221","79465,59527389545","80292,30865489299","36763,53102478946","91783,27632060675","93033,64018118034","90553,66298223895","79599,58832538758","77938,72912889544","132402,8140417555","131247,35378449407","132197,31318145274","39047,16157812036","43085,61365928151","43085,61365928151","134222,6460220566","43243,07292919257","129315,88408692469","124818,30690378128","117163,56932196888","123577,40921114334","128104,60337642132","133895,77245861976","53607,594060352385","69669,5053418767","69561,98259325181","60301,6349333379","56001,37803359743","61311,72851479873","70561,05691220294","54351,141923473675","52616,46077760465","110746,92462894166","43014,697833034035","71156,96387882989","70777,87491741481","98789,77128435264","58998,83053194279","71894,30203674133","56605,40061030212","72624,15252735298","86121,72031643805","96051,16132744683","96201,83449068258","97739,06694207228","100584,17478918543","99013,99987345748","72407,60335431845","59933,475055934","60398,03532754185","61351,3582038581","61221,14836936844","60003,93378266152","93644,02931423696","91814,84330878864","44858,372055127715","44858,372055127715","50988,47424787937","132725,5499156511","131045,73557686612","129743,31473558885","124836,63038243029","124688,33281950056","62748,029208874475","63020,58032449406","65031,568281246036","63128,23598468582","117148,98097033669","117706,68554349433","117706,68554349433","116311,8076583491","118460,75759321298","118694,1480797758","111204,659177223","115235,128317802","113472,49670884863","121588,6332076637","118726,29319244268","121373,7284594325","116758,76394074614","116541,09696557334","117267,63015385317","115239,02663519187","120053,50900852653","122512,81787085657","112004,16860448592","113411,29574362573","119899,21487797165","116363,07825057229","120616,73767318664","116560,81368575887","119964,13873812628","116262,38147275944","122360,10120472047","119592,02446118857","115699,5107868571","67897,77433052401","58592,81536401308","64608,87672607762","99160,4319865568","92636,0640750828","98579,5128624616","85912,02800725946","92262,92279316857","27408,718251925642","12705,29274437927","114113,47912945342","48519,72954153459","45276,06957216492","50170,821743299","196544,60595434406","60254,12346527418","60716,93102258663","25059,15817651899","22829,206205725015","14934,210290438203","81058,27443945549","91610,85231099774","99250,91188290135","53842,07865741981","51721,33472392578","38396,130410778045","39340,12871536056","43342,90427902108","43852,08555392416","43852,08555392416","115684,6390145123","110313,2770857268","110697,52406561171","110697,52406561171","32084,424528506355","32071,714370044036","109587,39383485622","98935,82677142452","99595,82429919286","99246,1065521631","71628,32171123895","76340,82061395467","72208,339530333","76272,62906819141","74540,20091760694","116285,47871336897","115269,02424231089","110016,90744729605","110979,1381228624","110729,43036607964","111305,61161258134","116044,00565785667","108259,93783689116","105603,30635663448","113386,80156644146","114296,71846543638","59903,99055039872","59952,53856919586","79662,28154727574","129348,53538385966","125889,37706371339","120294,41424170086","123207,71451524926","120069,68386607718","122280,39373203016","126360,38510034722","125076,33515002456","104936,78869596704","96467,37234482431","96843,41343329017","99026,65877559557","84220,40248579707","92081,37240019676","84220,40248579707","85017,6986436161","84958,34473154004","84060,03445826039","62667,00734627085","66448,03091843473","61449,82175823595","18565,164551087317","51264,64405229426","51374,30246203844","69079,41090093205","68785,74284770017","69507,56372359255","62802,63487308935","53763,653323445884","26566,755149449335","21796,49685819758","104221,9942708214","94783,30987518441","108088,47293677181","103097,31718783469","106559,58556389247","106764,66344253636","98276,62848099133","69410,3770908219","123783,78124846889","122783,8570277686","67476,04836283287","66461,92294654039","114137,62131989458","114137,62131989458","78664,45841802796","103017,52081472699","103776,34683856853","101553,36797223009","54299,94093441951","56142,97940444631","129325,35381085606","129325,35381085606","112243,7775130591","106496,30820905084","87805,49784913922","34934,640218041495","39430,028853188334","39729,18363591815","40986,142023103166","76132,54861757321","71706,58592437173","82312,6605080901","99485,81118208049","95751,92364028154","108333,73250662618","98995,11630950766"
835148,"30067,982524755713","28322,915432912898","91683,25127501419","91370,18250660079","90471,78910916687","36041,77430526725","43071,06585971232","44836,995920139816","36938,411185590514","44923,82239859935","14475,113088681208","17953,000861205113","21447,212654472492","50800,828156134055","101631,85677685191","100048,90283628106","22012,492366002964","230465,262914387","93726,88904744282","94532,86440204496","96861,12096433152","86134,41465190372","86221,83341355862","85722,39027558813","88588,15248278288","93989,33929047546","101985,02205544719","69891,73009156744","112674,83198236178","113720,42583151336","109179,21989532316","109537,70833112193","111037,56726022725","112603,38871063133","109897,97847803416","37301,75088970347","59726,05551314974","57133,93364904267","59137,83222372816","57133,93364904267","101488,01684804888","111431,19781110217","111645,0088115962","108705,95547587938","107071,68286215747","52086,37339906665","63012,30542881474","50594,252718854244","45151,660852303816","53044,105121117194","54947,33973171381","52482,43472228648","51712,2553471752","0,0","1155,9683753162465","1798,9018771225471","10244,360824899706","56997,77156328955","56065,08644618683","83948,23986930368","85040,60344527182","85455,95628388591","84313,49011275136","30831,338439581017","30685,789235777982","26178,7009723322","56913,18759280886","64008,33465744038","64871,171471081274","85766,39436210695","89480,54038026775","91274,44987349345","87689,18675842052","90262,88800506259","88133,88943664191","148721,29436150903","146991,96778646926","148716,8340576102","54077,31614177573","54834,90137849108","54834,90137849108","133976,88828690498","52318,62223648976","132083,78393415117","131729,2186295805","128736,22736272193","127551,87788266383","147052,37698003766","157132,1807888073","10741,067741016783","116593,26786212416","116409,06399015029","92362,53775177668","32364,62974104417","22736,628879416607","77219,08845476416","46955,174730812396","47557,35083051411","96350,29720295353","20373,45203164798","94900,05747163076","95701,10335915152","130505,7015164305","15292,096573764235","23285,66413727552","15757,234672045957","25055,509020302135","87322,26414399434","93682,7921083545","93879,4020788281","118008,0454758049","119199,10968608526","117430,59439231279","107200,4450463965","14852,121317445026","13370,796729386278","16265,285192518697","15593,798299983273","13739,698209857224","77856,10292358338","76377,6297785149","34535,24419420611","34535,24419420611","84240,49111217522","135567,83902360356","131281,04540915723","128596,73273838415","125289,02586356118","124363,96990023727","69527,06233482968","70426,84184864345","59889,978877630354","70802,96837804097","116680,45408950254","114307,80879049317","114307,80879049317","109827,67901960932","113455,11469850627","116647,46198896797","109877,71317587675","113944,01837059735","107132,10770629163","118087,60359697578","117515,01948388925","119128,55126556299","115716,71799215092","109794,33302694782","115264,80995152275","109689,17425454689","115279,59202396372","119989,85998167233","106015,32080898201","111456,30165068622","113684,1687606257","115237,85808098648","116622,09682338496","112687,96163930844","118767,8641457891","111984,68180950727","117898,6027788368","114328,74272482474","110235,01976342921","42332,417611104196","31910,81226169241","43002,91891284458","63837,34591329056","59005,44467003087","63513,609793689684","50651,7758858496","57280,248307699825","39399,12023084391","41342,58868698165","113461,42888664482","99711,4147876727","96658,26088651706","97094,73977108231","242626,19311068492","27655,01294130343","28093,014997234422","62816,963308817954","62574,33736624989","53997,764841894146","74682,42849940073","125296,05560654677","68296,4055269248","95204,45878732238","92791,60734450525","74866,96207885278","76029,9155984777","94305,05906131136","94839,02120596159","94839,02120596159","109602,22533019431","138316,06732437573","138272,63679242186","138272,63679242186","83655,18773294524","83711,03881823384","129575,45737245781","123491,73422046028","124221,08070964251","124005,79055903586","76822,98276668417","80442,05435058354","76251,88404426718","80219,07814604958","78592,4386624657","107683,10956347207","107050,5798176462","102543,45429924381","106861,12295630966","106339,18339143804","101981,28646833447","107730,76610992585","105239,86284283278","101407,35428812998","102102,65649866394","105539,54513693902","66699,96234536279","67981,27402396657","112076,03813958928","127959,28119594775","122961,07631066191","119520,87904886632","119445,37681629726","119508,08648726092","120487,63394685049","124477,83554746132","123958,98298130192","106127,58793064136","107405,47693228124","107294,39488930766","104708,9175701163","114251,5813087915","120303,30144089356","114251,5813087915","122779,80833477998","122554,47343261664","121332,64359692925","36481,73495189736","47408,037089170226","43508,7062761573","63400,086348943085","85949,02933868734","83375,4535092885","100252,43576139149","99609,52237237373","100231,19002335545","82529,23320811066","73899,98816744871","27179,24048259204","30204,948398891138","108439,69322798942","101832,3124834359","108889,97002728107","106946,24054997877","108567,50793563761","108521,2802718117","100136,31980265962","17825,959585601548","125626,81923514853","124220,8912810813","22579,340650876653","22021,984422554935","136248,7636449227","136248,7636449227","68210,39448522439","60312,67801825739","61525,21314866716","59276,6100126187","88075,01491495284","89743,68224528959","120187,48268027185","120187,48268027185","105547,61900095551","96051,1226253427","111737,24631126663","55726,68983627573","60477,43106295411","61348,97390120038","75068,84584998777","91904,1509212619","38932,43628918386","46736,634622845784","79827,90341403971","69551,59458440216","82387,15283960711","78716,04621075928"
835173,"28918,620400215943","27173,232200290517","90749,49393457962","90456,81879380044","89555,98810213288","35534,77961078755","42871,11376143251","44692,327612635876","36025,02365636222","43861,26788166128","14399,02364937688","17396,739868229448","20894,09929801872","49732,57086734041","100497,21171830823","98909,86588714278","20942,19676029552","230040,8339340084","93317,57515496486","94138,5971437626","95979,77192767937","85249,69505153861","85361,6293966855","84856,06909586061","87724,84422799459","93198,88745062507","102485,53043516164","70337,36602286364","111660,62538536338","112679,50414862875","108165,06205588079","108530,02475355487","110036,84126927103","111598,81830493374","108888,70861184961","36267,71531704591","60495,79021355303","57891,11963627392","60078,860689435714","57891,11963627392","101930,4950025741","110288,52082006213","110523,2874870463","107568,7060398915","105936,24392662512","51351,896419155455","62198,86435644706","49706,54645267192","44569,138856017926","52403,64844061474","54331,51714728728","51765,08174850512","50942,53609654801","1155,9683753162465","0,0","1890,3920100881244","9484,56662069641","55868,72188077506","54934,54311448335","84894,70906482587","85988,08813516953","86393,87713579707","85270,23880039048","29760,052581600456","29603,891400410852","26270,024487158396","55893,85069901236","63104,90435060721","63970,625326549496","84831,91794634778","90126,34546743867","91915,14093115859","88340,29444602295","89139,3233976049","87010,75902844226","147600,20989422285","145873,50914969464","147594,64575733384","52925,0268190952","53678,93873590789","53678,93873590789","134674,48104188376","52469,87078326639","131062,5970957269","130667,33485332198","127635,68557627297","126514,4985281528","145917,76653779353","155984,2385797409","11675,078074451276","116138,75934462929","115957,27424758712","91224,97754638919","31392,002321237254","22114,553408058524","77631,67227007075","47444,75866028113","47995,419175663235","97232,70827278616","20640,04163237003","93744,09369073203","94545,46099963688","129354,60864356633","16376,576409195884","24417,81050114603","16745,99468346968","26202,433978023313","86264,35341668369","92672,99644275269","92869,40893083319","116860,68037120179","118057,33703775686","116288,90801371848","106067,38843905363","14482,482423100926","13165,44260832666","15938,333781656207","15300,368154156338","13457,002609965222","78719,08684835903","77229,89850417785","34881,00471227773","34881,00471227773","83115,30815661553","134548,6547081682","130287,42198696586","127617,12078330822","124287,31156380626","123370,34378847665","68398,74839714653","69296,72720647037","58828,27285462735","69672,08295177063","115680,37588410339","113340,64436020685","113340,64436020685","108896,08921379548","112508,04232127238","115666,1614301907","108879,52789269746","112950,40980507004","106194,53783722185","117126,37158736135","116524,60572801957","118152,56312346066","114722,24417445254","108866,42973636524","114281,33906314913","108744,37522095461","114331,75233866046","119018,32405541281","105071,18404422265","110467,5818452869","112754,14388563903","114243,81114102405","115665,54866016038","111724,8490388568","117778,67343881434","111025,94136335111","116949,82476860251","113386,32836031681","109289,82012075436","41510,254458641124","31004,514865363417","42094,55820099174","63452,60317251962","58538,27972981316","63118,04348063513","50199,277524074525","56853,58137887256","38290,95733704961","40446,443856972815","114134,00248066515","99027,0332055101","95954,03037398323","96099,57880684135","242268,4023672285","28570,116597647797","29014,78392931106","62440,66792444762","62152,4840778121","53497,93124579254","75354,6906717906","124151,8502924113","67780,55640682678","94130,83656118809","91717,4295157454","74601,01881950007","75764,92377848439","93438,13600020368","93973,27539732894","93973,27539732894","110366,57354736813","137160,10148879007","137116,6950689896","137116,6950689896","82843,98352497027","82910,58302032472","129859,45375435194","122337,02157333691","123066,3593397101","122850,9092550895","75715,5068576124","79348,1756150138","75151,43369486339","79126,00636160818","77495,888515864","106779,34433439214","106140,05719286254","101614,77206066644","105893,24546176179","105374,08638539675","101079,20858784889","106822,71559440928","104255,80383660077","100432,3238906846","101231,90597322251","104634,74045269279","67046,0832552322","68309,07587744785","110931,00191710533","126982,02353562531","121998,00046018194","118527,49302818505","118489,16174740321","118512,19687311036","119507,57208506898","123503,1566532622","122974,3894391174","106749,98735597184","106294,93423223699","106186,85624026979","103634,29742923286","114274,0668492835","120381,65547522953","114274,0668492835","122620,74645143078","122399,58964155402","121184,55625986459","37329,92482197515","48186,889001172545","44224,228399434134","62437,14082919664","84830,44898161796","82244,61443639935","100212,41749555242","99575,99502382602","100201,87043811672","82683,91192128499","73998,45244909328","26681,67266747723","29365,027473435475","107381,9053094554","100743,75135138627","107866,68275191098","105890,23025992911","107531,24114261904","107487,5281741767","99091,07448529021","18501,531391239278","124609,9427202554","123207,12599429114","22369,976264392517","21766,43996474903","135100,4997217442","135100,4997217442","68935,66748082839","60239,394985869585","61432,519766175916","59177,37085174132","87932,3868526886","89611,3932510801","121021,04922049143","121021,04922049143","106315,26662524261","96865,55517792984","110582,05532409654","55647,69386222128","60447,694643574454","61315,21978980021","73960,68623116752","90760,03934009511","38296,37741724826","46270,93145018476","79061,24412859812","68904,18644155648","81775,45881509206","77959,24976054758"
835174,"29504,06444735959","27766,72477313233","90316,66696614683","89969,82216159986","89075,45542649596","34290,97895764978","41275,04704511917","43048,263935920666","37687,68521283287","45240,296836207","12695,369321451493","16236,213499970101","19724,763503659513","49761,949974272306","100888,95994093691","99340,75121194495","21018,4950326977","228683,0479882911","91942,34250401758","92745,30828675762","97668,80407445079","86935,77299943639","87074,32912212668","86562,42350899572","89434,12485778936","94973,4063562518","100598,58832129881","68447,07774674876","113142,81368787852","114100,5828236202","109647,64284661433","110025,99152794969","111546,58866859396","113100,82295547976","110381,4020716294","36170,497461612504","58718,82637202723","56105,292478099684","58489,665464841244","56105,292478099684","100040,12731657465","111281,23682899101","111659,9675093274","108607,07429315448","106988,2666170108","50476,34466356846","61480,709799215016","49163,59534518582","43434,55488534989","51360,40517819781","53247,63961346939","50857,19872890076","50136,13216116518","1798,9018771225471","1890,3920100881244","0,0","8727,077633323232","56974,95265892969","56031,798701697815","83309,5999639112","84404,43144546777","84795,52242847884","83701,47300735101","31125,477768047458","30936,265546841812","24465,694424589346","57373,99689726822","64771,62187680807","65640,71765874993","84401,87764702253","88276,41098081479","90063,09188091608","86492,6205680558","90268,78551673332","88142,99999385203","148737,27153998942","147024,4474882491","148725,7376662406","53536,16673670452","54425,45268590269","54425,45268590269","132847,65662417177","50640,82968312895","132528,40022362446","132031,30666969417","128869,22787916794","127943,21133513004","146972,12822292928","156917,99339709917","10143,878478224453","114819,52286894855","114634,55676519939","91643,58156336451","32972,56753167247","23984,50383521802","75741,7111590509","45557,385034729996","46105,073007353894","95559,32065659542","18768,008830216615","94479,2948369762","95243,83088532236","129927,12825546005","15175,178842016127","24123,868661532113","15285,673185200309","25761,530620327954","87643,96570021282","94166,19248015928","94362,17645716465","117804,39439436814","119057,38609986696","117289,90530381833","106445,24056067276","16363,641415325397","15001,24556618745","17811,97500829324","17165,700592971745","15318,346152813598","77025,27708353498","75524,74732900652","32995,99520538464","32995,99520538464","83437,59039375585","136018,63653476562","131809,50794241857","129164,96866459533","125794,10644084265","124892,83280757116","69505,09630700236","70391,62333150032","60203,29491921096","70761,94463203027","117190,96497340509","114910,66887941313","114910,66887941313","110520,77946717502","114109,92092132344","117211,75796050875","110394,31833435236","114473,63983916704","107810,88424212675","118705,85270482967","118053,57216589233","119707,31414341203","116243,70504952337","110496,26892668035","115823,15403685138","110349,92110735898","115932,35286334988","120580,64758658616","106677,9803604768","112000,12533346447","114380,78309139202","115766,116534255","117252,59586297057","113301,64015988687","119309,82304808199","112609,82002044603","118548,8373678643","114995,11072575444","110894,72941201119","43265,70300513502","32678,97446850391","43760,713525772386","65339,4348236374","60428,49232594306","65005,920207821044","52089,6677773835","58743,42833055404","38525,922309579866","39929,259420554736","112295,13301039429","98054,01331142885","95016,53215504436","95846,9105009418","240832,31025909903","26958,98433509175","27412,751280195673","61026,90486983088","60793,46838747167","52241,41671251918","73517,06945827436","124632,22821757608","69667,42232838391","94170,63878985072","91760,08654844922","73068,06768573986","74231,0270874461","92835,83765403411","93368,14319393788","93368,14319393788","108582,01234720273","137891,4814168261","137863,56364195075","137863,56364195075","82117,72585828941","82161,53458405942","127987,95862860166","123153,84302587101","123882,83171759173","123662,13784502367","76926,69841818811","80613,63408834362","76392,22879504091","80394,52447791967","78751,55276927483","108441,03365848598","107793,24351711434","103244,04140200428","107462,62959133144","106948,10352748196","102743,37131034287","108479,01244788307","105797,33427493858","101990,06674059993","102932,3046131368","106295,27034371863","65162,02129542701","66427,89360775337","111422,25703636358","128534,03700259533","123574,19813043221","120050,74972049685","120076,55919659085","120030,69310960908","121055,11013140723","125059,83869991079","124513,61151716019","104890,7224626541","107487,5284440347","107392,92246987447","104962,33820349693","112512,64606764128","118588,95721586132","112512,64606764128","120989,99164730842","120765,33063410566","119544,64219945522","35629,85830034075","46419,13900174172","42413,27359671856","62092,33073897742","85107,88247259858","82608,9417389359","98490,81644792511","97849,9866117977","98473,0502361998","80854,54128113315","72194,62572388396","25427,463877309354","28721,40802800852","108759,29907919043","102025,39012406937","109329,52383208038","107272,66939391517","108964,1265616385","108926,41266616453","100502,62321930949","19522,373850586104","126085,51242436847","124689,40440690905","24211,900552822048","23623,527715082022","136031,7618593986","136031,7618593986","67127,36594228349","62025,29224039263","63228,51392254911","60976,540749550244","86287,67895498606","87958,29398439667","119294,08290480278","119294,08290480278","104533,27139514951","95122,03867330766","111383,16565131371","53952,654408856026","58718,183042651675","59588,44606770013","74177,3854907189","91741,9132450134","40158,588436286955","48161,22851283752","80853,96228209109","70759,87643537857","83642,65601494964","79758,68773774095"
835175,"23237,387732983025","21594,530119270705","81632,34991291502","81262,87183293657","80370,86759065423","26396,57276915289","34910,888353025","36997,96833560417","37228,510553369306","42403,9829103398","8901,497565139107","8313,602909718918","11741,83753929838","41669,80343187164","93477,15258186341","92034,59751207582","13419,610769123054","220993,3627251764","84354,1188754612","85220,74360658831","96781,41645219621","86071,28809892491","86486,90629618213","85909,89678899718","88797,312710489","95081,77327586657","98767,70182592829","66356,22061539328","110459,69671024829","110996,41534246353","106978,6754882837","107451,89314920448","109068,25277355195","110560,63459928078","107782,45268376933","27918,299068654724","59696,4665909137","56992,30776514175","61364,22219080444","56992,30776514175","97733,15924264592","105899,91508400752","106945,57095285087","103435,56426030915","101883,51613878275","41867,67387346392","52772,25790080431","40445,881549882244","35229,04215207519","42970,27088799494","44928,54400203991","42281,27089958874","41471,43183154919","10244,360824899706","9484,56662069641","8727,077633323232","0,0","52409,61286917549","51432,3736589789","86028,57027631125","87129,15789301344","87399,41805044308","86546,96948530737","28631,017078656296","28239,98567616077","20577,380934625744","55029,638336916505","63881,36832360724","64774,54290821339","75719,94593501423","87787,27890310861","89516,44717428714","86063,36514621062","85591,08575050576","83488,30495823869","143949,98761273417","142308,09217636756","143909,35179282253","46953,421203418424","48320,04192920941","48320,04192920941","132671,15117788312","46474,530632577495","129678,39813546733","128517,52770212888","124612,51865974962","124852,2224868004","141797,6426582424","151211,40394996107","15561,682062395086","107034,95447620831","106860,67259183075","84318,72448919075","31954,671729203583","26902,760935709684","73323,61162714384","44150,837732154396","44249,15666755865","97445,5066895059","16810,520929922386","88128,97238962556","88763,00483562778","122980,7662347365","21427,097643177043","32255,44303921427","20408,696133998634","33632,98353782378","84376,38689349248","91634,24513460993","91826,22924278349","112199,46925443447","113690,16914131615","111930,69493678035","98989,77869833875","21383,332477094445","20878,1290822919","22937,235471779688","22498,644796917106","20835,82644643285","78807,90231847302","77200,49313969264","30733,796661933906","30733,796661933906","75882,64373080396","133190,01922487814","129367,02180841705","126925,63458879074","123252,88229507685","122470,41554544354","64827,940723186155","65651,99330228186","57114,55834126247","65995,23748231342","114701,3093163532","112886,59304135732","112886,59304135732","108973,41231358882","112352,42080137618","114987,20151452177","107957,15479589274","112086,44099916938","106199,47734677642","116747,22580635804","115698,89196083567","117547,09496024848","113837,7984257127","108994,91768755722","113573,48161802636","108636,14507362341","114158,27174742048","118477,95482885532","104987,89626280058","109691,33895270394","112838,04547539314","113367,99406546794","115360,68427261345","111337,59354302128","116968,0823581737","110706,20915984579","116753,40036932485","113293,96352954568","109173,65067119828","43647,27225844843","32504,578755416976","43178,58350197059","69018,8816110034","63567,90854446521","68613,33689163454","55428,3870497689","62189,42323222543","30968,68534530861","31222,640749196777","111944,80638140811","89552,27571929668","86471,97531652727","87293,67208356626","233414,80460473345","30347,92391457022","30852,349147227167","53627,25371894129","53189,41768505228","44328,351140656625","73379,83879825425","117425,9617979436","72360,93992374529","86011,89796395022","83608,59252853047","66177,94478720357","67343,0284701909","84108,76058760827","84641,07368119313","84641,07368119313","109141,45488184059","131447,7419429516","131473,62587385997","131473,62587385997","73413,71185906563","73467,18523263413","124379,65295160493","117038,13740322682","117764,58888335964","117524,7485966622","72739,29027568722","76702,97084158548","72369,541408019","76502,42911315063","74796,87005636896","107241,5896613915","106515,53266904074","101764,0743977721","105458,27106202123","104983,12331866028","101588,99108334984","107228,16433803564","103579,01636500092","99913,21652060033","102140,34750049486","105092,52168544377","62301,16774532163","63413,16918287242","104263,27790512054","126328,8076439848","121575,06025527346","117647,22573717886","118179,26945756059","117591,56080611756","118834,56952369056","122900,19402576081","122219,31854149901","104105,42348378335","103068,73110917278","103045,01300470566","101305,47153530292","107172,41338698979","113590,25772228779","107172,41338698979","114583,16885156604","114381,32601996594","113198,9290323255","37921,19462891212","47696,16304661021","43150,105701097076","53473,89869712726","77442,23376712218","75161,32501893575","92798,08144913925","92197,75410221925","92844,78842070472","76478,03078000984","67478,44822652868","17636,790372679974","19994,34783977883","105391,19028884207","98108,96608928674","106522,88819383575","103941,24888802091","105954,65485850336","105957,33476801707","97382,71230856056","27984,52606356805","123319,15830649552","121974,03176630533","29615,688564261312","28813,556446041926","130342,67429472748","130342,67429472748","67561,368635707","67626,0085872399","68717,31021052455","66441,80575786943","80027,4819474752","81752,3577767542","120539,7674852939","120539,7674852939","105142,91326299337","96262,08213901156","105231,17873273802","48206,918336134586","53246,80854406925","54085,64537979302","66396,20736769246","86372,06101501027","42319,89841694819","51460,80084565577","81287,47303514725","72373,17354650308","85467,83247642776","80296,80836450844"
835176,"29967,744830860313","31342,24171584357","68443,06485821436","69859,4865848992","68961,75484749934","59275,41611579544","72361,79506747595","75139,75998441479","28220,49446010065","15289,445465555515","60304,032651902824","54168,284736057474","54460,15681438908","32489,601363466507","54138,02247744836","51824,595988852394","40622,40243148458","228182,46189836127","101970,91695125887","103363,14956156851","53541,44885285457","44298,33270325813","46036,22355071331","45224,27828458427","47736,31239437872","56881,88524649458","144040,46894509837","112457,33312971905","60118,60754751905","59747,67672213204","56756,396307409916","57458,694191603805","59282,12222314983","60572,161701418176","57716,126732156634","36173,496862674285","110888,02928518015","108154,10815177149","113689,32451638248","108154,10815177149","141760,95779216164","54664,699271512414","54695,25910887202","51780,6504790232","50116,08570966806","56602,09356104179","57658,52809573956","47242,832443525935","60357,22525292349","61699,342419056135","63880,29501103763","57664,88669971293","54576,36480543058","56997,77156328955","55868,72188077506","56974,95265892969","52409,61286917549","0,0","994,0395538744701","138220,83781070114","139320,62614082775","139532,44321800667","138790,87052245624","27052,546646867653","26947,170281745905","68799,20026103845","15459,603437012018","28075,33315923109","28708,465283187496","63834,220098383805","136320,6116894035","137900,16853648916","134748,0846651512","33301,77881690036","31179,976825570575","91768,78033800574","90070,14820015243","91753,66536872057","16469,245970318203","12308,162301809198","12308,162301809198","180990,2955399479","89123,17704585462","78676,18427988232","76526,80745648486","72203,04871242565","73469,00070434215","90077,68001083923","100550,25606986073","66844,67041057361","119467,27581622543","119443,31744490971","45252,86558114138","28755,883573859748","43582,83002991694","118223,1511605386","93011,99870494619","92376,40379275725","149037,5340089669","67891,2919874856","41108,8081203631","42480,241325551164","78053,37422033778","72150,08201609549","78817,275103659","72005,95991975385","81038,69084132668","33381,72105804378","42375,49526112216","42544,53521437968","61480,40194481504","62384,251312349144","60615,33486944336","59538,71554112276","50460,38708089828","52770,39383693475","50674,26085451602","51275,83049275941","51804,563237752925","130451,5834085642","128771,32108519395","79594,74653656517","79594,74653656517","40893,98023792861","82191,17364385682","79234,80079080873","77339,60748755618","72992,78848607643","72510,14758671257","12531,032156583853","13431,323910480845","11385,60036063325","13812,444383809709","64740,15455107712","64285,721087592","64285,721087592","62137,21125187931","64627,13610085736","65729,07899053847","58315,29286115776","62460,679069593796","59279,289561433165","68216,35769834841","66064,59741491388","68398,61202790735","64115,080385507834","62324,965249950335","64285,51044914149","61226,64764315854","66304,89424005705","69467,64492935537","57849,84820478467","60354,46298697666","65829,05015963399","63678,22902831671","67083,60922718262","62980,60930666674","67336,40415558068","62567,67330370669","68733,2556495288","65718,420010528","61713,25672409171","30685,338818871212","31345,868009394282","25923,350715610304","58708,762216682015","52139,772511991745","58002,741067446186","49271,42809039216","53243,47388966108","29260,22103032005","44581,431076784866","160232,30331125445","92262,75629734591","88548,37244227203","67367,04686609478","243464,59063988162","82728,78728734939","83228,86514644398","79329,4420747799","77269,67580338332","68445,07197758273","122879,54281737858","74572,53826177193","54701,94773742332","57477,87174898582","55411,77674026959","92925,79696027655","93891,45930455909","75757,99640289546","76272,67267119439","76272,67267119439","159046,7831462155","83543,40955453247","83324,74845596522","83324,74845596522","71490,59185397303","72256,83731081683","162999,53609015528","67961,83261736881","68686,8342739237","68526,97260059851","20428,177968125587","24657,27608084084","20242,473696983965","24487,337569614356","22721,655301756957","61824,52077617234","60836,83128286203","55609,782312929085","57215,64861833039","56892,55420876545","56757,34380553735","61609,5392320011","54734,9652991158","51700,289535501965","58816,253236734054","59805,205454689254","106811,20113223884","107427,63010326505","61745,13929036685","76844,28337330754","72778,31146774668","67837,71891478957","69790,0155569911","67692,27045125827","69483,3386108017","73615,248546671","72589,92224448061","151667,82682697958","50669,28730229949","50636,34337963406","49308,412985607974","138750,0706712185","146537,17839660178","138750,0706712185","139001,03175784985","138977,88596528978","138157,5575316542","90215,69630252151","99370,1476795477","94531,34282087766","46992,79802198269","43461,70162630756","39084,74832323487","123587,71994419135","123268,58068598631","123989,25755390391","114930,13687718894","105504,90151859491","56747,49001775931","46705,24237687016","53759,1783137642","45868,950526606866","55978,9858324215","52386,85886117702","54974,0420110444","55061,94045020784","46346,543259273974","65786,74163331708","72561,86867515866","71344,39150378389","52016,63284091234","51120,686208809006","79729,49494367334","79729,49494367334","117993,76832613099","70283,66010808","70262,13935948112","68577,82961766633","108842,20340336992","110689,81303819147","171290,2162683187","171290,2162683187","155172,76103696748","147098,38831536812","56539,0878338783","84918,21127844379","90178,26006029056","90735,6904202256","37094,403743773844","35288,72851602114","39403,46067606084","47446,51733946317","47412,08742230811","48105,914341110314","58713,42212638832","47262,48576315744"
835118,"28974,17142774705","30350,389596958667","68165,91366574529","69550,73691382703","68648,76328003788","58320,45834607175","71409,00207726438","74186,94650920306","27642,53936266885","14711,265356090295","59316,012493755574","53174,692393607875","53466,71835719587","31760,271493014014","54521,156572787004","52229,76070034671","39629,31507805843","227765,4405931977","101273,09158750159","102660,80166999734","54332,6131351644","45018,573849015105","46722,89916444688","45914,759790654556","48447,93981563563","57542,901152448336","143076,35219766074","111480,8817275428","61092,63962208694","60736,20133153635","57727,098980926916","58425,10981742759","60245,078664262","61539,64979659731","58684,10562625093","35239,75359941881","109894,29884296794","107160,37386916709","112705,18840671447","107160,37386916709","140806,2267549205","55548,78957539956","55648,10041297908","52688,55972630431","51030,676267995674","55785,901716558576","56980,25037215646","46453,80360709383","59458,4051740488","60866,60203724534","63055,18702515111","56847,59599330079","53766,229432559194","56065,08644618683","54934,54311448335","56031,798701697815","51432,3736589789","994,0395538744701","0,0","137232,9101702629","138332,66452241616","138543,51595746016","137803,98215537277","26203,519099794557","26083,5426801356","67805,48117954703","15695,611892312718","28448,913131922003","29102,292874914157","63504,26253029803","135334,2655632312","136914,7260937246","133760,86539168077","34255,18958519927","32135,3570168525","92719,0589989292","91024,745064013","92702,07595155391","15868,68537400125","11746,382050041617","11746,382050041617","180008,21896031254","88157,38762086807","79663,5027398146","77520,6843906423","73181,36710685214","74460,14309470936","90999,16069520947","101423,06474755313","65890,09060266518","118874,1753570724","118847,88919157046","45582,34202449813","28031,980893436477","42840,90976400188","117255,79059940192","92020,19049986346","91386,5599541986","148044,28381492136","66899,90221642682","41756,76709900623","43098,11093445774","78692,64912734619","71206,55318308252","77933,03012287842","71049,83886708786","80146,55299345424","34358,24421455391","43314,62630984001","43484,45876796614","62340,83028027903","63276,07017656748","61506,915968721376","59945,89520008314","49642,838557950396","51942,86199746937","49874,43022003173","50469,691425761375","50978,654424231165","129458,78138528137","127778,25588072785","78601,5145506744","78601,5145506744","41039,93217312423","83178,74010519839","80209,60549131822","78304,64341170885","73968,4992162353","73480,62472026458","13474,764124921852","14362,42004266832","11903,720864134126","14738,006168854114","65708,50407161756","65226,0428890807","65226,0428890807","63035,28755800139","65548,14262178869","66683,97669805653","59274,845012824466","63421,68078991065","60176,55436708319","69157,28498409143","67027,125102996","69352,39632558142","65078,63845058236","63219,21566408924","65240,39766217287","62137,60707951804","67229,9483258003","70419,08030849799","58751,00052678278","61308,54945932703","66734,49030591069","64640,97838650636","68018,48070444491","63914,76707373243","68299,3223660883","63496,633980302955","69663,49618881539","66636,80368385198","62625,83999361108","30307,157928418546","30663,84732932827","25528,058888862182","58665,364671986135","52068,46076535328","57961,022949344624","49047,72466875243","53123,94132051314","28328,206218610532","43690,082667790884","159249,1346441865","91769,46646067224","88055,151238997","67240,576151289","243005,1552026209","81755,28861163216","82255,68475532818","78485,52558929556","76437,11248901278","67585,28791140014","121888,19224312586","75133,97915008634","54804,716890832184","57529,383973755816","55441,57150126647","92099,35413155338","93068,89260161467","75412,5301769419","75929,6821336333","75929,6821336333","158055,4029324051","84297,73470174138","84088,30884465079","84088,30884465079","71003,65518034132","71760,634006025","162102,29798178858","68750,90000804981","69476,59390018412","69313,16297167941","21420,11752975794","25650,99014694302","21236,41397768567","25480,784863125937","23715,439036179076","62687,382721119706","61705,00776587942","56483,24503588482","58143,04016117508","57816,047790417375","57597,864491062544","62477,16838046075","55674,652196773015","52621,98905405064","59620,57285528419","60662,13360163608","105842,73772494112","106462,5859151481","62267,71243579152","77807,3503467357","73726,80407947788","68804,17829527857","70728,74828592039","68660,357747892","70441,56386414717","74573,61763361144","73554,44731259022","150688,48736887085","51641,80947907594","51612,66454088589","50302,45040311704","137919,97448498278","145695,98523036562","137919,97448498278","138260,51412186734","138234,98475068063","137409,17152881288","89231,41023287507","98378,3390944679","93538,52038704859","46420,784895580364","43593,01040325662","39255,2463262582","122754,96648878252","122432,36617688555","123152,83773160393","114012,53877721234","104584,38799798838","55762,30406184526","45732,96891750682","54751,46979413831","46860,96094807139","56955,546553881155","53378,277614787796","55957,92321797075","56044,444131845696","47329,329915313225","64971,08629685546","73545,24890902288","72325,6979996151","51298,90035414181","50395,10391848091","80593,70759325803","80593,70759325803","117000,02534542096","70040,55051519026","70040,79986827727","68335,26281804396","108016,41627556474","109864,85847852708","170296,57921754106","170296,57921754106","154180,82858014587","146104,46678268517","57298,68567365646","83987,82923460104","89252,43518159256","89812,7045348928","36999,637769890236","36146,1612458755","38963,05997475878","47153,048338438275","47907,71498851084","48330,13072335541","59074,47292625774","47732,28715333329"
936004,"108376,73897265564","106920,09176805805","142901,89990155812","141141,55182597405","140582,3537232729","86371,63631504441","76800,87680584738","74833,92934206601","120871,28304447846","128191,52574372699","77916,90326712008","84342,88185018668","84698,65589203521","119221,03905366559","170826,50751235042","170086,912653692","97728,64523655912","225985,83756033398","109420,57138168163","108985,67967404805","180649,27309852306","169948,6442717385","169905,35563419395","169442,90621385875","172286,5095591946","177070,28293856006","50262,61136060346","45110,77090844078","196291,13685431986","196989,48964791876","192800,04620280114","193219,12137936873","194775,33089421177","196308,98210370349","193564,7811586154","106934,45362840685","29319,68473696377","31846,478328526413","24820,13781637027","31846,478328526413","54599,80408514398","190239,47664495264","192275,29671063408","188166,00980126706","186732,23582416328","102339,05535658909","113246,56896264512","108867,92952291216","92241,67531454432","98439,37753047276","98255,07847602504","101751,68782442673","103798,68071804314","83948,23986930368","84894,70906482587","83309,5999639112","86028,57027631125","138220,83781070114","137232,9101702629","0,0","1100,601884474301","1855,3248465550132","1376,0649480289567","114145,17990811","113863,13204368541","70670,79411453988","140578,59898995695","147906,44712751007","148760,84355163717","138087,7575061209","32184,248789024365","33288,32687482099","31151,621060150428","171085,90709629477","169017,8753527372","229006,85007578816","227469,54009555007","228924,46700364517","130186,27448079087","132494,27689767745","132494,27689767745","59844,19146647068","62363,00867933627","215599,73924447756","214537,6756155424","210311,81287445736","210848,0043807761","226225,65952350327","234340,3272921984","73219,99489099631","128924,09106437216","128593,14081668369","162662,648848523","116278,47725673638","105496,39000860606","47857,26019272017","49462,11538459713","51193,470878941866","14842,598772436846","70426,07912700044","170402,68718059824","170595,3404705185","201839,99719823766","69230,8048673438","70236,77788864281","68217,4197060353","67664,40803684646","170386,8229159634","177362,55820983296","177557,2267932384","196004,05646613022","197975,35202816478","196248,96524137157","175781,47197698455","96623,7861061255","94302,29380360132","97527,18016676557","96718,86020583536","95121,91873611715","11272,796806951868","12955,223510525702","60713,26948918023","60713,26948918023","153392,3790005021","219104,11308628082","215059,91265223213","212458,91922114353","209009,27360906135","208145,9018494662","150471,69992757804","151240,2701285067","143048,54730049786","151558,27144997695","200419,3855853983","198219,93226547286","198219,93226547286","193770,5590566956","197401,89498360676","200504,27661532204","193635,30049053958","197731,11732519406","191079,4489988057","202014,8156361055","201321,03672208512","203008,79866409552","199497,0730975711","193732,71923797336","199111,13319424517","193636,93853611225","199225,91420701193","203887,16973242484","189963,25896861052","195275,089324871","197625,10718306724","199021,35841035485","200558,4321365488","196611,0592568267","202580,89377934794","195917,2328619917","201844,27408787305","198276,967409068","194182,65041190904","125945,34074544831","115837,79095278155","126924,90479652953","141149,21661940805","138112,48001395326","141058,26294853736","129983,53662136136","135779,18779252184","112748,46954248607","103334,50292219229","44180,546379970656","131799,8833153951","130803,19121774698","152282,53990085408","232236,4477595604","56354,44152702482","55897,30988652068","90151,68801564835","92379,52384381641","92361,78752219939","28419,436390518596","195011,13593207908","147834,92192776367","157614,2204753487","155515,17046642042","89659,37762384131","90173,36348456686","140184,77852972757","140533,69022998604","140533,69022998604","34231,06851831905","212395,7751360483","212631,67618114658","212631,67618114658","128002,00697869975","127343,31518267744","85784,10680348359","199408,18575710792","200114,0877519478","199818,05263881653","158631,80833249513","162682,92953084433","158325,4306963073","162487,41983788734","160768,17123005033","191561,61093662583","190951,25426759073","186483,3584527307","190771,85091281548","190257,70002166802","185855,99365342734","191623,66305856462","189086,4049590373","185294,76284861326","185827,109305945","189422,4360034593","51437,52904484485","52579,951910427655","182608,2237162462","211832,4770706449","206883,71796404573","203306,71718774736","203382,21319679343","203276,55432338288","204349,46072208174","208362,56288514994","207796,75932196627","42883,604366719155","188705,1121198732","188737,49478978102","187315,58862827343","93816,16548262125","94036,11023914072","93816,16548262125","112850,77325988967","112386,26014500312","110997,65167426548","48113,32173149128","39189,452298767115","44248,02929973858","122299,2708664952","154119,89839125512","153358,43912689763","89122,13119432809","88288,20112490121","88374,83003335715","66985,67815825998","67692,45529569965","84253,10632336365","94986,02435790248","191418,56218376098","184053,42325162125","192412,00198994396","189966,2775429464","191919,63468416923","191909,43959634757","183372,1867087361","86122,50519792567","209200,3769670544","207829,46681095927","101667,20613269894","101705,93988257601","213732,1245480831","213732,1245480831","26558,835867457346","130838,91746384838","132392,1831867924","130602,36097228757","88921,44912084598","89172,71503925617","39367,57380990077","39367,57380990077","30757,338640607508","20017,653903179205","187710,3208863074","73270,5827872849","71683,77360459063","72064,78154836995","143173,597697606","170966,93416581355","121161,60256924292","126509,60293295376","162743,5506356715","151123,35540836252","163155,08257491546","161534,42068502464"
936120,"109475,32602217174","108019,22862573876","143852,93168616568","142084,59861797802","141528,4849405732","87422,94992181406","77810,58091296784","75832,07740065314","121962,13547923072","129290,86451631099","79016,65203844028","85439,03924262428","85789,85523436654","120289,26268732086","171871,31252633777","171136,7245554999","98826,83658349022","226266,4585691947","110144,59390126583","109698,49715368163","181734,39323638612","171034,67230297354","170988,33531704076","170526,69326130318","173369,72960477215","178142,63432764413","50302,19760669827","45836,2923802746","197390,02975744373","198089,70182841478","193898,88296877852","194317,53670165958","195873,26923269554","197407,22501804333","194663,31011458187","108015,83973662801","30349,045009245245","32888,17127307235","25915,50286243773","32888,17127307235","54713,66768999625","191329,02345169496","193371,4874346685","189258,2965301017","187825,36593386962","103349,9010798289","114235,24470399968","109905,58344926812","93261,95165773286","99433,58048649109","99237,8112544096","102758,71454265692","104815,78347928615","85040,60344527182","85988,08813516953","84404,43144546777","87129,15789301344","139320,62614082775","138332,66452241616","1100,601884474301","0,0","1292,3964354159061","1403,6230909597334","115243,8427652121","114962,18565466687","71755,63472154192","141676,44499677123","148995,432259689","149849,5190888004","139052,06647598185","32353,328523260523","33407,206352777524","31373,854677796455","172183,55138733247","170115,76248188544","230100,3534981386","228563,8701926202","230017,65209565495","131275,29186735573","133587,14170334087","133587,14170334087","59147,0362930035","63305,05992642685","216699,28897281224","215638,25967574172","211410,29806359563","211948,22564044278","227314,39867135108","235418,47618210653","74313,24194263313","129555,35282512782","129223,6366982051","163716,5643725505","117372,71124055456","106575,20426329516","48447,805983140184","50487,25382888478","52205,136452542334","14058,73155170982","71523,61106115443","171480,28606234648","171670,0685610928","202888,35616053466","70314,34298705647","71264,42237647813","69308,12498258078","68689,08631218426","171487,21534620118","178460,84042064977","178655,52594919415","197089,56446778635","199064,14939891428","197338,0763392756","176820,87748524794","97700,65918312322","95377,06173018763","98601,01602828961","97792,61335580044","96197,99096256407","12051,276046265668","13774,344915290656","61783,74809833542","61783,74809833542","154444,11674099992","220203,58953847367","216157,5493777963","213555,2836431633","210107,47838511705","209243,45994973366","151570,53503730096","152338,81070819902","144148,49006957395","152656,67683470223","201517,35513566577","199314,96121171568","199314,96121171568","194861,67825293637","198494,78765596004","201600,67783658122","194733,02927633954","198828,54261832373","192171,28004970422","203109,2600015713","202418,24482691844","204104,73075266232","200594,59178775267","194823,39832371334","200207,71398168462","194729,5788228694","200318,89327601367","204982,6775997313","191055,8300621865","196372,07784712044","198716,0090585323","200118,83637052678","201652,3717282636","197705,66758689968","203678,0138142706","197011,38554240324","202937,36017531005","199369,3306150766","195275,33491957642","127029,28668450833","116928,46687777888","128015,1653173955","142170,12661045697","139150,18262147703","142081,2111916518","131026,70595308531","136812,7870164163","113836,17007704117","104395,24073431602","43736,910674466264","132618,78499634244","131641,78002806575","153251,03632904286","232433,26352377143","57450,02171145474","56992,43394325753","91054,88228072437","93292,24603724958","93333,20349510145","29073,447164579764","196051,22694475268","148872,83513273526","158625,39772466087","156529,63695205929","90455,60530249047","90960,72136340826","141100,88120439163","141447,9222811244","141447,9222811244","33624,045404281605","213458,60349052737","213696,09984922665","213696,09984922665","128925,80141407398","128263,08950880246","85743,81352845112","200483,1142712779","201188,7976161062","200892,38022219908","159731,81715544063","163783,35518841632","159425,75195927222","163587,86903873432","161868,55971651035","192649,29758038858","192039,82317875032","187574,19849650605","191866,8919200635","191352,46460794358","186943,60821695413","192711,90251074472","190182,91440780455","186390,42406356722","186910,55266515925","190510,30857094884","52214,187297213066","53337,64318591806","183656,8058021648","212928,61111550572","207978,38284209574","204404,19662218346","204476,12687170546","204374,2356994045","205445,78873117332","209458,41675476046","208893,53647072188","42664,307757807626","189803,37532186377","189836,11795087886","188416,1346256862","94149,00569300748","94275,02851016552","94149,00569300748","113257,83345367356","112791,66582634054","111405,67983775573","49213,79332931858","40278,02291307413","45333,165508221275","123321,90499217091","155166,16580312498","154414,41793856156","89615,82180459899","88783,81877571427","88862,47284725288","67573,63334147798","68404,09257698308","85331,75726558552","96066,43477328046","192519,11934554146","185153,62176436302","193511,3706003933","191066,80277656158","193019,61559856046","193009,31464700177","184472,38709688516","87163,85465988149","210299,60774305504","208928,4896338479","102726,92832604669","102768,72657853346","214813,50882003174","214813,50882003174","27424,130871035093","131812,48072328552","133366,86226095445","131582,4551542664","89570,95840096698","89803,79900839867","38469,388262727436","38469,388262727436","30213,866848462316","19580,167905700215","188787,2146693683","74188,17724285294","72556,34371898677","72929,76776438978","144225,18941496924","172059,1136242425","122231,78034631898","127557,89419012668","163814,6654409647","152180,3542993074","164201,12406737075","162604,3572317705"
936105,"109660,77518250672","108216,11098572932","143442,85746720154","141657,23940191447","141107,81013354257","87303,17510372544","77553,89945587804","75543,53790793015","122388,21083545481","129611,75036990819","79231,88987347143","85589,3312417387","85887,85953082473","120239,7419296997","171720,86117983103","171005,2654514264","99005,91351363316","225108,29015149054","109366,55392537024","108906,69043994954","182200,65659551046","171495,1305889228","171468,29318433677","171001,68313594972","173848,1701716766","178679,0789531177","49049,4856320486","45072,60167405009","197718,66587738635","198381,9205359384","194228,71760062288","194655,32735565954","196219,15118533574","197747,98740757396","194999,02971124114","108039,30424876264","30174,064696388014","32752,344905295606","26318,933025434526","32752,344905295606","53485,14322798045","191406,89071764093","193516,4177995729","189360,44838357467","187935,78707470495","103093,07743083415","113916,84116702256","109732,94520029108","93034,37621141378","99131,06269455007","98905,71720076239","102491,00030576413","104577,29154217886","85455,95628388591","86393,87713579707","84795,52242847884","87399,41805044308","139532,44321800667","138543,51595746016","1855,3248465550132","1292,3964354159061","0,0","2677,992005235321","115579,66203297989","115290,1761469332","71806,30866597404","142025,2256149425","149435,3404710083","150291,73364581654","138672,32455152215","31151,621060150177","32184,248789024365","30197,774418143308","172349,79792868142","170285,99758798096","230213,67565311954","228685,98381497612","230127,73586170695","131351,0694418602","133696,8990936554","133696,8990936554","58004,02351770319","62885,190839955336","217012,61004861916","215889,4761629302","211590,03137999104","212239,79789926892","227384,93150068785","235417,49477787854","74721,52465193534","128670,19422281098","128337,69519374163","163601,6376015032","117767,85410345341","107081,12769700185","47532,48658104824","50284,59684775587","51960,97340520743","12987,273925881833","71695,22639759004","171477,6698346758","171651,40363628752","202750,34675583823","70795,90151134746","71961,14580500106","69739,46084398868","69393,99859274211","171771,12769840859","178801,31544076654","178995,7013426741","197136,4635682572","199135,7323661282","197412,22790746522","176650,74125480224","98217,33662292753","95904,50843397739","99132,83073502356","98324,87414466435","96718,86020583657","11424,455266535408","13196,536353621483","61753,24779035383","61753,24779035383","154320,85746648733","220518,72628654554","216507,84181629185","213923,38098146487","210448,6722381364","209595,06201976305","151758,70486216142","152521,16598000008","144452,1755299658","152836,50221154618","201862,62563116607","199699,18108564263","199699,18108564263","195283,51424555018","198900,78519079558","201968,49943998316","195082,26476241698","199182,31504470407","192587,0329455897","203499,74583414898","202775,11814006406","204478,3745627789","200946,93748046365","195248,90599535374","200573,22683621323","195137,99409691067","200724,04550388362","205361,3552002118","191464,9494753708","196732,15613196968","199139,6034345941","200471,80151255","202048,10307930093","198094,50268440426","204036,11913248283","197405,01837836162","203341,45347052597","199780,20464924767","195683,33124884588","127504,49753772549","117356,22935432631","128445,82427975579","142882,2602117051","139815,46337928122","142787,99083216552","131675,32269718466","137490,20856584053","113902,70798329344","104312,56434900322","42472,40016910122","131969,5352559557","131023,18428253943","152880,37860963756","231233,79203597415","57836,54613560967","57384,22304568196","90551,71830551817","92807,04564952948","92974,07516470602","28237,168305196756","195882,9342639576","149537,29125366977","158365,89401068227","156279,8773451878","89776,39779274206","90268,74671530028","140618,321503822","140961,6832677455","140961,6832677455","32423,57154736861","213380,21043081224","213624,96118387458","213624,96118387458","128459,25074640001","127788,55003935513","84469,92370936328","200464,71246599208","201169,18860004935","200870,70993911292","159950,00065570237","164020,3320478029","159656,93323617097","163826,41841262268","162103,3215375367","193097,817138811","192481,89985079278","187998,50337700066","192251,11236561724","191739,7312989995","187392,74447961035","193156,405622556","190549,54675234263","186767,64227428104","187387,3666404075","190957,5247510322","51515,54391547429","52612,67502407692","183520,1888255574","213299,6260422241","208366,43927424168","204757,064300291","204872,07407649577","204724,03257482275","205814,481425322","209832,92087325262","209256,28841286604","41371,983308638744","189979,5252818189","190018,9369770365","188662,3487033462","93023,95929842004","93097,99291235772","93023,95929842004","112180,26830868263","111712,96720539345","110328,88459008865","49503,84169259525","40366,34532953374","45393,62620952558","123098,81713807101","155021,81695915104","154308,31540374112","88605,65140545987","87775,31135440015","87847,42663104134","66650,82208495874","67616,13574511316","85341,01867495301","96084,96693438003","192789,3336839298","185378,39075076758","193829,62262592893","191340,5571072154","193320,68664834596","193313,82999199026","184765,39494990357","87819,78432629457","210620,7652387214","209254,22567619226","103319,0278795998","103348,81620711419","214832,50827808317","214832,50827808317","26880,902404230354","132630,56524182225","134182,75883531995","132387,67655102693","88708,2836075782","88921,4491208461","37532,31175856349","37532,31175856349","28982,63596425811","18311,31050331574","188780,0453192312","73715,53891430899","72000,80262734687","72361,11618938202","144101,8292175719","172160,7329855464","122779,65226359689","128189,95124362613","164357,14744846374","152781,20408865344","164839,84248954838","163152,23997152867"
936128,"108975,92135235733","107508,28171865363","143993,59098582342","142245,10500844143","141681,42041213776","87250,08250883041","77790,21428652831","75847,67250592323","121219,29981721235","128651,61992276243","78492,60115009881","84980,37604662734","85385,57267654038","120034,96505331436","171721,2142643821","170966,057203479","98335,67522042977","227350,6215581354","110723,20443731095","110294,14985687184","180948,5864795644","170254,9682249361","170189,76178019313","169732,9411424959","172572,5117536927","177289,59579943804","51553,24085023836","46416,178680282675","196738,87375280078","197474,97051128166","193246,6734136725","193657,38306910545","195205,00462678546","196743,98988004183","194005,20456604255","107685,64514988751","30276,69635359466","32768,33576696598","25240,633371535416","32768,33576696598","55919,65418758716","190934,37329859132","192907,04537117583","188838,4132486217","187396,9512817375","103323,73617877324","114275,86283171676","109785,8029313408","93205,45940510918","99458,88990654802","99296,21886626184","102744,717683129","104769,10692502123","84313,49011275136","85270,23880039048","83701,47300735101","86546,96948530737","138790,87052245624","137803,98215537277","1376,0649480289567","1403,6230909597334","2677,992005235321","0,0","114591,12211447515","114317,33285066862","71405,172434406","141008,29311115062","148236,93641640368","149088,7191551486","139158,76688200101","33520,360174345056","34608,34058982888","32501,943243851496","171698,22246596852","169626,4493902529","229667,20846164526","228121,6553486744","229587,87314643743","130887,0870101718","133163,21917629955","133163,21917629955","60508,41939362045","63473,002124454564","216062,72168776204","215064,21437754174","210909,26630321826","211333,61768028923","226925,94611218915","235105,04090978001","73595,61851821949","130266,32712587414","129935,63682216156","163528,49889422854","116660,78987713289","105756,33811146212","49213,422779851404","50420,4479099715","52182,769098095014","15391,008488142104","71046,79454861594","171171,47127218274","171378,28322518754","202723,0826800515","69525,69549059193","70270,94125145934","68569,11019182761","67688,60648299167","170882,09111141652","177798,71957176752","177993,69397484072","196727,10270072744","198675,71068764734","196947,0285424112","176691,9116307783","96872,5577245196","94538,92506495792","97758,23841702462","96949,51644284766","95366,0636661659","12566,58585504834","14218,908195140695","61523,65245263132","61523,65245263132","154265,74777109496","219565,09197221854","215484,1716472201","212864,35564913088","209443,34291689508","208569,0160839274","151064,01982180838","151838,20855625268","143525,24281663733","152158,65067767617","200849,4788722357","198608,61832308024","198608,61832308024","194118,57574114023","197767,06035815337","200910,44087011943","194061,47880725728","198152,32721268645","191434,23291725045","202396,60652226157","201738,81849117868","203408,64755083615","199919,72446716778","194076,70901570746","199519,81318084194","193999,6222412139","199591,9282940217","204281,59355151202","190325,32683914996","195689,70608675075","197971,04469252648","199443,37246904222","200934,61089413177","196994,83841515004","202997,31990839954","196295,8606557491","202211,3400964378","198636,7898646291","194545,76826130773","126238,07504501259","116184,48485656871","127267,28029667598","141155,44514905423","138178,399376987","141071,38267479342","130070,77884688339","135829,99237495277","113459,7391148475","104178,86140864792","45140,05341952474","133038,913193084","132025,54008387405","153346,24032670597","233583,4411406399","56759,96820236549","56297,3263173798","91309,49451835304","93525,6803895181","93423,15548292182","29758,840254430375","195919,21127901395","147901,3037608496","158595,87986612754","156489,49389084804","90917,26377808566","91437,59978370961","141324,78084252245","141676,03403518422","141676,03403518422","35014,36321007706","213228,53462119083","213458,23690769172","213458,23690769172","129132,47814202566","128479,02338019214","87038,47474327359","200189,51595244466","200896,45050121177","200602,2382381611","159194,0248427415","163226,16749903726","158874,7352060507","163029,09519616517","161313,7435062552","191880,26868567884","191277,08358632587","186828,9693070777","191160,83816135972","190643,429320837","186174,20241934428","191946,77633764094","189494,3031875473","185691,50819514046","186114,3351422023","189742,62847591925","52711,92604232469","53866,26999278851","183490,98632625365","212234,8202038295","207267,95019549635","203728,66966227497","203758,05299965132","203701,7573753046","204754,55047083175","208761,29616573415","208208,05438366137","44028,31252787799","189306,9397271207","189332,83416700957","187848,2548945741","95187,6349765307","95392,42207063465","95187,6349765307","114226,7747447605","113762,23827673141","112373,6641197282","48625,85380736492","39907,47031013928","44987,06492133598","123255,56534751625","155010,60778171167","154217,50776508983","90494,31908833742","89660,19110988396","89747,62771664842","68341,69163359674","69002,99150191603","85021,09067161355","95743,55330388641","191926,77827855537","184607,6855983921","192870,74053562773","190470,95433293268","192396,20892410591","192382,45498675635","183857,45671133552","86205,39198493952","209655,43023437436","208279,79127831967","101826,25661087275","101879,40557202208","214479,6820391334","214479,6820391334","27769,23054221263","130704,34087266804","132260,54957415868","130485,516968663","90257,9345504881","90515,63179470188","39696,027228431434","39696,027228431434","31614,138660299497","20982,35443575109","188482,2534219705","74412,1182294588","72876,58475667628","73265,16857417267","144047,78616994797","171640,71598432443","121371,1330054584","126617,56095647957","162956,50993287234","151267,67975064076","163252,63794168743","161741,12695408822"
835177,"14581,446575828491","14276,91919161781","79526,50642352494","80109,5508138267","79157,40810946592","45264,08241494983","57530,684892655685","60145,53443653283","11003,055032271877","14115,474791077095","37418,25272303169","33238,245571629595","34926,30661205587","35681,157653029215","77467,48846583154","75470,48635019644","21142,18383380374","232510,78075977985","98969,70169875122","100141,26451909906","68312,2365253264","57643,75122057732","58212,128112600476","57597,86805475325","60481,115641073506","67300,90614580175","126303,5742950814","93934,72988049993","82147,88832339035","82991,66048827666","78656,00230359154","79075,71950840487","80644,29074168924","82168,73377425974","79420,10608069328","28237,588970763984","88312,87226418154","85613,59309915666","89350,50178891147","85613,59309915666","124847,69788543032","81686,401853081","81201,84662740715","78717,6343537033","77018,13810422782","51537,56462804316","58100,183467264855","44734,85995418105","50422,28868593326","55280,87800395284","57626,97033904128","52424,66431909866","50044,64131142856","30831,338439581017","29760,052581600456","31125,477768047458","28631,017078656296","27052,546646867653","26203,519099794557","114145,17990811","115243,8427652121","115579,66203297989","114591,12211447515","0,0","776,8720055487573","48128,50348329819","26472,863790368283","35573,818282049775","36474,1503394695","73921,26149236604","116166,1613739193","117868,39200345181","114468,68883583898","59902,43463947231","57769,06979165154","118231,39916106898","116457,84939447578","118247,41650736732","29707,745585151148","28615,1865063441","28615,1865063441","161091,72216420338","72316,75735443212","101484,8808659927","100911,97962017583","97999,90709579558","96840,57849379815","116893,88118503697","127589,05848992354","41254,16091804278","119685,02411599859","119583,39655515667","68138,34378166121","5977,9406547551425","17684,50985075599","100548,48119536131","72394,36345142637","72269,96604610835","125929,25167532856","45359,89914834863","67261,23621733014","68393,82399170574","103950,86743052918","46122,74114289987","51853,67284905428","46409,83451545293","54126,65558878449","56518,69402439151","63222,19338695179","63416,44330571203","88532,22059541338","89381,85145720516","87614,33521712146","83067,82812352819","23520,174908439025","25773,116058977386","23869,011208983815","24414,840732806257","24815,718842084993","107302,86610192896","105721,57288740015","58811,229036328594","58811,229036328594","61503,99966458427","104983,3390117825","100938,4150917504","98412,82639406018","94869,45803830156","94028,89123916037","39402,84211421949","40359,116622175265","29078,113572135055","40760,74041677987","86286,710172936","84303,92942103115","84303,92942103115","80343,46651658251","83727,95695559916","86462,78464948913","79512,97727529559","83622,91812474442","77568,47714887951","88152,38743400841","87223,98349060923","89003,3124407375","85383,61059576001","80367,08985894558","85056,9343987637","80007,93685266978","85535,69967376997","89917,91566454507","76358,09817772792","81194,1396551988","84207,87149354295","84910,07251762116","86753,44224101334","82741,48707186412","88488,65373286596","82099,09115008036","88133,64683932086","84665,77025783807","80545,9504186098","18169,637012290117","8830,152246633772","15865,522578681324","49120,07347087176","42596,26189476137","48536,1638588522","35997,554918526745","42241,04651670817","24233,02176369468","37385,66007678207","140327,62047785224","96493,16299349676","92930,52169077712","81839,20019110855","246437,54158066996","57866,199755916845","58340,45727301677","71012,53389711257","69643,10099595184","60035,7977078128","101902,36992995017","99726,9125348188","49558,917483310426","75770,53274448443","73420,54079496209","84808,21870239804","85920,11472811602","84791,7671278256","85344,59598414632","85344,59598414632","137752,1922214857","110280,50722303396","110111,6649724168","110111,6649724168","76924,96884232028","77374,8332271115","149651,01865906196","94873,0513199295","95600,42438779837","95426,550513525","46197,44569533282","49676,00748580632","45544,22155963433","49447,81003709326","47847,39320852903","78656,9120731436","77915,6375717664","73139,58905852868","76867,4722923307","76384,20359855368","73020,89126367503","78632,81099585102","75045,03630246663","71335,7433200994","73699,96953564583","76509,02904808919","89252,2544362881","90186,42100010441","86585,18571895035","97803,97681156125","92990,69593802908","89194,40553969407","89573,90156914914","89154,77449685302","90310,99617396889","94359,0075866672","93724,23940681863","132310,93543137808","76782,48744478506","76634,48708235536","73877,73672577746","129221,96213077025","136346,75745971268","129221,96213077025","133382,10561973503","133262,82884170715","132234,14623776497","66112,6410543936","76251,9700839851","71767,69271908423","52206,762853391636","63715,422992757645","60143,08756322359","114232,23148641677","113752,71976226768","114447,37472548141","101119,41002816723","91741,6885335032","39306,07614325189","32483,976240622676","77634,62412955337","71030,8596776306","78287,6137950596","76147,28880721625","77869,33321704238","77840,061096123","69387,08865763868","38836,49465305764","95066,77701440731","93688,75184418264","26288,909470206054","25282,999485697535","106778,97722317386","106778,97722317386","96182,09579475563","54470,47295366479","55005,48392019254","52884,98282245091","100199,7026843718","102033,44236511216","149158,37074838925","149158,37074838925","133760,1377644093","124883,36672580946","83329,2823188456","71198,4463708937","76559,96106265199","77290,08903985468","54237,7120917025","62341,27474963107","21949,25034098375","32549,059986115546","54010,92216347972","47198,00728162725","60256,171362189474","53167,7251164744"
835119,"13808,00403444532","13518,212989826909","78822,1839929634","79394,78060384975","78442,64055745155","44567,28616952426","56867,458196568215","59488,81448789609","11758,17224650124","14342,081513529347","36996,466908028175","32705,59054836611","34344,42585420794","34956,235016668565","77041,4266133484","75059,26524284118","20494,597360817857","231735,71620588124","98199,06156640059","99371,64752299183","68794,88583413968","58138,44373639995","58734,200815524004","58114,19090686831","60995,77223570844","67876,49839753586","125756,35806419245","93397,43830651575","82428,91158713917","83221,88576400439","78938,6173828915","79369,62948053551","80949,39751513334","82466,56760822191","79711,06951452789","27460,728403452867","87934,2219984569","85231,63514047462","89077,18131822062","85231,63514047462","124277,07311256183","81603,81265321356","81216,71553178784","78662,95978321008","76971,38487918579","50763,48744584883","57327,35759364121","43959,32959134445","49677,4305864737","54513,65337935477","56860,06530592961","51651,396454553374","49268,96137617053","30685,789235777982","29603,891400410852","30936,265546841812","28239,98567616077","26947,170281745905","26083,5426801356","113863,13204368541","114962,18565466687","115290,1761469332","114317,33285066862","776,8720055487573","0,0","47621,79350352118","26809,722130533293","36102,922379569165","37003,763341469","73209,05098559977","115694,8263841463","117393,14006779001","114001,40713917672","59896,3026029558","57762,86200358817","118260,08530050953","116495,08799733271","118272,2636220654","29194,350878991907","28188,59233333729","28188,59233333729","160623,2144801881","71714,98960399476","101747,4113694665","101096,0035212929","98088,86849012254","97074,62364501142","116869,83787426141","127496,84413400585","41051,03345720094","118908,4796844042","118806,91832857348","67705,45994232198","6754,4114857323575","18144,517953864222","99989,19722628195","71916,0409891475","71771,71670600212","125593,28307028161","44935,48399076164","66997,94095623911","68110,97555153082","103648,47532521457","45977,00218901461","51898,49958062267","46213,627895891455","54151,997709805684","56718,60604760232","63521,688771672416","63715,42667440132","88423,93503513368","89309,91368359441","87541,75811271633","82645,1385476833","23749,53243814246","25970,11238039888","24144,897036309474","24672,531448082413","25018,89205156419","106963,25406904679","105375,9478846889","58325,343393717805","58325,343393717805","61008,08233787709","105248,49846585409","101246,64617754343","98743,39331185183","95166,88963297587","94339,66932524726","39344,24060790164","40292,83097175672","29281,392243930793","40691,07729529276","86590,25274140501","84659,94329793376","84659,94329793376","80751,7817200628","84112,93311330145","86796,28306646831","79822,94850363792","83938,35167805747","77971,07032572471","88514,7449082272","87542,81597921684","89343,59210547163","85696,77734686557","80780,21085207128","85387,79993661532","80398,72114941334","85918,41138696573","90264,3556356372","76752,69498020936","81518,7685732997","84615,27679460202","85224,16055974562","87123,27172176854","83104,40934614647","88808,83498855692","82468,76387680612","88513,42551434877","85056,45098520267","80935,77851872059","18918,88433096701","9589,849769129463","16543,579068993626","49896,43931324916","43370,96139751838","49312,271014250306","36773,211251317174","43017,87735388319","23473,867243872188","36611,327315510665","139854,60628853086","95724,75966285013","92163,44365403135","81182,52389120079","245660,75222654548","57612,628900862255","58089,45312002096","70267,48847743886","68891,3557047475","59284,93475448226","101457,35202838837","99375,00725802596","50316,79160531596","75195,18300720683","72841,31836996399","84067,72889915266","85178,6638161759","84061,194648689","84614,12422366155","84614,12422366155","137332,73744043522","110065,96034747637","109905,36110652507","109905,36110652507","76168,45808025826","76616,11917553803","149005,81543188135","94693,81584768626","95421,62017588987","95244,57366153164","46244,03962138977","49773,445245311595","45616,627318863706","49547,825081953895","47934,968486715305","79101,77834624342","78352,92321976341","73558,08752784056","77227,31637685762","76748,57608279421","73473,39910001347","79072,48497635777","75380,91926853181","71688,73079319952","74188,06166543278","76954,66294118307","88683,45722910698","89609,31869815769","86222,02079264125","98138,29243398682","93347,81132928227","89507,58600079909","89942,53723710652","89463,93608317272","90644,47010190319","94698,64752171724","94049,23721550057","131816,5001838395","76835,45236276185","76697,34403446491","74033,75107375615","128511,05695969982","135646,34729304712","128511,05695969982","132631,7357870012","132513,19870148625","131486,03820145145","65809,1211765849","75895,03108205472","71387,93456968876","51466,92807209529","63205,770845321975","59662,63215467419","113515,36237426779","113037,71840111716","113732,89877254976","100468,1509457413","91084,93604502824","38671,85603673486","31762,829709214548","77830,2045038692","71149,66479511037","78553,60105411233","76347,09311732934","78110,33710053856","78086,06907283922","69612,16088381517","39046,114154079594","95338,56649280532","93966,35603002054","26733,377097251036","25718,43838779965","106675,42689214194","106675,42689214194","95770,57471737749","55216,58715704928","55757,16199429548","53633,5809785206","99470,25459460914","101304,73922647748","148778,7951786844","148778,7951786844","133344,6551464721","124501,66269375956","83129,2322419134","70527,29393420042","75891,05283632796","76618,51654728937","53671,40445525466","62229,588320630835","22718,863353543617","33321,01479588788","54631,241241286814","47912,7765890906","60961,60299401295","53797,88422006633"
835121,"38912,60313014168","37691,82161671194","80636,79868705019","79607,69506155416","78829,69417597097","18760,94451038458","18768,147814933465","19818,98282933304","57500,29186285098","61162,69282860556","12124,505273372522","15010,18649949086","14350,218191221687","49016,8506332144","101501,03034837768","100513,47731856568","28408,084901647464","207023,4467579782","70703,04113758926","71304,15414683588","116404,37103515385","105759,19959558008","106337,53722775563","105726,00613794145","108609,52576462677","115247,49983205878","78349,6814403809","45929,5558418646","128413,25017561082","128441,86375926231","124972,13134071117","125547,60841532802","127257,47454620755","128673,07664428647","125848,49907340104","36294,99475905899","42315,07836907974","39589,35733583984","47221,00813142842","39589,35733583984","77194,46178998087","119614,28547453442","121969,69470415119","117622,20292600272","116225,93908459121","37559,63491005878","49640,29479093875","41022,80505445699","27712,604851389195","35969,5863393261","37098,17953259134","37439,29793879491","38232,68321627453","26178,7009723322","26270,024487158396","24465,694424589346","20577,380934625744","68799,20026103845","67805,48117954703","70670,79411453988","71755,63472154192","71806,30866597404","71405,172434406","48128,50348329819","47621,79350352118","0,0","73926,7495953494","83696,14161891372","84595,81245791118","74995,8060946957","68195,87304267666","69866,34761622504","66535,19468256703","100981,69049828203","98955,22183453871","158501,03902004295","157006,42793682916","158404,33581816478","59563,456633240465","62024,847954523466","62024,847954523466","113118,9766903445","26244,25621021086","147320,50492393257","145291,86596213523","140266,15238685522","142220,7727681884","155583,09014949529","163721,5280592309","20751,700462743087","93941,51438615286","93721,70841627702","92924,09221149875","52105,95665947551","47199,075279843055","52789,76995625597","24438,725646409774","24160,555226216766","80507,17126092942","6736,359153037429","99804,63121717732","100058,87780616006","132220,31561761658","24293,078839527887","37566,188955450445","21307,420307066226","37497,530048713845","101873,11963756887","109896,95357329832","110083,06089392529","125334,37140212899","127335,54723035726","125614,68182531129","106709,88023523915","40589,66901182744","39430,245655735285","42095,18067927167","41501,68395576733","39678,38037087752","62059,433416064436","60325,842264592895","10851,331918992028","10851,331918992028","83810,14687792005","150839,86303343665","147482,92082238893","145270,64414482028","141289,9837009409","140642,56588425234","80659,30514710375","81357,43211417687","75259,0271526968","81645,89140179298","132843,47265739","131516,40131889406","131516,40131889406","128050,66396382154","131232,14097634482","133407,23710518167","126197,58093385723","130354,18365098802","125236,38691774065","135420,2049447162","133980,07709599857","136018,75444866135","132075,3261181607","128110,20805048","131975,67031194892","127572,7812298937","133014,51760255103","137002,39927434674","123963,84379354706","128055,36864446515","131901,5889592544","131616,56195155025","134103,22675508386","130032,74731428432","135255,87633057797","129461,20396527469","135578,25542965188","132219,18950318024","128101,1978688016","64096,913226078796","52911,08135633701","63337,449504051474","89233,36946884262","83961,86105156186","88856,48051038358","75742,8303082522","82481,76308464364","42104,19781453599","33775,94012422453","92330,14291810774","81358,31539871948","78823,41535122838","88282,88887893304","218467,03825539158","22083,765224717878","22532,97104822054","39982,88082849408","40443,530272511736","33750,45399307103","54260,568820846485","125806,5112538155","92869,80624345041","90440,02576773863","88157,83446707008","50417,04333881559","51556,00387847904","80901,40753319956","81380,41141770154","81380,41141770154","90385,5374645782","142178,74279328255","142360,849643139","142360,849643139","68990,3041661606","68739,89341695089","103965,94647085574","128854,44459757365","129564,82942099163","129277,32979104701","89161,05362222645","93456,46910865305","89040,77300437124","93285,63378706701","91520,82034463945","126601,53411567336","125819,45006531604","120931,83231583617","124147,94941933158","123712,48561072924","121006,62950781685","126549,45973164096","122072,8936063364","118568,49753474326","121803,48695918439","124459,16330632882","41725,540287251555","42837,20524016132","113041,49730225807","144711,93436971892","140186,33257076982","135865,61879136346","136903,4193793568","135771,92770276038","137238,3876034382","141346,0051645583","140529,4912330223","84205,18530117482","118659,13518968041","118754,94842118956","118096,9074337705","88103,82520522558","94125,19263568813","88103,82520522558","97260,74622971338","97012,07746436364","95754,51559535299","25030,467335613932","31500,17390385949","26422,806895831567","55170,05058034424","84824,26725563995","83563,75958404789","74241,74917741455","73580,52350558697","74190,16746185347","56444,83786337638","47729,72167135878","13786,032992698409","24383,152956248567","122540,26252913481","114557,198665837","124362,10275067395","121151,64567063795","123556,36743369822","123608,12432442351","114922,49846682388","41751,04398453333","141096,76030755098","139819,19943208335","48621,24027190426","47981,572832917394","143076,36747554672","143076,36747554672","49194,63257884549","86489,06779480792","87694,18664502578","85441,79617395703","62544,46027987314","64147,49487383824","102491,59248075225","102491,59248075225","86470,91808905207","78305,45992014227","117120,43446451418","29999,325084206113","34494,969945605975","35378,670005613974","73669,79316326251","100426,59698886293","62860,95472534456","71777,56640385167","101611,46686303201","92941,4859315634","106042,44010094526","100656,46093318991"
835194,"36077,2197785894","36874,54401171873","83861,36812655156","85236,88585598081","84332,64316178292","67906,03274569886","80866,88420505362","83606,6068003421","21336,76755209607","12764,073829189176","63722,88855858852","58916,83869043546","60084,62597460325","45922,41066318796","67493,71601142835","65032,540591087425","45781,31722242908","243272,62356260646","115265,69886421655","116606,95587751984","42968,324621135995","32655,16900767706","33794,04279825294","33063,44240587984","35844,60373814612","44064,14242514263","151455,63626971774","119278,60330912884","55769,47933866331","56892,01679591675","52274,143426464696","52656,35152426912","54197,1434848099","55737,57629944755","53009,34628719864","46215,5546274971","114724,35459673895","112017,43052758093","115770,84698166659","112017,43052758093","149656,71961340794","60651,37786129822","58056,81220371209","57107,40317717825","55273,16962705222","68641,33420411113","71306,15614074601","59783,38007112833","70752,67682099686","73416,40694192605","75702,13621192459","69675,29547624722","66730,36655670221","56913,18759280886","55893,85069901236","57373,99689726822","55029,638336916505","15459,603437012018","15695,611892312718","140578,59898995695","141676,44499677123","142025,2256149425","141008,29311115062","26472,863790368283","26809,722130533293","73926,7495953494","0,0","13049,5379951177","13796,442336348198","79176,93169394351","142121,91462542702","143792,5778318138","140455,8872196132","37853,00144384363","35832,73143040396","94434,29211690313","92530,68629294215","94514,63329936199","31072,857939967882","27149,20963180515","27149,20963180515","187045,44825495433","96805,0876490706","75170,6173074601","75150,36426706068","73395,43565056309","70689,2873244497","94052,61649540054","106050,52334407241","67516,42025238487","133651,3883497496","133610,4647787314","59073,79163677618","24758,021123679006","38448,44918334799","125587,11668769515","98345,62225876542","98063,74558444401","152399,75435012204","71645,226799366","52053,44578270228","53761,5645652254","88471,33217932939","72118,66327787098","76273,84734412456","72633,87806625634","78723,66096094623","30854,63595366561","36795,83623799344","36991,42788036836","67945,9200818869","67915,24076702607","66199,84911620234","72655,82254249247","46806,285241209844","49280,57881111956","46541,681849789675","47278,35566328437","48314,225704839875","133771,3218919924","132185,51288610505","84734,75253320056","84734,75253320056","55692,66200896272","78655,11533079678","74482,63411935695","71939,97010327951","68435,77139736155","67569,99638867324","21062,218501897973","22053,319126564573","5711,2017002506855","22477,972162482663","59841,46067149641","57856,95964382464","57856,95964382464","54126,210411026754","57376,09110463857","59990,27898866041","53057,217978397675","57158,96291118611","51317,23554890826","61719,61179719914","60756,27561310552","62534,222792059176","58922,31452274622","54183,48578463431","58584,07559400947","53686,52327469377","59172,96665705737","63455,01812050808","50060,37749831483","54722,71466644052","57979,84793724617","58447,632318411335","60342,22738720201","56310,89342517965","62019,76380046435","55688,44583513862","61757,72181308116","58340,62190716458","54219,26667208874","20126,160701230667","26052,767503928655","16304,505441186131","43952,69333553671","37586,01238218976","43241,16752868677","35942,79210404646","38999,86394169479","39673,8174064284","55443,85453811604","166255,38363692196","107067,39352117052","103356,38777061598","82792,50988736532","258382,62182369173","84254,57031622253","84722,28736366768","90694,807521847","88853,9998936633","79599,71849042086","128043,6284706311","86029,06082673809","39382,11869407825","72552,25935260134","70553,44065826811","104522,03400605023","105549,57240084639","91068,45436867353","91588,17659386374","91588,17659386374","164015,60504595103","92017,08901916996","91622,53525959632","91622,53525959632","86344,52372598604","87067,45524808664","172820,57911339845","75967,54594766966","76665,42071496362","76582,13016322779","23809,81412740082","25878,351521930574","22589,728162763502","25609,687859622332","24370,00621154641","52758,549032241914","51942,55168561209","47010,77690435786","50429,88696855785","49958,73700300165","47229,97474069027","52681,23365519587","48573,21083559801","44883,76654462886","48396,0586037502","50626,24012430214","114188,38270649873","114992,58924596099","73765,90889991459","71331,75972262086","66545,42192058366","62732,71041615473","63158,42395714808","62698,871385482154","63838,50658565233","67889,4762455167","67252,4009920928","158058,58940053795","53002,89651773616","52681,862590762226","48556,39950031061","150118,17006370274","157676,78992104632","150118,17006370274","151730,67790300585","151677,3484572607","150787,85656239657","92577,82130728748","102703,49910490494","98178,43270060023","61465,47835328173","58303,686477964664","53795,72804380172","134949,23277830426","134566,8669907742","135281,4206281055","124335,37714797576","114872,17905314715","63608,54508273209","54808,4907911241","51847,51845654768","46254,056766481495","51978,248861390384","50326,69237430229","51706,59273340576","51644,61724503308","43371,77380803392","61507,90472607194","68716,26372872591","67316,16710887097","45887,85218214061","45203,18856078747","85737,1418089092","85737,1418089092","122489,28389373427","56868,410528970075","56659,36035616156","55172,21129657368","120379,92008828849","122235,24099413418","175563,84351389518","175563,84351389518","160042,29080855552","151284,56372278146","65352,088037208625","94121,61733630367","99485,10536132721","100128,3921516952","52499,7154429798","42857,5640453503","29042,610124564","34868,99003874989","32989,71580478322","32647,206815838585","43505,46436575777","32651,214440673335"
835178,"47387,471580504716","47924,45683071095","96455,66911072377","97913,32376544425","97019,68869987364","79439,2497470048","92211,37884090307","94909,66667897109","27083,953447241438","23875,339467957885","72762,84958795285","68807,61020349969","70388,23089748758","58942,1716643994","77010,50647816846","74449,62820599791","56287,13000817817","256203,41478679396","128184,0745740779","129513,59525241963","32948,30562405567","22215,79738702481","22642,227603600597","22041,374325752353","24928,083487023312","32026,352823415295","161852,34670086202","129500,19339459472","50758,63548514273","53133,20692161841","47349,20266125005","47420,91374353845","48618,774819646904","50297,95484751464","47838,252687681146","58543,16639575205","123226,94510019103","120561,80682774718","123118,17232931104","120561,80682774718","160319,61904984832","64135,76045799382","59516,37369490151","60227,05589334312","58354,47881242508","81340,00207071788","84316,08879421437","72631,98794858936","82934,34578291728","86007,31547806486","88314,11312219851","82362,36452412809","79465,59527389545","64008,33465744038","63104,90435060721","64771,62187680807","63881,36832360724","28075,33315923109","28448,913131922003","147906,44712751007","148995,432259689","149435,3404710083","148236,93641640368","35573,818282049775","36102,922379569165","83696,14161891372","13049,5379951177","0,0","901,1994786427405","91904,29656279334","151637,69313673626","153353,96462223952","149924,73429983296","41854,751029559455","40152,30661425897","94084,01141394292","92047,55690231713","94243,52376096751","44065,86397111494","40082,794711693634","40082,794711693634","196542,3023045789","107628,76349037324","70104,39775373232","71890,27818698116","72369,2105876003","66386,12018353799","94821,58313820824","107908,85369157098","74749,18306604751","146693,7297708516","146651,69369631403","69176,0667321238","32014,608612829576","42950,473545380555","136066,6061975759","107903,3335223341","107823,87971750778","160330,63661177666","80690,89767595846","59889,95436649543","61803,4616524569","94937,65004139232","78741,2085327221","80913,55273297058","79696,2456394802","83478,46494832072","30122,77504381442","32232,338575434336","32428,865903683192","71530,54757205388","70725,1533631983","69119,7037263147","81864,75422321454","51836,777231306245","54281,335018300015","51204,82225940231","52001,08094032757","53375,23370444105","141790,58614732465","140277,73813292256","94344,61923968044","94344,61923968044","66865,09242177145","73463,72506428833","68381,41502756349","65364,584569006365","62691,13591337216","61526,86662124099","30316,466462845696","31141,932093343723","16882,77612786102","31503,140364994473","54142,62956046391","50900,05962450619","50900,05962450619","45927,26825919423","49713,17417241926","53547,890325693275","47388,826415758944","51232,13995419878","43294,30954614371","54544,83441173162","54658,085040949416","55878,23542030455","53007,42335039304","45865,441576164834","52236,66095949175","45929,90244720532","51541,98789635176","56635,39164497841","42260,63781275852","48626,77394212565","49766,24767723303","52521,598614963674","53007,19348463234","49210,0845541991","55861,18793165323","48429,809778254865","54165,41678135614","50526,774682844996","46479,1228204743","22314,705951203712","32100,48925657525","21011,415616187147","35019,137843369244","29510,418708823785","34322,15967417063","30684,503529463163","31585,154935964154","52205,28840452061","67899,15150071871","175800,33428466946","120079,67453891234","116367,40167274515","94900,61805311173","271378,3517338744","91663,31033862538","92100,74321746147","103110,00665906357","101347,5057869297","91988,78971421007","137259,72440437452","93478,79818005422","28703,36716998752","83958,94620660746","82076,34377929369","116975,26391038143","118021,31515702323","103832,70209876439","104346,87079814282","104346,87079814282","172924,99039057005","96698,68020203113","96157,34509498146","96157,34509498146","99342,11539754226","100074,57887587033","184397,69016641175","80595,24935864388","81251,73058874292","81235,6546398352","29393,483357556604","29383,490514603545","27799,121384232272","29106,130641954067","28582,391951264224","43675,040664608845","43046,81367046012","38630,782816560684","43529,66563859347","42950,48980994353","37974,30960618664","43723,76104486907","42362,565728632646","38325,52076675958","38275,6304652168","41531,219315824914","124738,04616368048","125635,37793684399","81933,41384972326","64678,68415245422","59428,04609183115","56729,24399015872","55813,71649101886","56793,84843489916","57323,16189541932","61162,206798374566","60879,18754031229","167850,94636236402","53913,26340182218","53374,39340016065","47185,93472226616","162402,96071701785","169860,14471946","162402,96071701785","164481,77580562764","164419,66069897165","163510,29577352566","100396,6937851445","111011,62923278636","106736,14501834956","74507,01465699289","69500,31335436602","64890,152119904575","147255,24733964782","146849,4405583149","147560,38130569016","135839,49007048502","126395,16776707764","74430,1662402677","66323,51662357399","49226,2623954422","46047,707265555786","47502,82215381229","47683,39693160449","47901,68822710775","47710,820283109104","40504,0097388637","65233,41049011971","63571,49928655","62065,59173991219","48862,939081763565","48424,262241709854","88421,10774404612","88421,10774404612","131337,71765242974","50226,007186488234","49695,79080185312","48607,5640135608","132777,84878202536","134632,34295822377","183984,04293165464","183984,04293165464","168906,60626176946","159758,25337467054","70971,85724586561","105675,42639482532","111053,69382909712","111731,35960731872","64629,97389379773","48641,99984666368","29374,366667327016","31073,484026553964","20036,470491063435","20788,211748749425","30638,78528830947","19631,56630860046"
835022,"48276,78527840429","48818,27856845191","97046,39244424851","98519,62898811088","97628,2522652736","80328,20082669613","93104,80157500901","95803,89558001036","27953,44296376691","24754,164171603334","73657,02137292287","69708,31256277127","71289,3725400651","59710,79422000895","77250,81155664682","74682,93393262877","57187,208193886414","256866,94017516272","128984,76653129591","130316,73326310882","32065,777571863364","21331,587743967208","21743,21172029975","21144,40150239287","24031,34153071905","31134,761438003854","162753,48914012275","130401,09102620799","50061,052259456745","52497,34927811644","46660,98979243962","46716,80580958139","47895,94630500716","49579,695840619046","47136,75814838276","59400,00294479245","124108,97995453689","121444,75496526694","123975,24730656669","121444,75496526694","161220,59450349744","63924,86610502129","59178,79139572499","59997,581541659136","58125,668080763266","82170,89673615272","85089,73927123197","73443,0895107524","83801,92221869696","86848,87051638236","89153,97492822577","83194,5535461741","80292,30865489299","64871,171471081274","63970,625326549496","65640,71765874993","64774,54290821339","28708,465283187496","29102,292874914157","148760,84355163717","149849,5190888004","150291,73364581654","149088,7191551486","36474,1503394695","37003,763341469","84595,81245791118","13796,442336348198","901,1994786427405","0,0","92521,90776541617","152533,39876824542","154250,11822876454","150819,96209577142","41730,92710933658","40056,98158962653","93600,43558019456","91557,43424906563","93764,50740440085","44763,988490276046","40763,15466818097","40763,15466818097","197437,07265988743","108528,61308570387","69385,57166405329","71260,40309482651","71862,74572634262","65707,27099086336","94404,75242774787","107552,9085522874","75611,68744718516","147447,78204641416","147406,90687624147","69477,19492871095","32900,54463106118","43760,38629460394","136967,79965014535","108800,59716141106","108722,77536899575","161198,9035160805","81584,35011150599","60005,88297230647","61933,17602645812","94911,56936086857","79587,57935641611","81697,8187317082","80553,44159738347","84265,68933325396","29739,90160594969","31601,25732892821","31797,089107719225","71316,71512147778","70459,98754814197","68863,85491770928","82073,73899438996","52652,498029991344","55093,96104010407","52009,78407477679","52807,13247733969","54190,48941269738","142661,85378900045","141150,66269257115","95242,81422714052","95242,81422714052","67276,13258734536","72736,89195558557","67616,67888926202","64581,37898738704","61946,139083090115","60769,26625680767","30630,305323173143","31438,485344813147","17457,851329338304","31792,885816699396","53407,42365196874","50111,38500720386","50111,38500720386","45093,20648100273","48896,55781373365","52779,1724976978","46663,29711852067","50489,3725115471","42469,24319180377","53744,03587321138","53903,8159652737","55098,15771565546","52263,270273068156","45027,0640119938","51473,457244889185","45112,82984012737","50725,21209068325","55847,75334644872","41445,517371614194","47879,142223550174","48928,863229458766","51777,443516604784","52201,0565757268","48416,87593136681","55103,062313595125","47630,70396725062","53348,2817411717","49703,68570726855","45662,20328714395","23114,160399820357","32966,24710521553","21880,058943162196","35019,29239088775","29622,45167458527","34326,34024521572","31035,13794832502","31750,300054865613","53047,316212875216","68749,39132998213","176695,9370121752","120779,33866255115","117066,50606265776","95414,02422364429","272067,3510975139","92526,14276538088","92962,79405122502","103965,85845379112","102197,81184501824","92845,6559329161","138152,2300552517","93531,04947456763","28515,859365117038","84386,6777025513","82518,52214356586","117829,18657109345","118873,97268736284","104456,83083762784","104969,70691368912","104969,70691368912","173811,95267057908","96539,48640430045","95988,07148118723","95988,07148118723","100035,31511672946","100772,32658373319","185288,83585842027","80444,56863063767","81097,51233860603","81086,22086679032","29445,2443875852","29290,74894322972","27837,34222198843","29014,925078023574","28544,784808742854","42812,33362256837","42190,5091259171","37796,7148519838","42751,56636106856","42168,31762427962","37110,11534474051","42865,000702430894","41618,30465140516","37571,51209676294","37388,01355191354","40669,530630278765","125639,14404466552","126536,26215388243","82052,55262614596","63892,63962715836","58626,210846499984","55977,37574238493","55005,1688614042","56046,430016269456","56548,0054662165","60375,257943060315","60107,52209374151","168749,04971570108","53550,83094645585","52999,24656876616","46697,248025468536","163268,58649680112","170731,09001097156","163268,58649680112","165309,65913557514","165248,61154648222","164341,56700063762","101267,33571858173","111890,98603037215","107620,31435628847","75229,26556974092","69912,13760306894","65294,31832448784","148119,35215507445","147714,83277142493","148425,98772436567","136731,36218281282","127286,4284380424","75329,13150189015","67211,65895778377","48659,94008293318","45633,136153534695","46837,73656446505","47118,88991844719","47271,8210725054","47074,299773767714","39943,90906919365","65993,46925484958","62853,825028494226","61344,13653976113","49611,6255492965","49182,862779029274","88130,70738530807","88130,70738530807","132225,152141735","50401,70280195264","49845,201443709375","48793,142352890456","133636,02564525264","135490,62971941708","184861,8036894844","184861,8036894844","169792,9399261521","160637,91621148787","70902,91272670878","106565,35892772542","111943,50244380061","112620,40886014131","65157,335883044965","48623,95398684902","30064,75326025244","31526,425984489404","19231,762806943003","20444,919004395848","30026,46548519989","18857,41783773465"
735142,"61525,35993888168","62846,868511947774","5917,993610070625","6219,82451734512","5273,0665338839535","56234,86158431112","62026,23073794107","63617,96291288274","82923,61000022388","73310,57417789068","76859,71007813053","69713,3559137188","66788,27664698526","38309,690488773536","43229,830518428396","44161,00706296744","64653,72929162477","164700,1202713417","51693,48498435256","53221,65275752338","112691,22471029889","105415,00144499098","107640,66497917364","106795,46288052763","108878,72967156924","118604,63049651145","120740,5006055897","97071,51766331603","108119,655159314","104766,26147355676","105706,64608172952","106869,58953228076","108873,19236556029","109438,5278009254","106894,77656427439","49395,42325045237","109113,79180748455","106840,99701615178","118510,19626253471","106840,99701615178","116421,13893922111","78333,18118554576","86283,30701223819","79019,0123907113","78729,92189807272","37527,913028341995","25551,13087613878","35411,72138747351","47745,827434446175","40243,30639770988","40044,44334259369","37781,488333353635","36763,53102478946","85766,39436210695","84831,91794634778","84401,87764702253","75719,94593501423","63834,220098383805","63504,26253029803","138087,7575061209","139052,06647598185","138672,32455152215","139158,76688200101","73921,26149236604","73209,05098559977","74995,8060946957","79176,93169394351","91904,29656279334","92521,90776541617","0,0","121573,08039437803","122517,93054796601","120649,36347934925","73593,0250476004","72744,6988398167","114186,48497569343","113554,01964509588","113846,91385901064","48528,80590281845","52152,92210837172","52152,92210837172","160444,699457615","75830,31450165689","121445,86593016275","114341,57968975784","103995,08698479195","115409,43287014688","108257,59442137796","110429,16369307577","89375,55693457137","61340,258983873486","61423,90359831709","40071,6839361866","79514,70542310679","89507,65140261095","99088,78135560085","89257,57105931667","87267,17141825325","143371,09979604027","79657,32466414406","56016,36766938952","54613,47789674839","71536,44951926706","95000,29735000899","107470,66604961165","92800,9861347128","108446,92265420525","85833,59787878442","96368,07488040975","96458,90724501535","80173,69277723691","83967,10307676469","82788,28807171964","45943,394733919245","90765,14541333486","91850,02752358557","91959,93467774555","92047,27273369316","91239,7090931494","127414,34747019019","125592,04820000444","81157,61470890326","81157,61470890326","33448,34573445451","124475,288116669","124853,15345303871","124678,59592931882","119116,04524126589","119548,193247573","65224,1169389097","64905,14716482819","75087,31284262222","64761,906567788705","112973,36226507649","115578,11723508022","115578,11723508022","116546,18411901103","117388,91132226068","115475,61169868668","108412,91584687812","111892,67842547875","113961,91781093998","119080,7077518922","114900,29630701314","117987,84800094042","113046,95982303904","116932,57055276568","114188,49930045876","114945,88030168606","118630,23628373731","119199,09072695533","112437,05056357331","110781,5371874993","119516,68216727486","112760,1326991953","118572,61672827536","114910,69249782336","115982,31173424947","114937,98845271434","120452,39709303486","118570,37563642573","115288,50882221338","88769,96992735354","82610,66389033213","84364,86190675621","120130,76728126689","113367,65660195453","119458,98619384706","108422,33862777344","113811,36106320456","50389,340494376156","44521,19266009879","141642,72445804972","31540,52239142731","28109,329956735997","14243,951939242757","180434,1082680406","97008,73910893733","97473,79001108374","49395,88266189699","46858,88240699226","45748,417037747466","113101,24118639152","63434,89051671321","117608,19021636876","24257,36916705286","23266,47103335917","56447,55747816529","56728,27562553312","11971,728573688992","12469,992317051267","12469,992317051267","145313,95005069004","84989,05441358165","85676,43338297648","85676,43338297648","13919,199333311184","14994,273171656874","125977,75057117676","77628,4126567079","78145,97476464156","77728,60322688126","72185,13789115919","76331,20644746063","73453,41803760889","76398,39876908736","75080,36498243576","118009,08432312755","116849,31463684977","111758,24509037593","110222,54889609118","110200,45206354231","114161,2590062073","117595,16669525293","107095,4814075425","105664,0186596001","117325,05735369491","116373,97222082516","90010,67337004772","89567,5277608551","54226,603539295735","124498,25222762035","122501,69825217643","115968,11490384024","120706,57449627553","115615,53597368514","118466,33295201015","122170,69744398961","120469,38186814118","132293,3035392205","86685,57013665025","87381,15998539169","92881,1836721841","95739,93914208731","104047,97653200723","95739,93914208731","88307,97022363193","88458,8095623103","88094,32004895007","99270,38286016362","102249,86100150301","97391,26692998063","22602,65128761078","31762,25530799074","35167,77601701122","82367,63975322856","82457,22293338407","83114,57681511434","86042,11161145086","78828,67111144013","62942,417982370105","55889,11891468482","98350,06039044983","88336,77886978605","104178,58223674836","97675,00103309049","101982,85427558052","102343,45016130348","95124,98990948533","102707,435228574","117160,84243031185","116566,99969950321","97149,78272790574","96077,2297405475","93099,69919934632","93099,69919934632","112024,32169441019","128148,88006337226","128564,34802277759","126520,38667999965","68942,96176045008","70400,45144167295","159449,00099089448","159449,00099089448","142286,16700504403","138124,37782621494","68715,61727534595","65368,53164209233","68171,82264358507","68074,3302681948","29107,887914539886","66791,69447596371","95257,29986581813","105490,401140637","110866,22447687715","111714,62837813376","122542,6145402262","110840,8284746075"
836074,"106807,40464185117","105703,18829808765","125571,9664266069","123437,31238417215","123046,49631306565","78291,83874271625","65973,31427363826","63363,21077181515","124972,10056289866","129357,98398074669","78890,44075509007","83206,05446653454","82223,30797776717","111316,55110201146","159229,73068482295","158963,22592892006","96502,5323187985","194062,8369900097","84291,09604745197","83560,54851190021","184475,63032996806","173791,93580233114","174262,06885423878","173676,63139417916","176563,93618236965","182807,7286061033","18633,727096647857","25125,55360837827","196310,45007229986","196061,7193793917","192896,42076464536","193515,48108620205","195260,39981153523","196641,5222255305","193802,9790444457","101340,84853746873","31324,208544652785","33448,59897029406","39896,78849643834","33448,59897029406","22490,40955873031","183976,09984929935","187664,7788335189","182537,90572143852","181331,38930548797","89931,37897035496","98886,01186445958","98280,0446442783","81077,15066412669","85072,28984930647","84159,17696807232","89098,96741344014","91783,27632060675","89480,54038026775","90126,34546743867","88276,41098081479","87787,27890310861","136320,6116894035","135334,2655632312","32184,248789024365","32353,328523260523","31151,621060150177","33520,360174345056","116166,1613739193","115694,8263841463","68195,87304267666","142121,91462542702","151637,69313673626","152533,39876824542","121573,08039437803","0,0","1855,3248465550132","1855,3248465545475","167333,76118214164","165402,30544687738","223192,50737645093","221889,35233134695","223030,05222648676","125071,11507850458","128167,69160382463","128167,69160382463","44931,4244242841","48828,7733278658","214995,58851169448","212351,80869076657","206357,30809304243","209736,52574354052","219372,5179854861","225651,0969134089","79365,29679401088","101283,7805243259","100940,32654481017","152065,9543860965","119740,38455234854","112217,11817357228","22639,096807801492","43787,876213455595","44096,44547296278","26558,835867457215","70985,32710393531","162437,08011782038","162229,60330650932","190139,1565401931","77514,37422835347","83706,09606453741","75367,7877366217","81524,44812797416","169642,64450132035","177959,18724522708","178143,0307438231","188894,86534802982","191454,95884310658","189814,23222008732","163633,98487104502","104011,5578816647","102077,4507970029","105259,1298933922","104500,0570954596","102689,13687315739","23874,4647118544","23498,11292416622","57396,05833589988","57396,05833589988","142764,42497086313","218509,62897855445","215417,39651191086","213307,1157233553","209198,3173902027","208614,50747095176","147675,49258579352","148279,69251676614","143371,8156541999","148526,61812027005","200816,43530822403","199656,0792766951","199656,0792766951","196246,505284061","199416,56191449965","201485,22383903718","194222,29716477692","198382,3095864521","193432,07946725824","203567,1592852898","202007,65149865227","204110,45230475272","200088,94223227593","196305,34309045936","200049,4930031242","195763,554890396","201195,51044770158","205109,24189786447","192157,67721908665","196121,54429742132","200097,4179860319","199635,26401536312","202265,46834301186","198187,96036386405","203284,06022529738","197628,1525482598","203753,9180155707","200408,04683731374","196291,13591932826","131159,09901893203","120153,67532321787","130954,98782053441","152250,03079185856","148017,23238649612","152016,04888658575","139639,09579243156","146062,98462616376","107996,46490528838","95237,38401037367","24163,18029523835","109145,02301130327","108857,82660422762","135715,4085431137","200082,23247061472","63745,06044053259","63472,628389597165","72190,15973289894","74754,86727921717","77885,57484371706","14960,912360298245","182659,13982927648","157510,6600137272","143602,57483492323","141774,53963259154","67386,70003046464","67571,79727459709","121204,4728158527","121461,35524438796","121461,35524438796","23939,427323419637","202024,6233029283","202434,270456612","202434,270456612","109646,09123090532","108813,36552446224","54429,25493512503","190644,9880486562","191312,8640863521","190969,72607705137","156426,6757818116","160877,791504737","156457,3621054568","160726,08808301706","158943,25383991754","194767,0083293577","193995,5426834357","189123,3975023088","192305,87273236725","191878,06825256022","189156,15921716313","194722,6657363642","190186,43795403818","186723,5894453846","189856,4975857632","192622,49240420666","31982,501491116356","32170,576597242354","171175,7736091912","212763,4894042214","208314,79190870363","203865,236757657","205060,50910108845","203755,83839169293","205306,2757915525","209423,54127805601","208558,7340009394","16803,188214393875","184931,08701741492","185131,70655262016","185341,12206168342","62288,01463904213","61992,02595103603","62288,01463904213","81915,06151214967","81435,50872183788","80079,1811979169","54538,416780904336","43087,79054830398","46176,525118874546","109987,28934464685","142961,64753334667","143152,0341587726","59475,040859439076","58683,06423745407","58644,618602515395","39807,32692772736","43878,91941704047","79576,51280325436","89861,87600291098","190000,3896384376","181579,72108840186","192214,70707216565","188658,78802712032","191286,56041502688","191365,11526629268","182653,43250840966","97587,94282791897","208869,3684857881","207632,43200889532","110765,73519664952","110493,02852466964","205729,15884303043","205729,15884303043","22263,898158654105","145055,26714894225","146514,40634554788","144470,2457111847","62366,67966425873","62173,20259034873","37900,04032780184","37900,04032780184","20720,43387669266","18782,796443921397","179372,31032226645","57198,11702831591","53597,63953562408","53606,23120389311","132760,8046693876","165589,50295130708","128412,17988152734","135817,38792841745","168876,60705675167","159028,3428224714","171855,485862124","167832,45678029748"
836014,"108428,01462414657","107335,12600864441","126459,73161781864","124303,86364662912","123924,57691255042","79751,12189112956","67361,37947398794","64733,686932785546","126711,78955217007","131028,51287691073","80617,58372986254","84875,81521980393","83859,28145054015","112712,72572898203","160403,58548100412","160160,5280944775","98147,16583050882","193218,45880613461","84628,68990255534","83868,93776544019","186180,07998756008","175500,76832184018","175981,98470710596","175394,11069726275","178281,2751297414","184553,07745860095","17192,507996761116","26394,996108469397","197911,84361246802","197634,9406747402","194501,44131732348","195125,99423724366","196875,58027147347","198251,81698550086","195411,70992437878","102841,26641465408","33179,52552253619","35301,151449585406","41680,27510019696","35301,151449585406","21311,618141890915","185368,79257721265","189118,29116501374","183956,14640014493","182758,9929953687","91166,86839041598","99997,74631382657","99583,65812085093","82396,70780893751","86271,63872497817","85322,2838555997","90324,24795381741","93033,64018118034","91274,44987349345","91915,14093115859","90063,09188091608","89516,44717428714","137900,16853648916","136914,7260937246","33288,32687482099","33407,206352777524","32184,248789024365","34608,34058982888","117868,39200345181","117393,14006779001","69866,34761622504","143792,5778318138","153353,96462223952","154250,11822876454","122517,93054796601","1855,3248465550132","0,0","3710,6496931095608","168829,7884740196","166904,30203756713","224583,9242483691","223290,43151441118","224418,38610463007","126555,38634541778","129676,24760687136","129676,24760687136","43252,94207896944","50184,62001318331","216571,40402888382","213878,43958508183","207825,56617022972","211298,61735861507","220723,81905844636","226921,2859033443","81177,78966810169","101300,7720976798","100956,23938737056","153294,67565625015","121470,93267714752","114010,55135784607","23460,46115108757","45478,15443520019","45743,987644918474","26880,90240423016","72719,55814481222","163774,73876178014","163550,36831131816","191285,28980600936","79350,35063540848","85561,42040359377","77195,36308288336","83379,46494196434","171234,115545102","179584,93889889203","179768,3963353121","190250,65013711786","192833,2071134507","191196,80627067504","164776,46708792474","105819,36472364086","103891,30227445178","107070,52017197337","106312,50864657154","104500,05709546096","25343,18254064975","25046,29058855845","59080,57750914345","59080,57750914345","144000,8012364664","220084,52656601067","217021,6092089851","214926,01238069424","210799,78130165115","210224,23956198143","149217,518202546","149815,88227536707","145009,88331925528","150060,28008545254","202426,9616526088","201295,84192629135","201295,84192629135","197914,5189744287","201071,68865337665","203111,91460915504","195840,7663140133","200000,9630738759","195097,9841050415","205208,6590845546","203625,9427960681","205739,5311421032","201705,27736684447","197975,75892171974","201675,53202638766","197422,86292012324","202848,84910164398","206741,272961667","193820,03157462977","197746,51827232662","201764,0204728539","201252,39214079652","203911,53853231543","199832,01848203264","204902,35023935782","199275,96552024162","205404,81841930203","202065,84126870747","197949,7892241286","132916,22135030638","121900,94771923246","132689,30536444526","154081,65177197312","149837,41973699813","153846,3535630324","141458,80140261215","147887,82809112192","109515,70909928203","96654,51622015712","22465,26174778729","109664,16756435968","109437,0641305347","136638,04348321166","199090,54037675197","65585,97659077485","65315,07454191274","73161,12768401981","75738,40560931982","79047,36702065171","16803,178673056744","183777,00282471188","159325,73539068233","144665,33100468613","142854,10918690887","68050,05181090442","68205,59760074927","121988,15125829693","122238,22431443779","122238,22431443779","22835,558374597214","203228,79208977713","203646,44064219133","203646,44064219133","110491,5165960367","109648,46885356466","52987,20062347014","191929,23818670452","192595,04379878487","192250,01647527437","157981,3330643674","162442,119444128","158022,609420079","162291,87829502893","160508,20701693906","196453,42536701015","195678,34691291244","190798,05654336116","193950,98452495155","193525,63092039397","190846,76440068704","196406,5425240304","191820,71581182323","188368,11440013774","191563,6836790331","194309,5113042333","33162,58249928722","33275,10833355992","172348,1546585155","214384,88556111514","209951,41673942283","205479,22885585108","206704,85986086947","205367,61736100557","206930,9308733","211049,6655228317","210176,80935207117","14960,923076541862","186416,07290493732","186622,47412134122","186886,40455612369","61649,213061400296","61125,29871207483","61649,213061400296","81412,7599379675","80930,23081001558","79583,31461270765","56382,81763959687","44933,62842955384","47998,01330595388","111185,68050528728","144172,4589661959","144407,73816115723","59281,80398169121","58499,961192405164","58438,81996610463","40108,83804268919","44540,739599531524","81152,75435248045","91400,09525130856","191561,09704811734","183110,69019303736","193811,46075011956","190223,56609043633","192870,77152855377","192951,95206733278","184239,01141039407","99435,80747728761","210455,61699314116","209223,1228045041","112589,93480118894","112313,99539813385","207038,4431771092","207038,4431771092","24119,223005209118","146907,86107839635","148366,56790599975","146321,62079685478","62614,55745208505","62366,67966425862","36934,07939610643","36934,07939610643","19803,037467695736","18874,20654067425","180682,07232474067","58359,8455511015","54654,40284463383","54637,63378999017","134018,40906518215","167028,00213571612","130204,61443617579","137634,26693600952","170633,99913445167","160818,79927260644","173654,09678030407","169593,2265637872"
836015,"105194,55060931004","104078,7356670081","124705,48602291563","122592,71642454204","122190,2786945855","76849,63919960662","64608,71000438262","62017,95865140664","123235,78492980711","127692,55778221405","77169,2486628962","81544,31587254921","80596,83694032383","109933,95752818734","158068,93588979868","157778,65538953117","94865,67233669231","194921,21751717184","83993,13693219925","83292,35423427817","182774,1191954606","172086,13738142763","172544,95878419478","171962,0160911942","174849,4166965103","181064,56676384184","20142,832481517475","23932,72924806882","194713,56458568704","194493,47109111716","191295,92801123243","191909,38922717734","193649,52316611682","195035,581494423","192198,6926542603","99852,35874725775","29468,89255757133","31596,371833757516","38120,15992625811","31596,371833757516","23755,766394405262","182591,63680343537","186218,40627785653","181127,5647506989","179911,59060718762","88717,48652591728","97796,83981419953","96994,40110854183","79778,9177818809","83896,82838277149","83021,2411020435","87895,77168688145","90553,66298223895","87689,18675842052","88340,29444602295","86492,6205680558","86063,36514621062","134748,0846651512","133760,86539168077","31151,621060150428","31373,854677796455","30197,774418143308","32501,943243851496","114468,68883583898","114001,40713917672","66535,19468256703","140455,8872196132","149924,73429983296","150819,96209577142","120649,36347934925","1855,3248465545475","3710,6496931095608","0,0","165844,99463991803","163907,54624546552","221807,88112181603","220494,98182663915","221648,55251290192","123596,87011205296","126668,3449377948","126668,3449377948","46623,31244856023","47506,70041281671","213424,26660647173","210830,4504802449","204895,3286763995","208179,24782468565","218028,62989848768","224389,05842530428","77554,82960832852","101300,7720976798","100958,51244584698","150850,04422513908","118013,62785968873","110425,73007236813","21944,216360964503","42111,496486237884","42466,0459851636","26363,70747402207","69257,37254546412","161109,68126866137","160919,38933447248","189004,28583509877","75679,34155789639","81850,77174848861","73541,60207460329","79669,44565958646","168056,58511603164","176337,9676394662","176522,1995806538","187547,63366323028","190084,82639638789","188439,78146630572","162504,6533615251","102205,45414017508","100265,1170383806","103449,29686809692","102689,13687315649","100879,83044754826","22463,029400305124","21997,509184444687","55722,390892303534","55722,390892303534","141541,5690825515","216939,165526833","213817,24681805927","211692,0992837005","207601,08058854763","207008,88632098597","146140,7504529759","146750,87837678991","141739,10274963762","147000,37204625437","199210,16800472353","198020,12137164772","198020,12137164772","194581,88330907663","197764,98884850967","199862,51638391276","192608,09988689073","196767,83462701572","191769,6529505569","201929,36234301535","200393,46897787598","202485,26678773863","198476,78743419616","194638,27678970978","198427,47678701204","194107,7960918753","199545,7234002611","203481,0377863144","190498,886215777","194500,69215032583","198434,16508392894","198022,3128719266","200623,05022602098","196547,66372650248","201669,85300318152","195984,04880455098","202106,5640796905","198753,74393262647","194636,03337433722","129404,718126678","118409,69045259792","129224,03171479456","150418,99082242514","146197,92841845352","150186,35821574714","137820,33998566648","144238,9188772201","106487,87154006025","93835,53474616478","25882,716996796556","108655,08229836466","108307,27713802952","134811,9941462963","201086,1524171058","61905,00461466087","61630,95494574718","71254,2783353954","73804,86935289176","76751,05058008923","13122,326179411999","181553,35419562148","155696,53348328228","142556,043240252","140711,15138841636","66768,32775423821","66983,40458901494","120444,27705081283","120708,00558634274","120708,00558634274","25131,933778350955","200830,37461420742","201231,904490666","201231,904490666","108825,73163233184","108003,67943807215","55895,69407607563","189370,20601400945","190040,14705993788","189698,94090826492","154878,63847565948","159319,7096719534","154898,52060829313","159166,52123164485","157384,61113851305","193083,68959929625","192315,91242558163","187452,14067991223","190664,6203077265","190234,33126043368","187468,66969693583","193041,9322771106","188556,25104807006","185083,05067900286","188152,11640307907","190938,59598651077","30868,890258786345","31137,495454201686","170015,5551347793","211145,9451432603","206681,8621108656","202255,38431865914","203419,78801499653","202148,23659245612","203685,5617545736","207801,25703699866","206944,64073105395","18648,04305032995","183452,8443883035","183647,58140409278","183801,57590952577","62975,015083996535","62901,549114150854","62975,015083996535","82456,05850957143","81979,67042614368","80614,70720957109","52694,78290616402","41242,80404381284","44357,841734715956","108807,33682024787","141764,7765388526","141909,4760308135","59725,3141282046","58924,04481749274","58908,16041611451","39590,55601655218","43286,55813198236","78012,54835878345","88335,83964705025","188445,02297436938","180054,85224976786","190622,63604345213","187099,32112152057","189707,26486188266","189783,14818692757","181072,9796223104","95740,36673568121","207287,58747188118","206046,16712853737","108942,5868489691","108673,2239486226","204428,32754756184","204428,32754756184","20408,573312099557","143202,74393057285","144662,32585557178","142618,97328074623","62173,202590348854","62034,635236368835","38930,506719442885","38930,506719442885","21757,68663489529","18874,206540674204","178072,2455120525","56073,71996750298","52585,11802639968","52620,048291254214","131517,3486850182","164159,36750135734","126621,55710601127","134001,5625019214","167121,33203740805","157239,39043004691","170058,09352630895","166073,7458542964"
835136,"62733,15176117586","64232,87026285939","76068,42271022245","78332,22808173277","77655,7313139797","89141,32578941819","101888,91677771945","104623,36670843874","58374,40264087215","46521,60271254836","93251,22022173698","86766,83544622725","86669,72196409636","57296,80344828651","42159,162406574775","39565,65988182137","73362,83717447554","235274,95655489253","121272,50573510655","122780,36016136092","43504,281772782444","40334,646885728696","43091,826881782115","42343,56786086065","43181,72374657539","52589,60804635515","173504,23053194734","142842,44690607555","34602,033822784244","31771,280794512008","32114,07562936111","33278,180474186855","35280,726954871505","35863,83635317875","33301,812124294025","65993,38582059619","143284,49920542212","140554,73208903987","146699,9410458507","140554,73208903987","170712,13932076163","22812,617230489963","21393,487167631865","19275,413208620274","17460,982215450247","81702,11311430731","78483,6874092588","72114,6143851248","88038,33914595724","87082,545940787","88915,9973469477","82743,6802970156","79599,58832538758","90262,88800506259","89139,3233976049","90268,78551673332","85591,08575050576","33301,77881690036","34255,18958519927","171085,90709629477","172183,55138733247","172349,79792868142","171698,22246596852","59902,43463947231","59896,3026029558","100981,69049828203","37853,00144384363","41854,751029559455","41730,92710933658","73593,0250476004","167333,76118214164","168829,7884740196","165844,99463991803","0,0","2133,456947271689","58468,812452754595","56769,62928597019","58457,5311836761","42297,11874503258","39196,69589743721","39196,69589743721","211523,3165180016","119068,37432065894","49893,095437164644","45354,14742708406","39285,16428313118","44056,353120090535","57015,7624076778","68336,83879701253","100145,23303012713","134616,8555348515","134674,3535577401","37537,462596593345","60487,91506309443","75150,50919703659","148019,90289073274","124751,60982495084","123896,64086777304","181481,88453879728","100660,00630128436","22515,722397840025","24651,77250327841","53573,513766246266","105443,6210808515","111738,21841179431","105304,86541427662","114027,34584188876","15911,17307975151","24944,274840474165","24966,683042538058","30148,024257799705","30093,493832961805","28365,554521349757","45634,58644611333","82810,38694748188","85210,18948163828","82825,70650881325","83493,00605306085","84233,88019739892","162982,47901356095","161268,2145376819","111613,65380321033","111613,65380321033","40678,4306163123","53245,58868524991","52241,80187735975","51560,9179243431","46210,31711861098","46406,80113681412","20787,338134200163","19941,29650483462","32755,01199955911","19595,85203308173","39493,47229327715","42029,61498020152","42029,61498020152","43668,55774910051","44020,96702315174","41891,4263081813","34839,132304495964","38306,09641991841","41308,03325253107","45490,83735123228","41374,32147204178","44424,40486654776","39495,21306264284","44115,28341610866","40596,84753169754","41889,92311288295","45165,82938691392","45633,67601391552","39819,52060846588","37209,60821245372","46314,90573807452","39195,30877092335","45015,6970991616","41444,279476175296","42488,87817170375","41544,32920587992","46899,73980467286","45197,062652613255","42176,64621316237","57979,09621814338","62542,9257590115","54005,03581314784","76626,2912363297","71352,00383919981","75944,6288663566","72040,00349429814","73435,63718832677","59397,15527642226","72662,47918074872","190905,85826948017","105069,04850759536","101545,49058457473","70351,71363966349","251923,3809047113","115937,26774766386","116440,47535824879","104455,63845938146","102056,74304688296","94479,46462257454","154451,70437239108","53138,38743116088","69374,4020480956","56184,07317881047","55192,73441933968","117049,54993573039","117849,246654902","84860,33077396013","85254,23785272153","85254,23785272153","190535,6399917866","54885,7150056912","54377,74343674698","54377,74343674698","85387,94775891938","86385,69196758905","189032,30481024543","38767,69185263862","39433,087425650534","39404,8405163216","14137,770675373988","12515,994781612495","15264,270621936832","12796,581583407067","13640,269837699481","45890,55972378225","44699,107947640085","40030,66599552089","37120,64343670294","37195,42662032324","43138,85345004967","45388,58057175845","33929,328944956455","33184,90454214679","46990,027077225066","44586,22668808943","136750,08054885923","137169,7280419601","43188,125190570645","51303,45724334373","48958,029540523494","42545,38228172629","47114,93584750698","42220,70537927856","44960,878943074706","48766,8400718182","47160,767783887306","182075,55272799352","17680,263960798915","17815,4274391196","19809,09044489347","162197,34703213075","170337,27092985416","162197,34703213075","159007,2443549386","159073,40608180503","158471,4552003036","123237,97346023454","132045,00670912676","127114,34901261918","65831,04812792141","42873,30568423682","38757,15092144553","147351,56968090258","147172,77214086798","147890,61157271673","142302,64417936857","133118,15411651402","88175,94194266273","77604,96446700447","25233,862151925718","15360,966874514632","30602,591969587058","24358,78510353193","28484,78228056797","28819,80219766495","21645,655891958704","98008,33413981195","44709,35449886542","43878,45690083089","83122,20128760308","82346,97769445875","47894,97862752823","47894,97862752823","150008,85779904903","92063,47170235142","91549,59739740881","90434,38670865298","132592,02769616537","134372,6825329879","203176,42911797183","203176,42911797183","186747,48992059226","179130,6407415822","29335,699901859312","113254,65693888968","118235,86264184129","118663,26868734455","45135,29290274075","8658,45387598291","66875,59089707764","71739,89384219507","51595,94666682235","60488,52678231173","65360,65262358864","52366,90784281221"
835122,"60655,213726255046","62148,167540010174","75362,68473979256","77587,82380000013","76894,32004520117","87242,8275347892","100021,6422971846","102760,91271013448","56282,32318179543","44398,07679056924","91169,62533237343","84708,6696717329","84636,18759579996","55559,10347123103","42461,176052929186","39846,79845921929","71291,00250260465","234895,70127045744","120020,88239333671","121524,35767606665","43241,69799157526","39566,20950227874","42305,482164533954","41539,5762503974","42507,20639223799","52030,74562890891","171676,95146309462","140945,83535892662","35678,253542562736","33113,54157247513","33057,82829365375","34185,39111428725","36194,41055632124","36862,94291905978","34235,885054741295","64063,08500657069","141251,76995249305","138521,33552112395","144617,51762067422","138521,33552112395","168917,12469957053","24818,78791047152","23517,22145306003","21343,888992595006","19541,956337233678","80042,82812204795","77039,26502086954","70438,61004871276","86256,16185324744","85421,06339689944","87277,1163812355","81088,14624770614","77938,72912889544","88133,88943664191","87010,75902844226","88142,99999385203","83488,30495823869","31179,976825570575","32135,3570168525","169017,8753527372","170115,76248188544","170285,99758798096","169626,4493902529","57769,06979165154","57762,86200358817","98955,22183453871","35832,73143040396","40152,30661425897","40056,98158962653","72744,6988398167","165402,30544687738","166904,30203756713","163907,54624546552","2133,456947271689","0,0","60594,28407677783","58890,171375245845","60584,712171867584","40407,41897814734","37242,10966785784","37242,10966785784","209632,4490861972","117188,58376627184","51435,344451988334","47160,741407602975","41323,4915327358","45648,22262841488","59146,65664069597","70424,37552065475","98024,5132748695","133635,93336149785","133688,56766023528","37410,28694448747","58367,34094803983","73039,37729515582","146162,72796786","122761,29863906623","121920,51618403068","179449,2612718866","98593,19248853094","22932,85237771757","25069,30364311241","55026,953083776105","103317,61944255995","109605,4837403455","103185,06040248943","111894,1137667886","15337,984618522556","24902,501309485106","24941,74482462396","32124,54517353755","32161,477726131983","30427,050761813563","46142,40392241337","80684,80612011094","83083,28039283826","80703,99066579912","81370,07526883451","82107,04725706697","160941,55582918943","159229,7978082805","109601,15547453353","109601,15547453353","40072,03930588664","54816,40709202851","53602,42328092879","52793,91868190841","47519,31605071079","47644,83154699335","18672,622727131293","17836,3263646054","30689,56486233264","17496,15238229957","40588,77351288374","42836,701600762986","42836,701600762986","44128,7808023308","44686,69882576292","42858,73204385439","35689,244769113415","39271,489543491276","41691,93310297816","46377,338094779945","42426,46526207339","45427,63853907504","40522,667399116915","44556,9630890495","41536,2905542649","42409,886532156204","45894,38616248551","46632,26483221027","40187,90735379593","38054,407954035785","46901,1724567513","40205,12064233753","45833,151910722205","42173,06674819448","43567,04382418195","42223,44433439856","47711,10565520684","45866,76293954169","42719,166257273064","55955,83381699556","60433,25271156146","51951,286346386616","75013,839392293","69662,22900957726","74328,48869475417","70208,53885906862","71712,49759453","57438,02605215794","70829,95200128463","189002,0025127578","104168,1003070402","100623,1185896513","69897,86817723831","251466,08193104822","113833,11240553515","114335,95733870036","102840,08952148035","100456,43413930948","92797,1866563615","152479,4810206339","54335,623060610895","67878,71948922027","55886,403258451275","54812,192493215385","115509,35074764333","116319,74559782213","84110,22071292014","84513,20679540187","84513,20679540187","188574,8942266446","56691,30774143795","56205,87491745825","56205,87491745825","84356,569209132","85344,94294150919","187430,16732753854","40569,81103778514","41243,43527032058","41202,87242503799","12068,227158041174","10768,89733586459","13247,893535053317","11046,1823588896","11744,953859973695","46149,977655622126","44961,66517419051","40177,27623581071","37649,27195431378","37685,514929195255","43162,68171899492","45667,0135652673","34479,22088610246","33485,72683217265","46919,63653187012","44767,13224350672","134879,40550913414","135311,55198926374","44056,75338359439","52511,053446717415","49979,4581714726","43671,128470857155","48009,93800160627","43363,068990799045","46024,54451177231","49889,88140783373","48333,103824951104","180188,0323737982","19708,191630583944","19805,7701572145","21217,09348099274","160741,60316862623","168865,2390553422","160741,60316862623","157759,90229711047","157820,65299564434","157204,77496330082","121153,11122879935","129989,76280178316","125065,5153461119","64430,44826575778","42336,589406579464","38115,21698692707","145864,90548055322","145677,4520441729","146396,06628195225","140593,1624549589","131387,97487874026","86189,39033270515","75638,60841628572","26575,699987922966","16865,57097241971","31611,25185377718","25617,78451536533","29600,045284345717","29908,760028338333","22380,302653261264","95887,35282533958","46126,93856497351","45248,786672182425","81025,7131799005","80246,97979487211","49945,403245088375","49945,403245088375","148004,8305756735","90323,20890283803","89829,89798976707","88687,38262419455","131092,20481162067","132878,71052801312","201188,158970199","201188,158970199","184780,1280036545","177129,15825611324","30873,66815246356","111466,06765460943","116467,8486261133","116903,25813020475","44098,0825939608","9334,828144996012","64867,760487751315","69850,3130449734","50494,29789096756","59045,29665721431","64250,12231166469","51222,57227372664"
735052,"120919,57638630678","122472,00583348848","113938,36145258397","116615,16133161087","116312,02515151925","145067,64396525733","157223,2112893777","159854,71831796505","115685,58245337642","104559,7553294881","151415,0343298064","144700,59351503235","144329,35168810145","111876,10548919605","71087,5006828382","70026,34975760768","131469,0615287866","257187,75459046074","165830,79830291058","167363,7420984838","74930,1207890977","80389,8312035219","82611,4400615001","82324,3972584998","81038,6109228518","85937,77729395579","227556,8511589643","198264,8208043174","48613,21131330489","43764,855571982676","50936,5668452633","51628,229324344735","51697,40295108138","50149,57029033538","51160,83699121311","122622,9207708443","200766,91240820254","198052,2187602879","204818,56780048413","198052,2187602879","224215,65553629887","39216,5183509059","37077,76969906724","40887,93710758596","42279,23685910091","134416,41110145705","128155,89028058368","125377,45909756742","142359,98122271473","139668,38924180742","141110,6161883231","135371,28695282358","132402,8140417555","148721,29436150903","147600,20989422285","148737,27153998942","143949,98761273417","91768,78033800574","92719,0589989292","229006,85007578816","230100,3534981386","230213,67565311954","229667,20846164526","118231,39916106898","118260,08530050953","158501,03902004295","94434,29211690313","94084,01141394292","93600,43558019456","114186,48497569343","223192,50737645093","224583,9242483691","221807,88112181603","58468,812452754595","60594,28407677783","0,0","2191,4764625308494","584,8802623856885","98974,14114953516","96516,86582456312","96516,86582456312","266511,3985731147","174410,43168355236","37494,804456626574","28000,070709368774","21869,89035450448","35753,786098249024","8095,15564563232","21267,625016173315","158606,62710020258","173417,34968390284","173569,90162527643","74812,38588197979","118385,48647089218","132744,17922748916","202762,50581596768","181694,33509554787","180640,46705948364","238894,31740069675","158656,5852028552","61329,81328690776","61923,10695368981","50128,72144399294","163911,89815555376","169958,2126170417","163762,91562229936","172293,2076550563","64268,926900254424","62974,123333689364","62798,42570665064","34816,864527220794","31821,25876707769","33415,72636212118","69365,43709551657","140766,98536583892","143204,46538595675","140665,19282861447","141366,0945667405","142227,8841977751","220543,32574657982","218796,42188179164","168913,47026245433","168913,47026245433","83261,84852453595","36984,47846611436","43831,60920965393","47441,73145681646","44137,67894364084","46084,219121496215","79245,33028612833","78377,20303468223","90063,19779813054","78017,59400872393","48524,17021260909","55094,721311996065","55094,721311996065","62496,22179048137","58609,179411370045","51684,05444148963","52793,6283079847","51087,02549043756","62923,9590145983","54398,24603471675","49726,61482792598","51455,55858519946","49976,40583339824","63036,77252611704","52012,340675597006","60667,149858374374","57718,95753923522","51871,52344121037","62598,125894380675","53255,95095732675","61114,778457890265","50304,59067107215","55769,69912906486","56503,803706078696","49328,63520512353","57509,53294080153","56539,800750942304","58957,99265943759","60349,66129057137","114068,2338510341","120178,23934652154","110690,39616143944","124814,45376627639","121227,29150450419","124240,71467034589","124376,04077702815","123787,00726384319","116436,7845729162","127981,11683833954","246201,81874438885","143890,23663392404","141006,60968391268","104569,90533223675","275358,48078274104","174292,9914856707","174799,03225519473","155861,64921256428","153279,91880472237","147181,7849082004","211011,1750516694","57545,515991527114","116001,54443087793","90449,32764923497","91042,23599198261","166882,1661463472","167477,77218927175","122548,04751283942","122737,52292463902","122737,52292463902","246795,8033027396","36894,906286403646","35695,4929762508","35695,4929762508","127975,51473195964","129057,19624447319","238789,7701580338","36892,51147853561","36472,40563050394","36906,86633468843","72046,19581707349","68859,31022836635","72784,18433602058","69109,18907619808","70587,6643861197","67283,45335343471","66637,37235459621","66428,44693172016","58900,193234747996","59579,425400045475","70027,26569559076","66682,17972564096","57682,073706992676","61295,65611420163","73814,61354094525","68055,62356974473","191799,3860662173","192013,93873716437","61229,924322550374","48085,91178299852","52288,985586732255","48235,43681753662","54720,46430836881","47798,268028260594","50166,492286444736","49648,15914894564","47962,65397626665","237128,3987079455","41544,31000414727","41791,27368486607","46903,52867633308","209521,66547344782","217834,5570113311","209521,66547344782","202323,46131897462","202495,67907606153","202185,3029064694","181402,60391094105","189848,27698730986","184844,7643314293","115597,07197903635","83986,02280394702","82274,87588973278","195544,18055679562","195529,7373302898","196219,0388671273","194591,41666513318","185884,02702185808","145262,10285200775","134526,5753317776","45548,788255815794","48351,092459041516","49843,53197461033","47022,58708384519","48282,50110790751","48661,08402647446","54000,21043816143","155780,63881133875","40955,16984503665","42221,326280672765","140322,03066498216","139633,81640477738","22342,431982011723","22342,431982011723","207063,65951543016","141917,51472234016","141021,59822838817","140481,24081534045","181341,28181338627","182975,86269571848","259857,99321844272","259857,99321844272","243127,17505697047","236074,25564287123","45717,39854056241","167249,0334143767","171832,84062993494","172125,30689758202","92237,7312261386","58075,56032734216","122504,08336701315","125120,44284280184","93944,53892486887","107043,93368789279","105711,59293647911","95244,55429587641"
734060,"119313,86163310672","120856,32853963207","113415,79650632739","116087,41012083869","115767,819020077","143718,4521573718","155929,89379189076","158571,22852251548","113801,07865048513","102746,99040956014","149821,57481629058","143145,0848868705","142811,66500064387","110577,90223333846","70545,96565396062","69412,70503558041","129881,30248852345","257588,00820209587","165157,9842847004","166692,18587311354","72741,86142872549","78231,81267312769","80445,97957430173","80162,33550186393","78866,19212427916","83747,17478643543","226399,683293497","196989,14627720197","46423,47527379197","41586,663090052054","48754,6564859203","49442,32356571101","49507,01921681203","47958,37440275117","48974,72071934227","121195,39096795139","199289,0594869073","196571,81753378673","203242,1073913355","196571,81753378673","223096,28164392165","37943,179237612756","35378,607388613964","39447,82934514425","40788,02052138201","133269,38848481345","127160,62130746676","124183,1889176627","141124,20719169933","138536,9580129514","140004,0689488426","134230,82723442742","131247,35378449407","146991,96778646926","145873,50914969464","147024,4474882491","142308,09217636756","90070,14820015243","91024,745064013","227469,54009555007","228563,8701926202","228685,98381497612","228121,6553486744","116457,84939447578","116495,08799733271","157006,42793682916","92530,68629294215","92047,55690231713","91557,43424906563","113554,01964509588","221889,35233134695","223290,43151441118","220494,98182663915","56769,62928597019","58890,171375245845","2191,4764625308494","0,0","2586,606300717346","97511,66492008555","94998,37028243535","94998,37028243535","265294,990826667","173128,4651896904","35434,43436287649","25848,9730380914","19766,20963762829","33599,794113134885","9213,232134415663","23140,546544701698","156914,57614743296","173019,92596549026","173168,56321866805","74022,29244439863","116548,72361541311","130871,32127474963","201542,4750158574","180273,2046600236","179239,22191668782","237432,63622436015","157094,94889984734","60263,077835756885","60921,01692938142","50442,570810299745","162197,3481596083","168150,08060527878","162074,4945361864","170493,7890377309","62282,98665113581","60861,533342015224","60684,96071252546","33857,0461928146","30687,301187346966","32234,529768073848","68988,38137047469","138927,22595551884","141368,50001833393","138812,34264443774","139516,6033135138","140392,19848880748","219058,9956483958","217316,17317806368","167448,6630636523","167448,6630636523","82366,7802368416","35005,491714499636","41791,65721358893","45370,77661923035","42003,1161993646","43947,742849329545","77555,57179680251","76697,59237393632","88205,19196119031","76342,5801236196","46337,151165859344","52911,37180513053","52911,37180513053","60309,42726392275","56428,928667561944","49503,86236467102","50604,2240008278","48896,613669442566","60732,897300421595","52234,186898976564","47545,957329204284","49290,18622808984","47788,787375187385","60850,5271759818","49826,83087166661","58478,088241068814","55545,77242312467","49714,28269759992","60406,67400888581","51064,47635879564","58940,37442656862","48116,08006293458","53599,646831501406","54317,17130069132","47154,11356412647","55322,283732429045","54380,35631127902","56782,491772644986","58161,43945299442","112118,71395257825","118315,62606490575","108772,57612063391","122676,21837030804","119114,0325823383","122104,13639923342","122304,03288591906","121679,02682673027","114967,08362883223","126659,93776852793","244954,23381530022","143429,65456276597","140511,142549309","104144,23813421081","275715,21207877307","172654,84583206344","173159,9868492504","154820,88921940324","152246,14281411233","146053,88387180606","209638,73341995297","57701,44597876978","113853,00953257874","89926,2505562361","90464,08154333738","165943,28129749862","166550,75708320754","122068,11180238148","122266,65306054427","122266,65306054427","245462,0884604521","37496,247933400045","36284,586114084996","36284,586114084996","127308,0044517886","128389,30423889011","237915,81671974988","36539,86470532376","36155,864616664745","36592,55499774465","70262,27983925372","67014,55681309149","70974,11294853144","67262,16290317227","68757,82873384262","65096,44762425322","64448,4923214041","64238,073743681816","56709,61106417271","57389,02516449007","67835,90387340897","64494,71182952459","55497,67751494473","59118,41949817454","71623,50510361473","65865,39428656205","190550,18691528772","190780,59397052097","60914,16957806668","46007,655175052685","50161,82318396896","46062,47174784937","52567,77857820419","45623,79824217094","48007,58134722727","47528,46138681154","45829,78164488249","235897,98992749327","39714,171430784714","39933,16706849882","44861,822335842764","208762,14642811735","217072,73723528325","208762,14642811735","201758,82423873895","201926,1183178243","201601,29583996994","179813,85142240036","188323,82334986233","183329,9042223988","114565,21718823149","83152,10326356828","81336,43923354754","194725,52881646823","194702,2294942169","195393,72846636755","193535,22391428327","184790,92471727362","143809,55816226132","133083,22158059716","43427,929897837384","46391,3454840895","47668,74418104169","44907,46795063679","46122,399130647595","46498,149081359144","51905,59398804358","153915,8021572299","38808,00184896533","40064,62000773567","138415,38982059126","137733,64766903812","22451,59791847703","22451,59791847703","205638,24320459602","139790,5687594542","138889,855331588","138357,8197875973","180478,05869430274","182122,2774831291","258484,5599994386","258484,5599994386","241780,97964816386","234667,88223444647","44945,50086302629","166059,82602196216","170674,18987926218","170975,8323214868","91229,73491736292","56603,43342703269","120528,05105934481","123071,93092140784","91781,91094901641","104902,49574321278","103528,94503057942","93084,15517350844"
735219,"120865,48937262419","122421,73585569748","113574,53437392232","116252,33091659825","115952,76877194428","144921,60339728693","157058,86900780836","159687,20900000987","115755,01179992069","104594,41535410545","151355,1993268494","144626,55327792265","144241,3711176289","111715,00392659222","70730,9504771001","69685,92677145416","131407,6502833291","256665,85151440438","165498,76793650154","167031,38751400876","75258,9816493674","80658,85270916512","82890,93078562598","82598,93080630178","81329,34902225027","86278,65055368807","227349,7618934532","198094,0634768795","48949,83176635575","44068,381384222885","51247,600411492145","51949,849752810944","52037,70884872207","50497,13496706204","51483,13345744674","122503,89666295038","200663,39666122023","197949,65042196133","204751,17839903844","197949,65042196133","223997,63500112004","39058,612247680925","37072,23829979906","40783,77049960854","42192,35494745756","134208,36840442804","127905,50837800672","125183,72874281924","142178,17884016273","139455,6315844259","140890,6568772173","135161,29830021044","132197,31318145274","148716,8340576102","147594,64575733384","148725,7376662406","143909,35179282253","91753,66536872057","92702,07595155391","228924,46700364517","230017,65209565495","230127,73586170695","229587,87314643743","118247,41650736732","118272,2636220654","158404,33581816478","94514,63329936199","94243,52376096751","93764,50740440085","113846,91385901064","223030,05222648676","224418,38610463007","221648,55251290192","58457,5311836761","60584,712171867584","584,8802623856885","2586,606300717346","0,0","98868,46730755328","96431,33389203677","96431,33389203677","266321,54183235706","174242,1006357576","37983,49922852325","28435,162570216886","22092,262212332807","36186,285937576715","7526,116687336911","20719,4571315889","158586,09888180022","173025,71454310886","173179,05346762983","74512,88148371724","118431,00036202691","132807,1033505902","202574,5249820296","181571,4174618963","180510,82085247876","238784,5938254644","158584,46614517315","61104,72849811926","61680,09767884358","49623,53324764356","163900,74271881924","169988,73387531698","163740,75899991268","172319,61809140694","64397,956762380294","63194,93594736856","63020,051952364185","34570,90904552296","31625,530763591418","33232,821729078045","68974,58901350395","140813,2543590078","143248,8303428831","140717,88334344933","141417,10990914033","142272,13876660573","220441,82896889804","218693,4964262069","168805,94693743982","168805,94693743982","82987,82188074963","37500,896464722464","44328,64061228587","47926,26172891802","44586,318554470905","46531,46154386316","79227,52129665611","78355,28831517938","90120,48438008664","77993,82923292986","48907,26507058992","55487,21480750558","55487,21480750558","62879,70127640032","59007,98255902033","52083,06540233754","53128,330234022564","51455,80731030234","63287,1842942223","54820,31260355015","50124,77535421179","51876,11478123724","50357,543927058505","63421,85387418744","52399,644850590405","61042,63345856454","58129,34398550355","52300,88863996154","62950,39506813557","53611,27532314503","61523,34570964222","50682,5486136831","56184,414647894024","56887,87723027023","49737,13931785017","57891,69465998083","56966,90576318316","59364,90243531656","60728,45777991023","114172,87656322759","120236,40208277032","110777,58166143994","125058,5284193206","121446,3848174267","124482,99477290547","124560,40990450855","124001,23148192273","116332,6801925082","127826,60569591813","246021,69108729274","143512,21929887377","140636,00317431014","104186,17588955729","274841,93063946505","174250,13694092547","174756,52682074418","155622,77238537674","153039,18825748842","146967,76475305128","210871,38303113426","57062,112040015294","116257,60219524206","90086,9683512372","90691,86280772935","166615,5904029703","167208,07727450336","122174,78691941852","122362,35083009211","122362,35083009211","246642,8766223508","36356,39751962972","35158,5875782726","35158,5875782726","127643,36823086461","128725,09703096969","238505,26058691653","36503,97919464502","36076,80725158397","36510,64220958516","72069,87399930476","68911,856303634","72819,81363814956","69162,81317755011","70632,84460856614","67666,21213859253","67013,50484104002","66768,12714775174","59241,59403337146","59919,51202889633","70376,823309982","67063,47361177973","57999,016343182535","61596,05288455993","74177,10806383958","68425,12513408235","191620,51416876735","191830,19500414463","60827,962294340745","48567,13889622955","52742,96062878391","48646,22736959512","55154,23774355345","48206,86840900501","50594,15836774842","50107,01123184096","48412,571241698206","236943,10536593688","41594,8566013764","41855,18246627291","47070,77846900497","209209,25952098882","217522,58904366937","209209,25952098882","201966,46916177735","202139,76241976145","201832,56871613825","181340,29474975826","189761,7266674757","184754,80374452472","115357,21722511991","83696,41978219926","82012,22275342772","195246,4068205462","195234,15875661836","195922,90328012602","194355,97530607533","185659,11252351792","145150,9045632974","134412,5370120432","45779,11831101995","48466,97306202738","50140,01352307927","47247,35569672661","48556,26191930809","48938,753373645675","54206,22929962493","155838,95179733625","41393,811593844635","42651,222418615165","140402,30489219533","139710,6783909566","21878,385532475957","21878,385532475957","206941,77493419815","142149,46179464343","141258,47826483348","140709,69511792192","181054,90985038114","182687,028451112","259717,9527885184","259717,9527885184","242978,34534347284","235945,5044862281","45418,946640673035","167052,46922942242","171627,12816024525","171916,90101376493","91992,80285903018","57977,82311321727","122623,93789637966","125287,3868555828","94219,54262965776","107291,9196857755","106022,66059992388","95516,37467610055"
835154,"24032,109457483377","25770,444339147176","53525,63119846307","54683,95186295382","53758,17909071745","46844,481175933855","59622,05287957095","62366,48747375036","36183,30341941444","25095,266363234536","53351,024236559904","46208,672117735645","45511,96948977612","16447,789707422922","48277,46470637505","46460,541258687794","33665,76298561166","212213,36306443115","85617,52864534785","87023,31013370526","69642,96052723531","60666,645457299346","62464,87682015131","61647,814889392095","64120,822321105996","73336,43705873883","131337,57136272846","100545,38558027383","73526,54830141235","72277,3641256822","70338,92014761423","71193,18693662978","73116,18000583122","74236,95056203679","71391,67775911678","23780,490593385006","101795,43415527328","99082,71755664711","106282,08543797594","99082,71755664711","128677,7086093308","60055,82255404008","62718,07216022642","58086,28410981255","56725,161803772375","41126,32884073612","41271,066766419506","31552,260913777198","46183,00949322569","46388,1009455652","48461,03157146425","42194,102974636306","39047,16157812036","54077,31614177573","52925,0268190952","53536,16673670452","46953,421203418424","16469,245970318203","15868,68537400125","130186,27448079087","131275,29186735573","131351,0694418602","130887,0870101718","29707,745585151148","29194,350878991907","59563,456633240465","31072,857939967882","44065,86397111494","44763,988490276046","48528,80590281845","125071,11507850458","126555,38634541778","123596,87011205296","42297,11874503258","40407,41897814734","98974,14114953516","97511,66492008555","98868,46730755328","0,0","4197,333317527356","4197,333317527356","169228,0272251732","76781,29903260681","91116,25157911587","87536,54016711046","81311,21894916726","85546,68200466041","96039,72182488139","104628,3674645261","62430,40099724215","103006,80701670473","102981,24243372004","38914,1848962107","34124,92647390572","47318,089013045814","105770,52650593214","82809,86263150645","81845,80614840139","139922,5857461093","60140,52564988917","41185,40237780132","41813,69925755162","76435,62418603702","68196,78707807571","77226,83464040274","67359,64479755812","79112,21444244053","47133,27987492906","57004,04911791945","57154,891805075225","65898,71354862206","67789,33778810201","66062,81340968134","53894,627280323046","51917,19741041651","53832,64344967504","52604,42346682499","53007,525531583495","52958,79924575436","121576,22747247134","119825,94342500828","69939,8125651327","69939,8125651327","31830,587343747597","94581,42431500205","92446,21137496158","90963,04673339847","86206,61942579733","85958,38917520696","23799,09155787347","24154,12383120807","27767,057635517678","24304,107040369512","78334,59477911712","78690,66022259617","78690,66022259617","77291,62811960891","79413,80910738853","79755,432332578","72266,09174606674","76329,25866665412","74458,41808519275","82582,82820490478","79854,0083335288","82437,63157574057","77885,93822426363","77529,79016274666","78322,97239250495","76197,8873563785","81009,38259023023","83564,45963968188","72983,3204247134","74445,79588668924","80861,54700293466","77479,78971009668","81589,84644952351","77526,75283519308","81102,85651449878","77219,897089021","83325,05826125818","80544,86365690612","76656,37124327297","41118,49299794969","37252,22450180578","36481,01112424142","71869,56719921388","65125,67384185349","71185,94588571732","60788,23292232119","65760,40844862422","17465,943144487133","30541,928060949012","148609,4694496871","76015,41305565464","72302,6988958883","53890,18433456757","227315,38062789504","76680,03307400324","77195,86702415753","64068,90492628002","61875,48005046025","53467,11774424987","112351,2465515975","71408,28282357329","69081,15440601832","46334,23469358557","44030,641269378546","77414,5406564088","78336,39280947734","60295,43537655101","60825,43908273612","60825,43908273612","148363,84969899873","84500,4845280025","84520,69866722723","84520,69866722723","55277,26075588692","56009,05412130666","148375,6459517835","70165,12654731021","70889,21815974182","70639,00212531396","32741,91261952747","37441,52727222306","33228,04915085674","37356,644949767906","35601,333522220586","77388,27459654806","76350,69426387898","71089,43202230375","71932,63813528875","71682,31185026013","72534,66974781913","77126,25557911333","69225,1538909166","66558,80648044906","74835,84426401887","75432,22148351472","94475,19575247804","94918,937349859","58174,058514078475","90540,03960035878","86932,97070645865","81476,52945687005","84197,00301796776","81271,79335491873","83384,48341191899","87484,57298719481","86262,79030190517","139781,9506594823","59860,80632301417","60070,91589964531","60928,348352477995","123209,870551406","131111,75393111003","123209,870551406","122800,40741434933","122788,70762548773","121996,07376355692","83058,80526311569","90997,32255136981","85957,66962747571","30556,715320903033","34011,452042312165","30540,63051484481","108092,7723132644","107812,50763325956","108534,55062092758","100829,66953021743","91509,19388642734","46299,666602321304","35588,005023174774","65923,39410228503","56909,79369193104","69319,37702533508","64708,1342514055","67926,73929479916","68099,51724181451","59504,569139192274","66708,12117544218","85351,46422600822","84274,68783847835","55870,027666897266","54838,2177783605","83836,22684287786","83836,22684287786","108157,23701605234","81244,93589779186","81477,32476482404","79566,5947324224","93293,32366719915","95129,32452530308","161155,18029242312","161155,18029242312","144607,60613851369","137226,8600275433","58353,177422351284","71297,56553253952","76395,8942680828","76874,89860186321","24793,86682599438","40908,231514908846","48599,869532070814","58218,694474832846","63724,88342161967","63311,75297707156","74570,45985669435","63511,626571692694"
835123,"25109,02561732118","26797,65565459777","57011,240524776695","58266,9288533399","57350,515213160834","50100,83608902402","62999,81775607344","65759,14060169244","33974,09585575675","22192,980930304842","55171,29103639355","48246,5460294319","47814,01396313552","20572,181700281046","48853,7571296845","46876,75003373877","35276,33293351418","216131,9981925576","89814,35094111238","91219,56791941807","65457,08391377615","56470,12665672477","58273,93874019021","57456,06204752295","59925,01613838168","69152,08657270597","134786,89230995823","103781,31425580705","69747,45951296217","68655,86676949024","66524,20828618575","67353,40713374683","69261,86896359382","70413,5573485486","67562,39097027968","26844,989449215802","104331,40682192205","101608,95779386182","108400,24719496407","101608,95779386182","132215,08199896317","57861,83518025823","59963,85673981181","55675,730593607674","54239,065345952426","45154,82468263436","45468,36468966708","35618,563307580735","49896,842847332104","50384,26572535637","52484,38041342663","46222,71375820889","43085,61365928151","54834,90137849108","53678,93873590789","54425,45268590269","48320,04192920941","12308,162301809198","11746,382050041617","132494,27689767745","133587,14170334087","133696,8990936554","133163,21917629955","28615,1865063441","28188,59233333729","62024,847954523466","27149,20963180515","40082,794711693634","40763,15466818097","52152,92210837172","128167,69160382463","129676,24760687136","126668,3449377948","39196,69589743721","37242,10966785784","96516,86582456312","94998,37028243535","96431,33389203677","4197,333317527356","0,0","0,0","172472,16663130955","80092,37013330754","87541,8101081075","84240,37926861165","78395,75982325636","82034,75822431745","93858,22801164362","102907,15872309018","63637,73764487194","107159,59165508304","107136,0254609742","39523,39007358887","32484,662830971305","46296,700344553836","109142,99338697699","85592,03794184989","84709,40993537786","142507,95640816912","62212,50825138119","40065,1624885307","40893,150185194376","76038,79042477264","69315,2414896912","77776,88455454078","68654,14002182506","79756,33317157636","43237,555250593796","52998,65065138014","53152,431405072246","63962,2966937803","65636,39269754571","63891,30570937161","54456,59648213828","51521,360286016075","53555,7697401307","52094,69819671703","52552,13182562559","52650,29202460939","124084,27704339143","122349,42926347449","72549,1486347983","72549,1486347983","33179,612165681174","91020,92313348787","88726,33227798987","87165,62012283126","82479,55619574472","82187,95651903737","20010,939077441988","20447,64575120424","23649,12172886682","20633,872571341024","74528,95278089434","74745,47592970454","74745,47592970454","73226,39336490627","75406,82589957523","75875,59444551128","68390,6592971707","72472,9923011067","70387,9159277142","78647,37722903884","76015,64535244915","78558,22678337326","74048,57574205875","73457,18759048819","74439,73618894117","72159,78422762653","77016,73236766647","79676,05046871296","68918,66139820933","70549,10975562363","76816,81783063944","73636,56618931546","77630,18114734761","73557,24356643326","77269,92512735314","73232,88943130086","79352,48427950125","76532,292098019","72622,91220075179","38414,840630552484","35547,77946178112","33689,0078704965","68673,60739120815","61956,96879761929","67982,75993287262","57967,17976663365","62710,66556149293","20200,58348901949","34161,99142690826","151811,11156017537","80040,9640184809","76326,95433547694","56868,56740146742","231305,94186491173","78377,8312506357","78891,41531351027","68068,84424241644","65903,47703121784","57392,83459871389","115259,26578858295","71395,52813250171","65565,98994486529","48505,90690851088","46265,44255586143","81474,55479390557","82405,66739201189","63992,62366077294","64517,22694000522","64517,22694000522","151339,00506296483","83481,21400396258","83442,16879464927","83442,16879464927","59282,82668018422","60031,41708183091","152267,31004435875","68777,59890203105","69505,6076795051","69276,08984262204","28969,12925481655","33642,53980898934","29365,51625639062","33544,38145718661","31774,051221483696","73264,84228618602","72233,60484982512","66974,73400442132","67930,88021129329","67668,94015746306","68382,63082648437","73009,07427397188","65256,78360458314","62530,30745315901","70657,94924062182","71299,77916349188","97808,42244862458","98294,8047649468","58193,012537445444","86729,08623269302","83037,37194753891","77666,71130674737","80255,9707357815","77472,35126944477","79530,12536971844","83639,69105474955","82451,94182999621","143041,7233938779","56849,38219186334","57011,240524777786","57446,44652016808","127285,56676854801","135166,24710570663","127285,56676854801","126985,09642811518","126972,06035284144","126176,01475995628","85062,4923785376","93331,41918723873","88331,81062934062","34685,93869772339","35519,12100007764","31698,364897914926","112157,27494194904","111869,26001603327","112591,17058845362","104588,74997126835","95238,16413148487","49016,566099125324","38411,00117877313","62355,15566734599","53521,078014158105","65545,40347158942","61107,69343646951","64219,12689840678","64377,04286415843","55741,67486117592","66561,60348503741","81702,66446827172","80598,01071316292","54903,967520768005","53897,46392036927","82051,0866672965","82051,0866672965","110888,59647214419","78629,40699613126","78798,0012878026","76939,81653902396","97365,43431592053","99204,14295574345","164004,9344469143","164004,9344469143","147551,80138561293","139996,2620167241","56986,70811429044","74917,35378720947","80061,04139324362","80559,42735470233","27158,092322837954","38480,18167049963","46260,90661749562","55567,011014849864","59648,28355240658","59568,89205251226","70650,67233249007","59458,97397577727"
835030,"25109,02561732118","26797,65565459777","57011,240524776695","58266,9288533399","57350,515213160834","50100,83608902402","62999,81775607344","65759,14060169244","33974,09585575675","22192,980930304842","55171,29103639355","48246,5460294319","47814,01396313552","20572,181700281046","48853,7571296845","46876,75003373877","35276,33293351418","216131,9981925576","89814,35094111238","91219,56791941807","65457,08391377615","56470,12665672477","58273,93874019021","57456,06204752295","59925,01613838168","69152,08657270597","134786,89230995823","103781,31425580705","69747,45951296217","68655,86676949024","66524,20828618575","67353,40713374683","69261,86896359382","70413,5573485486","67562,39097027968","26844,989449215802","104331,40682192205","101608,95779386182","108400,24719496407","101608,95779386182","132215,08199896317","57861,83518025823","59963,85673981181","55675,730593607674","54239,065345952426","45154,82468263436","45468,36468966708","35618,563307580735","49896,842847332104","50384,26572535637","52484,38041342663","46222,71375820889","43085,61365928151","54834,90137849108","53678,93873590789","54425,45268590269","48320,04192920941","12308,162301809198","11746,382050041617","132494,27689767745","133587,14170334087","133696,8990936554","133163,21917629955","28615,1865063441","28188,59233333729","62024,847954523466","27149,20963180515","40082,794711693634","40763,15466818097","52152,92210837172","128167,69160382463","129676,24760687136","126668,3449377948","39196,69589743721","37242,10966785784","96516,86582456312","94998,37028243535","96431,33389203677","4197,333317527356","0,0","0,0","172472,16663130955","80092,37013330754","87541,8101081075","84240,37926861165","78395,75982325636","82034,75822431745","93858,22801164362","102907,15872309018","63637,73764487194","107159,59165508304","107136,0254609742","39523,39007358887","32484,662830971305","46296,700344553836","109142,99338697699","85592,03794184989","84709,40993537786","142507,95640816912","62212,50825138119","40065,1624885307","40893,150185194376","76038,79042477264","69315,2414896912","77776,88455454078","68654,14002182506","79756,33317157636","43237,555250593796","52998,65065138014","53152,431405072246","63962,2966937803","65636,39269754571","63891,30570937161","54456,59648213828","51521,360286016075","53555,7697401307","52094,69819671703","52552,13182562559","52650,29202460939","124084,27704339143","122349,42926347449","72549,1486347983","72549,1486347983","33179,612165681174","91020,92313348787","88726,33227798987","87165,62012283126","82479,55619574472","82187,95651903737","20010,939077441988","20447,64575120424","23649,12172886682","20633,872571341024","74528,95278089434","74745,47592970454","74745,47592970454","73226,39336490627","75406,82589957523","75875,59444551128","68390,6592971707","72472,9923011067","70387,9159277142","78647,37722903884","76015,64535244915","78558,22678337326","74048,57574205875","73457,18759048819","74439,73618894117","72159,78422762653","77016,73236766647","79676,05046871296","68918,66139820933","70549,10975562363","76816,81783063944","73636,56618931546","77630,18114734761","73557,24356643326","77269,92512735314","73232,88943130086","79352,48427950125","76532,292098019","72622,91220075179","38414,840630552484","35547,77946178112","33689,0078704965","68673,60739120815","61956,96879761929","67982,75993287262","57967,17976663365","62710,66556149293","20200,58348901949","34161,99142690826","151811,11156017537","80040,9640184809","76326,95433547694","56868,56740146742","231305,94186491173","78377,8312506357","78891,41531351027","68068,84424241644","65903,47703121784","57392,83459871389","115259,26578858295","71395,52813250171","65565,98994486529","48505,90690851088","46265,44255586143","81474,55479390557","82405,66739201189","63992,62366077294","64517,22694000522","64517,22694000522","151339,00506296483","83481,21400396258","83442,16879464927","83442,16879464927","59282,82668018422","60031,41708183091","152267,31004435875","68777,59890203105","69505,6076795051","69276,08984262204","28969,12925481655","33642,53980898934","29365,51625639062","33544,38145718661","31774,051221483696","73264,84228618602","72233,60484982512","66974,73400442132","67930,88021129329","67668,94015746306","68382,63082648437","73009,07427397188","65256,78360458314","62530,30745315901","70657,94924062182","71299,77916349188","97808,42244862458","98294,8047649468","58193,012537445444","86729,08623269302","83037,37194753891","77666,71130674737","80255,9707357815","77472,35126944477","79530,12536971844","83639,69105474955","82451,94182999621","143041,7233938779","56849,38219186334","57011,240524777786","57446,44652016808","127285,56676854801","135166,24710570663","127285,56676854801","126985,09642811518","126972,06035284144","126176,01475995628","85062,4923785376","93331,41918723873","88331,81062934062","34685,93869772339","35519,12100007764","31698,364897914926","112157,27494194904","111869,26001603327","112591,17058845362","104588,74997126835","95238,16413148487","49016,566099125324","38411,00117877313","62355,15566734599","53521,078014158105","65545,40347158942","61107,69343646951","64219,12689840678","64377,04286415843","55741,67486117592","66561,60348503741","81702,66446827172","80598,01071316292","54903,967520768005","53897,46392036927","82051,0866672965","82051,0866672965","110888,59647214419","78629,40699613126","78798,0012878026","76939,81653902396","97365,43431592053","99204,14295574345","164004,9344469143","164004,9344469143","147551,80138561293","139996,2620167241","56986,70811429044","74917,35378720947","80061,04139324362","80559,42735470233","27158,092322837954","38480,18167049963","46260,90661749562","55567,011014849864","59648,28355240658","59568,89205251226","70650,67233249007","59458,97397577727"
936106,"151634,06589314344","150560,29958832852","163677,89603554577","161298,6859772817","161061,3281578363","122391,1916961416","109676,14699015158","106966,46980985602","169813,57704205703","174281,37728037577","123781,49329306772","128128,63405162978","127092,96952255483","154876,75248330578","200501,37385952688","200492,17758975824","141388,6757016958","197196,29091009346","115854,66026807907","114726,89865695797","229397,309757133","218708,18593775845","219157,5425970592","218577,53188450483","221464,98212599047","227613,38571651815","39718,779035704","68691,45287863503","241057,4721135391","240684,89333101278","237657,8893501528","238297,19171452746","240058,35444160397","241422,11919306792","238578,18387184042","145632,11142906113","74569,9953317017","77035,24521865931","79457,75957888206","77035,24521865931","44133,2092723742","227354,8364355373","231533,7474525873","226133,49078817116","225004,41575498818","132252,21394318296","139915,77850050616","141141,8489650088","124179,71139519296","127109,22047781709","125867,40789448514","131334,50331146273","134222,6460220566","133976,88828690498","134674,48104188376","132847,65662417177","132671,15117788312","180990,2955399479","180008,21896031254","59844,19146647068","59147,0362930035","58004,02351770319","60508,41939362045","161091,72216420338","160623,2144801881","113118,9766903445","187045,44825495433","196542,3023045789","197437,07265988743","160444,699457615","44931,4244242841","43252,94207896944","46623,31244856023","211523,3165180016","209632,4490861972","266511,3985731147","265294,990826667","266321,54183235706","169228,0272251732","172472,16663130955","172472,16663130955","0,0","92466,42036381038","259627,32554489787","256712,2447614506","250321,89622929035","254300,392858241","262326,13689523743","267776,60274211864","123643,60154375834","126814,91380517202","126469,82375492874","193956,15733954034","164613,67794147154","156684,54482396922","63752,86382141931","88719,23851982846","88992,83997055162","45157,59165454772","115861,51029548535","205364,54797480188","205000,11155194734","230970,27240699154","121292,8430113294","125922,5082395731","119378,31146729774","123542,27658387735","214353,8597632522","222792,48103498487","222975,1571447613","231936,54875600044","234696,1694164088","233096,1995699433","204533,11604037654","148300,6561795321","146271,7224916731","149488,3998559644","148713,05787484895","146931,65876928397","59489,16492098936","60386,86694420942","102326,6950918188","102326,6950918188","184772,25555556954","263136,24612041685","260173,21528092492","258116,21308410287","253944,02440272112","253391,86838366563","192156,12647370083","192727,893703593","188240,55044814697","192960,5090237355","245597,4484873453","244526,38696134163","244526,38696134163","241167,3933098851","244319,15834596232","246319,78151360422","239031,42273618432","243191,7087223821","238350,5673778756","248441,5381154724","246815,56321718742","248951,9227174079","244890,42186979373","241228,68328466636","244882,17266412947","240673,03098183867","246094,89222557558","249959,07615146562","237071,60516836395","240951,231876078","245016,71612078414","244439,46689112423","247150,281051414","243068,41850754892","248091,8688648779","242516,7745889892","248648,65588510205","245315,10690627783","241199,5939828303","175915,80727236904","164964,9711671853","175814,4233999461","195917,83461327775","191997,81715751122","195725,15966373318","183643,95655012332","189934,97862926903","152385,39866886754","139003,79332549908","20795,230975212937","142479,24586231838","143073,45385038026","174149,57242470345","199006,9294790463","107455,06762360479","107129,03878182618","112185,60464115436","114823,24525685511","119659,52408546132","59370,59714647735","223186,64725022053","201587,0749980381","183692,0412529078","182074,1402142699","104096,60091291687","103917,81398273166","158008,59915284056","158169,86139340248","158169,86139340248","25974,547851762734","243482,22095900102","243980,06715206557","243980,06715206557","147445,6946094845","146496,12786739497","52603,15593202775","232988,58477209872","233633,81725134267","233272,159865961","200969,7179648472","205467,81762856685","201053,54673838345","205323,3438814874","203537,06762726084","239698,42341073108","238926,4369931309","234050,29064144302","237188,8325272226","236766,2920357992","234087,18306102653","239653,79771673566","235043,09201277848","231605,40503263666","234774,63109743418","237553,91679193865","74840,33952055516","74536,19555819946","212380,22309608845","257580,8377108784","253176,87641153502","248658,30615259364","249941,45177195763","248541,08021138737","250134,40421880817","254255,9333824784","253365,42517838697","29453,568358632925","229032,04195368747","229272,48861127658","229821,80048625855","79160,85535196755","74046,7738477441","79160,85535196755","99001,51044488738","98509,83084016546","97486,5688751022","98204,34484364773","86839,01880236153","90473,33087195687","151798,24748937011","184705,3013797727","185352,6875471277","84815,72584621752","84289,77811046889","83889,81227880667","74421,2774636972","81896,4500560749","124263,68948876717","134371,92872234166","234562,44935483974","225979,75824694257","236943,71691875692","233242,07254021036","235962,01092108362","236052,2143515714","227336,70801146995","140739,60349342937","253550,78429151681","252333,6179862666","154729,2741229124","154529,5239480193","248294,40079305627","248294,40079305627","65818,0192132074","187566,31082220952","189072,8432246081","187122,90293888203","94023,73815834719","93085,49614559147","24279,921926284824","24279,921926284824","29894,417812484597","40817,14662419958","221995,98340988148","99298,91179800156","94886,83588502301","94671,22512696889","175024,4538440661","209367,77203890702","172872,64986672235","179888,44406399576","213619,27439606574","203486,0486193055","216197,39278200438","212553,79577846717"
836075,"60743,07239912695","59942,00658906553","80558,03620926097","78779,57163282059","78224,68495435498","29998,669598849694","17225,534365731375","14557,381082950147","82421,8179794377","84207,39551722912","38349,243326978736","39559,06035304076","37433,06831552538","62556,69267780343","110958,45303090797","110556,39269833597","51342,926610443435","186203,57883594753","53472,977522677276","53600,125420788514","139751,94798642883","129291,2626937139","130129,13104582713","129464,92931514452","132321,2501679778","139557,12730152308","54923,848426666795","23866,804539735913","149219,75048571013","148562,2064945147","145873,5356180341","146581,86352964255","148401,21254078593","149695,03126440715","146838,62710390694","53301,235317223436","33921,823832166134","31963,714464831024","45126,829745291645","31963,714464831024","52864,658361108304","135198,1748203442","139105,85492675428","133830,118522718","132657,6189338273","41491,41909412548","51453,90583120337","49507,97315854325","32281,86042873522","36954,39659283075","36412,91511075121","40734,54586069082","43243,07292919257","52318,62223648976","52469,87078326639","50640,82968312895","46474,530632577495","89123,17704585462","88157,38762086807","62363,00867933627","63305,05992642685","62885,190839955336","63473,002124454564","72316,75735443212","71714,98960399476","26244,25621021086","96805,0876490706","107628,76349037324","108528,61308570387","75830,31450165689","48828,7733278658","50184,62001318331","47506,70041281671","119068,37432065894","117188,58376627184","174410,43168355236","173128,4651896904","174242,1006357576","76781,29903260681","80092,37013330754","80092,37013330754","92466,42036381038","0,0","167495,72248472285","164304,1738003828","157871,89761886623","162072,00291257937","170545,0327329955","176918,26472636836","45399,06277202196","76147,06434459588","75871,54384118863","103510,81081870775","76928,83707029508","73319,9967086032","29107,428221379058","16028,660439556832","13650,427198595075","67861,09895276897","32065,193624839085","113609,29568276212","113412,6961806375","141993,86440327668","47145,97346042152","59107,657337644974","44093,421129017974","58183,45842661206","122478,20941540951","131354,83500797438","131530,55107214322","140069,05384241603","142650,9700265076","141016,9929449786","115560,1802069066","66831,90430009877","65635,0840786538","68334,29021208537","67734,09380202732","65905,30413296587","51590,18183161139","49770,32929579207","19153,494498510812","19153,494498510812","94185,08430736468","170992,1455836837","168325,44404176902","166462,0288578008","162077,0785813459","161626,84010390544","99905,85061053841","100439,81549967497","97234,62814085568","100657,30980787247","153862,10640720042","153240,0579423413","153240,0579423413","150463,23484261666","153323,753522764","154812,23711194593","147423,9051473533","151574,2157394396","147611,85203036043","157172,25872709966","155182,49323955682","157473,51818293871","153235,3315880594","150579,7220985153","153369,03285925457","149779,5762170213","155056,5687622279","158524,60655660258","146260,11700212766","149434,21358226857","154263,15136441425","152796,73833349402","155968,4213679909","151864,46286444739","156455,2308501315","151385,00425395466","157552,83958296163","154370,30975487927","150290,03138695157","89285,11020290139","78106,27263269316","88016,76622018476","115412,16971635002","110038,99833932663","115023,8379399737","101871,78250240767","108624,49715116662","60132,93290202226","46567,39781509388","71918,83453533794","71460,05551280342","69932,00762768206","90058,15342805951","196481,98485899618","38025,43824209375","38187,09741655808","28197,032734996414","30239,538531505186","30296,08951433755","37878,05006515441","134721,52680577547","118806,58974273436","96265,572117188","94288,68824221034","31787,091693248596","32700,6124327868","77919,06019708428","78282,58438399417","78282,58438399417","72615,67091471353","153541,8295062022","153914,337508889","153914,337508889","65690,33670329646","65058,5011748258","77923,64355529146","141884,34551898617","142556,80875478918","142218,16273383534","108785,50944797749","113349,05708877985","108955,7694536771","113217,56283151232","111429,22610492952","149458,77419384918","148595,20937099174","143539,32166382653","146027,38274359415","145652,99222357597","143995,27190838673","149346,7723823311","143696,96256597457","140456,60968694405","145179,7999637686","147342,48768554255","17722,777552025418","18307,40319252515","122894,10525605908","165963,28330690946","161808,1299234704","156960,89542097147","158718,2027758533","156814,5088763124","158584,61930809825","162716,69067192916","161711,72470158568","63013,79282132004","136565,6552624459","136807,89149251024","137520,6145190529","62471,08902030617","68136,09059264458","62471,08902030617","73528,64158906211","73225,0179458335","71892,67800450537","33629,90982463127","30313,564190882462","26793,618978235398","61694,522743727095","94506,1028720812","94494,03201106985","49322,86678889703","48595,413615288046","49148,68746697383","30214,113586664313","21744,664565409865","33229,02970680513","42462,7413749675","142352,77400145694","133612,32967359395","145062,22829717252","141064,8172652502","143949,3097564048","144065,65579147037","135358,44481982393","66778,12665658967","161522,7986583061","160352,19350237734","74838,17074644726","74213,09832323357","156922,67189065355","156922,67189065355","36197,69682447188","112600,00404140382","113830,57000337083","111586,82431246481","39574,38867723402","40900,38359294924","86125,44783710243","86125,44783710243","69095,45985948772","63295,299328281275","130567,07370831221","11256,564051900175","11957,208914225082","12744,20002096856","84104,65311236317","116966,38481599408","88747,30299606147","97903,90228755241","126312,85995276162","118432,65112118237","131576,4455845615","125442,47987567453"
734063,"108408,99119843205","109646,07626059804","123019,96285011528","125496,08474239937","124937,38347649701","137508,69703145197","150493,42822734878","153260,69227815408","95834,52364514911","87411,10712421256","138107,22015572735","132498,94075461943","133026,50405984608","106807,28922855863","82749,89173395277","80701,2170657606","118954,54552529425","277641,65215980564","170717,80093033268","172237,68433400022","42724,36369818637","51063,903635466915","52571,081923497186","52570,41258608267","50485,72882984594","52652,29517858833","222299,60739311937","191018,55853142284","19467,065762409766","18943,0557998008","22952,367090842392","22727,590570565408","21492,1453088185","19806,4652444269","22330,246567828814","114205,10653760777","189101,0033418272","186372,90586462262","190823,38783979564","186372,90586462262","219756,37768400947","45382,997363585055","35825,84453255566","43406,24005270481","43263,24105749244","131421,20258199738","128352,94388035472","121797,10549510458","137281,44896735423","136793,70499783818","138678,5277696908","132471,26746659924","129315,88408692469","132083,78393415117","131062,5970957269","132528,40022362446","129678,39813546733","78676,18427988232","79663,5027398146","215599,73924447756","216699,28897281224","217012,61004861916","216062,72168776204","101484,8808659927","101747,4113694665","147320,50492393257","75170,6173074601","70104,39775373232","69385,57166405329","121445,86593016275","214995,58851169448","216571,40402888382","213424,26660647173","49893,095437164644","51435,344451988334","37494,804456626574","35434,43436287649","37983,49922852325","91116,25157911587","87541,8101081075","87541,8101081075","259627,32554489787","167495,72248472285","0,0","10707,636626213007","23179,149855742027","6037,88067447654","43470,00968158684","58389,60455804351","142672,27765911535","182783,2148115","182868,92616560945","82161,48672215184","99841,34781133507","112599,5785928723","196591,6470245974","171633,99334523224","171038,5913958267","227081,0765364075","145913,07219103997","65684,3153922827","67319,22266263569","74742,73995939096","147278,4740883287","150721,21434575634","147798,6304833077","153248,30526160973","45451,535208457775","38463,29118604382","38264,96601748999","47356,79663341103","43132,60658203097","43351,32135007944","83605,69056331368","121340,88135428035","123816,99996215192","120865,42037089204","121643,2532434556","122875,97686983668","208445,53256920344","206813,43171828243","158153,5748730308","158153,5748730308","88004,21842965414","3519,4928283764425","6432,325958759162","9959,8097098286","8119,839216586188","9898,130926751062","67605,24746575025","67105,8296032351","72568,78317070285","66909,37243784907","16080,854921601576","21010,080128638125","21010,080128638125","28267,543084038673","23872,998839693268","17628,780674447582","22730,332263032127","19077,195390498993","29730,06487049937","18799,207004439653","16025,536456870785","16177,757583964623","17356,642042702315","28691,85053209184","18634,29119874028","26996,87606654025","22467,112725846313","16096,253330248805","30039,44400519335","21727,9306635719","25755,17151774479","17833,58876262028","20436,573555642408","22749,22757263796","15029,896363559381","23760,239168933345","20582,010854716056","23796,36887850695","26527,17833044538","92217,15819187558","100796,92400880059","90025,28628039856","95063,38804007389","92817,43449117879","94590,69839667241","97692,25418023532","95558,63027544337","107363,04864958345","121651,08503932637","238883,96913856192","152919,5605166487","149547,8964745066","115633,76826746365","295086,3887615208","159350,9852306513","159824,71231645593","154260,08321149307","151885,76132613717","144129,40549434355","201509,69579317424","79731,6628725742","85873,64045381607","100802,64818348008","100482,72001434189","166935,9269587681","167739,65451853786","131965,01915295946","132293,58257878863","132293,58257878863","237671,67097416995","65571,85901049856","64401,61971460206","64401,61971460206","134068,48341969503","135103,27997031738","238854,50913878612","56310,7737803868","56386,42732710252","56748,10597569239","58710,222373365825","54167,238697690715","58576,88549276559","54307,796993232674","56095,11345998965","32811,04472842001","32519,129549624577","34235,02587816901","27387,786466268906","28060,06779632522","37046,87205182193","32310,678504077343","27877,954520296662","31987,64065728267","39990,809045646085","34183,81575867119","185217,3363872603","185755,182143671","77171,74369108822","10632,299547931252","15439,305161104974","13970,714561688686","18563,54641238436","13757,99628086804","14628,825783540866","12714,06584768827","11477,930916215479","230266,95784394591","34760,35338016114","34076,53271281072","30290,290332619268","212063,56856003436","220215,97223407743","212063,56856003436","208393,8750754748","208479,09750086913","207925,38745719762","167511,17858941335","177305,50940988003","172614,0218639197","115664,44731285473","89727,44991601545","86339,89818148495","197239,19514043344","197063,41129735968","197781,01467949737","191830,82135570637","182563,16357035647","135419,81035796183","125261,8541870754","25193,329706905504","34570,26494537871","23199,57844804942","26439,036283264388","23769,964439829804","23737,97018252461","32399,143913026288","135248,75143147598","6533,8883186831745","8046,488264730656","118933,99741072457","118461,86645855644","49611,85914139777","49611,85914139777","196466,9220034755","112421,09747508398","111303,10427614683","111179,25842335197","182483,9734737045","184263,21579744082","249754,32374019566","249754,32374019566","233777,90442987997","225509,4201562509","57809,91860625643","162413,1107606435","167505,93122965723","167975,77185411635","94198,52698918247","55048,79258478274","99435,92781991731","99349,9504920934","63581,21951095328","77580,29100218459","73235,11586952889","64991,59203145604"
734061,"106493,02538488392","107844,40042751437","115535,26078081796","118073,21570714159","117564,76263209492","134329,7799919178","147158,37142232395","149902,80182301538","96318,68136260596","86806,19162512738","136691,24862537376","130692,98927155297","130942,84242261009","102635,63558972375","74291,29751801564","72392,7962866456","117140,8981044103","268437,4687540134","164456,10207829066","165985,72208716514","48174,05285150472","55035,093763192985","56941,672025685926","56789,854512700265","55101,068076480435","58864,61048827777","218837,50900323995","188021,01332725905","22196,00493929862","18769,075864747203","25181,28850421005","25521,773819277067","25070,927034327844","23382,45079064707","25053,575953242438","111083,27087873447","187413,84415741096","184679,97935679212","189873,32931710416","184679,97935679212","216065,71418821142","36746,58086543292","28058,432274361927","35406,47431043493","35612,25245075934","126915,6278874928","122985,14666318033","117368,91921890188","133392,42201623885","132296,12914521407","134075,6528475675","127948,1905063585","124818,30690378128","131729,2186295805","130667,33485332198","132031,30666969417","128517,52770212888","76526,80745648486","77520,6843906423","214537,6756155424","215638,25967574172","215889,4761629302","215064,21437754174","100911,97962017583","101096,0035212929","145291,86596213523","75150,36426706068","71890,27818698116","71260,40309482651","114341,57968975784","212351,80869076657","213878,43958508183","210830,4504802449","45354,14742708406","47160,741407602975","28000,070709368774","25848,9730380914","28435,162570216886","87536,54016711046","84240,37926861165","84240,37926861165","256712,2447614506","164304,1738003828","10707,636626213007","0,0","12719,301250105493","7755,423341140087","33289,3181570563","48363,24640125254","142144,7431015399","175554,27060333916","175654,82198086733","74546,59995151064","99888,89908552272","113346,66231639213","193306,81675318524","169387,65136318342","168651,79704099175","225552,63782457943","144365,08487527602","58325,453059680985","59779,20199683638","64378,11133004997","147011,36035925703","151371,1268976554","147309,33616857044","153842,0603771841","44414,57882251703","39659,54362848557","39463,50641322856","37752,23109702773","33478,60964892716","33918,210096046714","74703,12367882858","121890,90099444232","124370,09769015123","121547,41289964262","122302,69693661918","123409,88862969245","206954,45012775247","205282,02548747126","156055,33371425673","156055,33371425673","81063,88371467507","11971,203387544996","17040,1782914958","20107,519244870415","16193,022210573308","18126,61277969404","64722,15791425566","64088,25823366872","71839,39991034371","63833,14341271364","21012,740207734332","27378,825818773672","27378,825818773672","34861,51730753998","30803,340037691618","23905,01597443679","26281,306834582312","23810,19673613637","35606,71380666212","26423,25914720473","21970,005324056092","23489,813843889548","22480,182547368593","35377,90629579358","24391,953699672733","33161,56717913903","29809,604120137337","23875,40687786153","35491,38420661655","26226,936108928523","33213,797361070785","22861,55282442771","27832,871365732197","28896,43744529088","21456,451057705613","29923,561019254277","28547,539689686022","31074,068970517837","32794,95002210375","93424,00301167539","101159,00812065015","90750,68240262724","99672,30156199013","96787,2397859887","99148,94682567609","100928,21521421286","99463,78236715742","104365,06492613521","117990,52262520786","236048,02367414284","145636,31967851595","142352,76877196305","107680,59654391969","286024,4451363508","158581,5124914367","159068,03600247615","149535,44710245656","147092,80992773344","139730,20861035766","199209,0742135842","69654,05769129639","90610,16875968715","92844,52583035914","92705,37068276145","161847,2060738936","162601,47185936235","124475,18192391313","124776,63532635279","124776,63532635279","235359,05209427798","54902,962600394785","53727,51597629608","53727,51597629608","127322,70222616578","128375,41431909111","234006,03769750948","46172,423276418594","46199,96428140038","46576,82933746494","56131,21190387063","51905,22205217037","56299,02872710282","52090,81481328575","53832,81501003961","39637,060561966624","39085,590823298706","39535,4957605578","32079,99939226781","32777,33357713042","42899,66104752826","39057,74777498642","31504,191822577704","35475,60331004494","46434,82207812153","40596,40267250083","182007,29929424432","182455,23130891594","67894,1721088808","20651,375913564632","24373,85551178198","20345,54975418197","26720,393601025073","19931,241509758667","22174,34732546722","21788,926471147926","20021,37741128238","227279,0725222762","28486,86470497802","28029,14253094614","27236,381986151784","206518,18114044334","214733,48599076676","206518,18114044334","201989,77583064433","202095,5334760626","201597,11334375638","166438,37985025562","175846,17630502832","171037,79817216066","110214,61538818164","82590,79344350731","79526,10749418891","191857,67482260402","191721,76909173428","192434,71980475078","187587,206111473","178434,91516150103","132904,96581686786","122494,68475890408","23311,45117570547","30780,78089442336","24622,869450251997","24825,281373220223","23988,95174755947","24190,67767864924","31837,148267222765","136285,88336600125","12960,820208351954","14226,218093990561","120189,36523738009","119633,07986766999","38909,97977784071","38909,97977784071","194478,59367442224","116994,10636940878","115974,5284930266","115657,30827807507","177186,61932376516","178936,4593653423","247759,64049410183","247759,64049410183","231522,55889971624","223596,84341647653","48691,52863927702","158608,7475411659","163585,98499417398","164009,2504790193","88012,11877378692","49119,45850066275","101190,18123050172","102207,7176127792","68256,72062734586","81933,63012135836","79114,47933986328","69624,5329881019"
735220,"101935,28283353671","103403,31142579005","104809,697840819","107397,66333844619","106939,97679020699","128075,1878833322","140651,44663219777","143355,79574474064","94726,00322452786","84092,04964181672","132426,34183396262","126025,27066379308","125954,65408331346","95532,73693907744","62836,03600309694","61098,51459846259","112584,91604478705","256146,87881529078","154773,62189300603","156308,8912212485","53774,59894274163","58661,13144816344","60946,06332445491","60627,08043874979","59458,724907311975","64915,27950142533","211932,9873857404","181710,81457583024","27776,359970162124","22461,75022750891","29667,247112087218","30504,063297675744","30883,727838972074","29497,541607821575","30051,483354518743","105085,18452828309","182569,63226550265","179839,80106121936","185859,40498204212","179839,80106121936","208921,6617850496","25676,52391935772","18872,59882376729","25267,66459986246","25954,64359681977","119238,2382490439","114397,20060007596","109844,58040450458","126352,47810936421","124594,01863948433","126248,49677758184","120244,99006051724","117163,56932196888","128736,22736272193","127635,68557627297","128869,22787916794","124612,51865974962","72203,04871242565","73181,36710685214","210311,81287445736","211410,29806359563","211590,03137999104","210909,26630321826","97999,90709579558","98088,86849012254","140266,15238685522","73395,43565056309","72369,2105876003","71862,74572634262","103995,08698479195","206357,30809304243","207825,56617022972","204895,3286763995","39285,16428313118","41323,4915327358","21869,89035450448","19766,20963762829","22092,262212332807","81311,21894916726","78395,75982325636","78395,75982325636","250321,89622929035","157871,89761886623","23179,149855742027","12719,301250105493","0,0","18650,642640676466","24449,02016825974","39373,72931600477","138869,57692857922","164914,1309322521","165028,29904737003","63947,12450272262","97723,9963519352","111833,28810571828","186664,26697306865","163987,14346063696","163096,7640363759","220767,0389558369","139894,8148401354","48240,44602515815","49458,50256056723","51661,47378366818","144006,24495961843","149413,925687151","144043,2596986546","151802,91759350346","42818,661690539884","41104,67896548693","40929,277975046476","25511,182356729863","21247,75030384798","21928,10826632258","62833,23857870434","120052,19890691097","122510,7813310971","119868,34934212861","120589,38436869944","121537,16156593696","202264,55093397843","200551,79391646574","150887,8338523198","150887,8338523198","71119,58555241817","24690,501099929243","29246,78738522722","31791,92771807107","26928,492371593376","28676,811063904333","59847,58325069252","59071,69704828936","69331,16989535133","58753,948988760174","28745,82138582152","35402,667334518235","35402,667334518235","42443,14910623607","39016,76950249246","32265,021072568245","31867,53988010008","30879,139396582552","42418,96117676245","35630,48679144966","30342,95082661853","32736,276500865875","30104,294499261603","43014,84463585649","32252,388156548586","40452,21586492675","38483,292316741085","33451,00146315093","41884,90262310955","32711,412965426793","41751,71789831185","30341,0991473192","36718,7482836879","36561,60953290198","30283,219206859958","37501,473516465536","37880,10851746042","39590,31516089966","40215,752276928775","92737,8185981103","99347,65939736432","89539,45336700535","102978,59677260395","99357,61975935544","102400,49109991315","102552,64595460551","101917,43272706076","98581,7813584579","111318,11040369775","229784,7911907486","135008,32320027653","131817,41785332953","96538,90229454232","273821,01187666104","154921,5273782785","155420,11992219172","141499,11250023532","138994,29244354187","132093,23992103466","193634,2567164923","56981,58595323805","94203,8050667613","81763,72103301057","81801,99180278466","153375,7120845741","154075,4263969978","113712,39311248175","113987,01868396452","113987,01868396452","229673,07924012316","42509,83638816352","41357,5232235981","41357,5232235981","117278,71302618424","118345,14081746506","225607,19358604043","33497,04680168648","33507,18437708417","33888,76652252916","51955,36863167637","48326,491273453015","52484,38840252124","48557,583306583656","50154,153336828334","47154,445580628715","46365,999660758505","45471,469901802906","38027,10890625308","38678,145698532346","49211,067070016936","46526,13114661758","36445,53392078596","39844,999776894365","53206,496315733704","47629,39871475667","175484,36881991135","175832,09343152842","55733,442496873206","32205,774392180465","34834,87370265624","29308,629014257727","36357,88394502847","28816,455178410688","31752,82124081888","32547,354174255663","30557,13637663832","220869,49676945896","21616,10547635997","21578,160411072175","25212,52422828531","197458,61297026352","205722,00570007914","197458,61297026352","192087,9323969124","192213,42328403756","191769,57646788342","162386,8654359746","171308,04654416273","166388,23126073243","101624,3949832947","72420,53411177514","69736,26085027534","182996,02269580157","182901,27777857115","183607,78141798681","179926,92069434238","170926,8573077621","127410,28142765135","116795,07163846196","23688,348614305763","27147,992671910524","28401,379889762244","25155,186617009018","26628,05640270979","27037,682362610933","32139,851425047862","134895,67361227947","23557,52265107053","24345,606085218395","119205,03691996168","118554,35704485221","26795,695315727226","26795,695315727226","189269,11613157165","120057,91213740503","119169,82036289481","118617,44375058239","168449,23369659373","170163,84410693622","242399,4012613927","242399,4012613927","225908,96108685693","218384,84294257723","36808,403701094816","151528,04168240537","156358,01566775027","156728,95663366688","78816,7201120616","41063,16351498991","101033,69023234563","103358,85068511569","72243,8761174448","85219,77483960912","84289,78989161819","73524,82822693574"
734062,"103314,9518529787","104589,33729208526","116984,11898989559","119459,10891978667","118899,86829361286","132074,87170007566","145025,88613266157","147788,56671676235","91595,28515404924","82733,78800864684","133200,08324826517","127460,16625262641","127901,01609690006","101121,30947173212","76807,16878361366","74737,46320647372","113902,7662344636","271817,70739466586","164732,7227531219","166253,6723496744","40980,81693900343","48424,95198575371","50175,77878091049","50084,232060245675","48232,38836725728","51479,02649958625","216821,26281316983","185654,21777763352","15747,071930413702","13858,665821919489","19062,573936319146","19133,993914562212","18322,6007493541","16592,158879917162","18688,08505996253","108770,77331751803","184128,51849852523","181397,5757796663","186103,51203601857","181397,5757796663","214221,20827096488","39530,48964009256","29859,65170205138","37446,69814450737","37265,16191235031","125682,12221932833","122465,88958435752","116068,51507484993","131674,8035480393","131058,47170635908","132923,76290363524","126729,25520979287","123577,40921114334","127551,87788266383","126514,4985281528","127943,21133513004","124852,2224868004","73469,00070434215","74460,14309470936","210848,0043807761","211948,22564044278","212239,79789926892","211333,61768028923","96840,57849379815","97074,62364501142","142220,7727681884","70689,2873244497","66386,12018353799","65707,27099086336","115409,43287014688","209736,52574354052","211298,61735861507","208179,24782468565","44056,353120090535","45648,22262841488","35753,786098249024","33599,794113134885","36186,285937576715","85546,68200466041","82034,75822431745","82034,75822431745","254300,392858241","162072,00291257937","6037,88067447654","7755,423341140087","18650,642640676466","0,0","40886,19647051218","55997,42853444582","138082,94512576802","176746,27247594413","176832,1948027144","76134,48905801357","95431,65743945791","108491,82589014326","191152,68348531722","166478,85404071794","165841,08182302644","222172,12411803196","140966,8079495336","59651,34033570456","61292,93791715789","69685,05650328237","142790,48125440342","146603,5990088162","143226,83976309383","149108,68021925716","40481,68176182344","34314,366489979504","34115,21274063174","41823,53845009694","37645,61578907324","37759,65235774402","77750,98181386197","117159,26351567107","119638,94345713477","116738,58223849871","117507,66107087802","118689,09194004706","203544,12625702572","201898,05720078544","153037,84797362649","153037,84797362649","81968,84647567601","9208,152065094826","10904,726827353506","13142,676363302015","8557,867363742991","10455,140247547204","62169,353098560365","61634,1449783636","67815,05318119268","61422,41127446446","13669,964829349228","19795,526068195883","19795,526068195883","27291,272844871648","23147,771601082593","16298,294008169365","19571,897302185014","16600,647427472555","28212,76267160362","18675,361245953685","14397,010457412474","15748,622323965692","15119,88069596157","27792,06607628782","16902,996785141662","25675,210957969248","22095,072650849226","16119,989944020155","28218,71572712683","19147,850787259224","25499,75785794039","15538,070265042506","20104,88832290865","21375,76481583523","13790,158697404207","22409,434565054635","20792,599378252227","23372,18318631797","25281,5770518454","88281,52885618705","96514,70709246726","85877,50800462572","92902,77577418026","90278,44245388928","92398,95453246072","94754,59257049776","92986,46374887082","101955,34619228347","116088,58465941338","233575,47234715594","146881,80413467516","143510,8820348558","109620,78503907849","289222,8811281035","154682,45643766932","155161,08114593755","148487,81373919616","146100,26423551532","138416,57732610242","196348,24416930287","74396,45822463413","83778,92075681068","94793,02719365727","94460,59417295767","161103,0438372804","161898,80772359116","125928,93136927561","126258,03872794083","126258,03872794083","232515,39256135598","61131,05943118502","59986,92643920703","59986,92643920703","128044,92558636353","129080,73044955288","233075,66313367453","51078,42776752125","51195,151425056465","51542,23705813871","53330,691023731466","48859,53945083261","53280,88868267436","49013,530337951466","50794,74629610524","32044,00296843435","31543,739644847894","32341,626257310778","25022,47096930341","25719,253199919214","35557,94108615353","31477,855418961386","24854,44475940911","28935,976161374383","38952,01151411092","33096,76303332832","179794,64926271973","180309,31228553713","71432,60820579529","13559,245848639577","16726,083372173605","12669,896500413055","18968,04730980569","12278,42888492756","14419,793442593107","14216,993248036018","12362,91022827152","224914,7308154658","28724,385979283725","28045,65505088443","24623,505859703793","206167,62425901165","214330,0420997733","206167,62425901165","202399,54366145324","202486,5183966316","201937,6248224228","162738,32276417056","172404,1072692098","167671,72127630285","109761,13866288065","83689,66243848293","80307,6608145514","191365,36703793422","191195,6358604336","191912,63096712722","186164,18361421168","176919,1670900624","130167,15985859535","119931,04094283131","19738,830966793732","28794,11491040768","18919,994004065156","21083,301563408062","18985,571501001024","19046,79762943151","27476,18636824654","131286,29893647748","5239,632576114721","6471,443056142377","115053,59735767826","114543,70405087134","45432,88390318989","45432,88390318989","191400,2417849246","110256,31865070954","109196,69060020728","108956,65630452472","176620,68446705764","178395,69447162648","244698,73619562841","244698,73619562841","228638,1912126275","220474,66781560302","52051,554656079155","156836,1035809264","161904,0375022326","162363,48973853793","88204,83137598724","49051,914293990856","95760,18886008463","96215,96765630989","61406,772888497246","75240,79320109433","71865,40496072413","62794,448254571136"
735173,"118623,94595323062","120224,74573713867","107724,70576014643","110410,47034270933","110149,25281436127","141518,4944042827","153424,14018321084","156012,364096376","115092,37421843804","103512,1583835134","148995,2562065284","142099,6935297652","141543,59954543482","108182,05243243299","65032,76683352294","64170,90919526371","129056,33682102924","249338,12917151942","159950,92263504115","161479,2469167921","78216,16308925553","82764,7494539593","85131,5199045945","84772,51347052152","83731,21093296661","89363,2445140574","223168,89767871963","194351,96850257556","52185,5297518985","46909,750946622575","54112,35280207784","54952,50213239131","55295,819743746746","53868,66211652176","54499,23148692658","119459,7107938772","197723,91538030602","195023,46379101276","202250,1226931822","195023,46379101276","219692,2434952595","36001,410351037644","36005,104317418845","38379,094486222435","39983,914944116244","130083,36299361836","123297,49929214922","121239,10954380991","138352,32920769005","135269,36405523814","136618,97924988915","131012,36994308986","128104,60337642132","147052,37698003766","145917,76653779353","146972,12822292928","141797,6426582424","90077,68001083923","90999,16069520947","226225,65952350327","227314,39867135108","227384,93150068785","226925,94611218915","116893,88118503697","116869,83787426141","155583,09014949529","94052,61649540054","94821,58313820824","94404,75242774787","108257,59442137796","219372,5179854861","220723,81905844636","218028,62989848768","57015,7624076778","59146,65664069597","8095,15564563232","9213,232134415663","7526,116687336911","96039,72182488139","93858,22801164362","93858,22801164362","262326,13689523743","170545,0327329955","43470,00968158684","33289,3181570563","24449,02016825974","40886,19647051218","0,0","15135,973374410441","156707,3055200489","166851,96694658478","167013,20469370377","69447,53087709894","117454,19353799432","132026,69304022435","198627,66151147292","178411,02855728424","177270,27094784414","235749,1851453584","156064,45879934155","56978,45579929647","57334,6829870308","42463,76207618623","162133,69889138057","168742,96708830615","161835,8004275761","171019,09754386445","64722,38046636805","64743,8216768923","64581,08084326414","30484,10174248435","28250,384668137194","29980,53833894275","62906,70552343846","139805,57069525748","142213,0795288447","139792,8270030801","140469,45767599196","141236,4183231566","217515,03331267426","215750,3453704844","165842,63373362532","165842,63373362532","78190,64409221087","43412,85126815068","49894,95760286278","53279,76760490059","49430,980732126365","51340,759067883264","77568,47374939994","76648,37563332824","89375,8054948929","76265,23614285242","52785,37783569838","59447,76935009389","59447,76935009389","66667,85426770254","63036,5499991756","56159,765936026735","56300,113013076516","55112,92282814016","66786,22640951537","59208,45057301856","54204,32677579554","56261,61171495056","54196,09025479187","67229,93796918959","56308,66792328236","64727,606780203016","62329,2640201112","56810,57302669855","66297,43668285038","57064,051428481005","65678,44213962612","54473,97388025022","60458,1587780388","60719,956676980604","53966,11012994201","61690,29211953298","61415,493292247804","63507,75703914409","64462,1694705849","113971,80152271003","119418,49045329887","110357,08284767593","126699,41259722224","122753,34087473499","126100,34205747388","125392,69275901398","125237,17392190902","113482,23163602051","124344,85256090917","242146,71204798072","137490,93096746958","134693,45290430274","98136,11184955742","267549,84236151405","172076,31914968186","172586,5760317295","151118,66274119832","148516,0292144651","142758,7907730781","207489,218457949","50084,80617765049","118080,22561544871","84283,0970883749","85017,1879435593","161788,35279743143","162345,34898826192","116217,56138514903","116384,94923100276","116384,94923100276","243087,67856026764","28954,16047600426","27768,63766479298","27768,63766479298","122120,73707572444","123201,99787775303","233445,58382843575","30630,474306180025","30124,75856512342","30546,7406802144","70977,49978979952","68210,19511686204","71876,51148097795","68473,45718990275","69825,40730741512","71419,94678306878","70675,81813007974","69917,66034178929","62460,22166043661","63115,383381953536","73646,70537666642","70799,14219854379","60888,56804304727","64233,33699211097","77613,08588239465","71986,32536216157","187786,89763680624","187939,2561134842","54663,21697753036","53866,72850406564","57610,08995861236","52916,21169735673","59710,40608394238","52449,36940096416","55090,83012197774","55062,16951883524","53247,33447082442","233011,35105291562","41159,536067330315","41587,7624540806","48067,15560723617","203854,19657077716","212169,41002917296","203854,19657077716","196139,07711327748","196323,55025003527","196049,7669721953","178919,26617408817","187036,38551695395","181991,66950875803","110887,89155976246","78717,8650937478","77349,95689010853","190056,53964302412","190068,42159299203","190750,73946263676","189865,14640364246","181293,86555336777","142168,395204803","131409,99372806735","47623,219105358","48773,99989684496","52818,166331608925","48999,07615884788","50945,208594858246","51375,95961478972","55632,77356298843","154965,36368150703","46123,06904318287","47244,282264007394","139833,96537813434","139099,17398291075","15318,786628531208","15318,786628531208","203776,48967068826","143596,65105252885","142774,4482515544","142111,26085113754","175997,7288303513","177601,70428125272","256310,69669250143","256310,69669250143","239473,1857532959","232682,68812304255","40528,88315085979","163029,0014684951","167493,41455574564","167751,66122897432","87510,2213386068","55445,479193316205","122603,78062613201","125885,19364505653","96358,9602314712","109024,05904767911","108632,47820470776","97607,96269091994"
735072,"127976,42339890999","129636,77024929889","109089,49144757271","111767,91537167986","111633,1338757489","148643,36045272226","160013,26501158765","162504,70505626756","126706,47828083445","114669,82575701989","157966,03604008188","150825,5607496525","149976,95611187178","115327,67318991503","67754,12822512092","67469,59305197753","138156,40315045574","243162,73240325638","161806,15103656257","163312,841271684","93008,25485601944","97103,44102397314","99542,44377749374","99144,82537155424","98238,62920055774","104184,9818393101","228299,47528688025","200533,79218290938","67150,018387726","61771,70931114091","68946,99663737063","69833,25948826484","70256,94769071597","68865,24974885679","69386,38055910682","127427,16976185072","205478,32292558416","202811,2291569342","210777,19283098506","202811,2291569342","224547,31638042672","45915,805376791744","48416,14153833643","49094,436355810896","50882,78363504619","135787,1442991354","127943,77781760674","127410,57981253667","144639,3020153831","140796,33824778456","141943,01311370195","136655,65927575482","133895,77245861976","157132,1807888073","155984,2385797409","156917,99339709917","151211,40394996107","100550,25606986073","101423,06474755313","234340,3272921984","235418,47618210653","235417,49477787854","235105,04090978001","127589,05848992354","127496,84413400585","163721,5280592309","106050,52334407241","107908,85369157098","107552,9085522874","110429,16369307577","225651,0969134089","226921,2859033443","224389,05842530428","68336,83879701253","70424,37552065475","21267,625016173315","23140,546544701698","20719,4571315889","104628,3674645261","102907,15872309018","102907,15872309018","267776,60274211864","176918,26472636836","58389,60455804351","48363,24640125254","39373,72931600477","55997,42853444582","15135,973374410441","0,0","166417,5040305671","166629,88593277583","166818,51042700617","73820,64229727795","128654,41577561045","143403,82748240363","204356,32863119707","185819,03357462952","184528,8953265538","243220,51045926573","164729,7564589982","63939,84334851006","63816,887378543266","40012,45034014065","171994,24427033964","179347,85203067504","171484,01506876852","181538,6336175692","77823,81675160422","78820,7902508771","78667,47281162343","39127,9383287433","38299,943293736425","40055,375619384584","64494,49693434761","150849,13426430846","153208,36158209745","150946,45603353973","151590,20264703667","152235,99004468485","225235,2197177107","223444,86418491558","173673,82474116125","173673,82474116125","83023,64428550072","58117,89538883364","64791,84146849371","68263,74145952503","64532,20221781304","66448,64151622422","88224,52348194616","87251,42714182178","101079,17817561429","86843,76976759118","67885,54441371535","74551,84623408347","74551,84623408347","81736,22336210693","78146,294538602","71279,72292858358","71231,97746074325","70172,41767367454","81787,99519346602","74344,16582482337","69325,9303336103","71397,48279514423","69288,72681574916","82301,47458711968","71408,94400959926","79777,40942804489","77456,13823086035","71945,20549912279","81257,04920369202","72073,46866654577","80800,1036401581","69558,8119389455","75590,16951542109","75803,30093278312","69098,05710977953","76766,6109143307","76551,45935927438","78629,39311085592","79522,51475052252","126140,20332877575","130812,56905372985","122291,55933794547","140583,14161194628","136377,7847027079","139967,21153893892","138586,6279178013","138794,3350007498","121850,28699976581","131439,5344072307","247904,9431307947","137989,8410510308","135480,0329665031","98963,8704027148","261627,56257349273","181254,46770798336","181769,15211057974","155802,45626151335","153170,87604613666","148181,09885942945","214363,0496911393","48300,24982695053","132120,89617627283","86171,88177213164","87295,95759124338","165613,926818737","166077,2920099966","117128,95222805758","117226,74757677829","117226,74757677829","249517,19193406467","25775,372980006327","24934,51526233882","24934,51526233882","124337,59598972269","125406,89376123274","236384,4255393366","35066,71110004617","34382,530821831635","34711,61254906891","82473,24112442676","80210,85916407552","83541,05500069603","80484,32227688438","81680,52814974828","86475,93228573012","85712,40483553719","84804,14805458022","77388,98568308153","78035,00725612784","88566,62237285038","85851,9966100403","75705,10034123118","78930,19777154257","92579,07948596087","86996,0953238383","193799,62470063454","193828,61907121306","56246,91417600837","68869,06758290862","72714,55867026054","68050,15744700433","74844,02632688114","67582,43003103574","70225,53147524397","70150,41730912316","68353,25539214266","238669,08561404096","54002,93238515307","54573,402334368206","61938,021568185155","206070,58787554072","214362,36935913117","206070,58787554072","196957,13594873808","197176,74053667975","197010,4843484724","187659,32170229484","195216,33786831785","190121,82379078414","115991,13345015596","83082,81811926518","82529,28340628922","192788,40727214798","192866,35037433237","193528,29222261516","194386,8348750921","186147,94639342703","150087,3612010406","139362,072380594","62032,049574196244","62097,80315481389","67586,36200006498","63342,00352218614","65599,72935153749","66049,48129482454","69706,73575730243","166127,33738569566","61236,41705638113","62371,3159751852","151445,35749821248","150659,5992461115","20886,48475991349","20886,48475991349","211085,70763850477","157288,0887056698","156524,1570171234","155767,68450996565","179151,2003517252","180672,2646201596","263011,9870476715","263011,9870476715","246013,4300081968","239723,26652248693","46645,4970360682","168742,8627292276","172940,5791159597","173126,87293582645","92911,24013571482","65297,026076605674","134933,92737750098","138851,32184937233","110672,68986595723","123022,79506705317","123193,75982059471","111887,6119110689"
835185,"38535,22873624751","36840,08745896215","95242,37704449399","94639,8467224631","93781,72602657691","35583,16692910726","39346,24598852018","40555,71984219759","47678,97362648138","55369,55702885921","12686,767467973932","19683,55976957217","22623,169232329317","56923,0185797251","109001,81082069558","107579,15738210265","28981,282114859063","227701,512117386","91201,90981664977","91856,11438388428","107594,93124912931","96870,03756414552","96942,13873585682","96447,40549377324","99310,77949815124","104618,87433054831","92520,49185333952","60814,57244862268","123285,64480850776","124238,68547823708","119790,40609424119","120166,5098480179","121683,48156667326","123239,94636077464","120522,5883317517","43100,542145201296","49215,711885915196","46663,92916753635","48405,16111272217","46663,92916753635","92333,67239620736","120918,62037448402","121538,1547268266","118328,71886853805","116734,31531663967","53559,45680992788","65238,24291408566","53984,185843098516","45123,32525131034","53434,614699172205","55027,87015032182","53749,030617680946","53607,594060352385","10741,067741016783","11675,078074451276","10143,878478224453","15561,682062395086","66844,67041057361","65890,09060266518","73219,99489099631","74313,24194263313","74721,52465193534","73595,61851821949","41254,16091804278","41051,03345720094","20751,700462743087","67516,42025238487","74749,18306604751","75611,68744718516","89375,55693457137","79365,29679401088","81177,78966810169","77554,82960832852","100145,23303012713","98024,5132748695","158606,62710020258","156914,57614743296","158586,09888180022","62430,40099724215","63637,73764487194","63637,73764487194","123643,60154375834","45399,06277202196","142672,27765911535","142144,7431015399","138869,57692857922","138082,94512576802","156707,3055200489","166417,5040305671","0,0","114384,13047069109","114173,7216933063","99862,2751269493","43065,46670489133","33105,59429047101","68304,0332865859","37776,5923415013","38687,895312605375","85621,50024173112","14034,653721097511","103571,26521206685","104242,67811159311","138540,55664996317","5905,613265885411","18298,01784266514","5174,995975100394","19078,11047240279","97768,07568691962","104307,11323522792","104503,18429569193","127342,43692361476","128704,40226579181","126939,57480836503","114502,0532130103","24666,63991877114","22715,058444140242","25894,59957948054","25134,799837575516","23325,86614866391","67147,08858758729","65682,47043959943","26552,688301362366","26552,688301362366","91376,55825238279","146162,44529176483","141942,15538805266","139284,3835300943","135932,03442699683","135025,2506071795","79361,920136894","80230,82882947165","70328,23331314926","80593,28323401108","127327,65196896385","125014,03142286347","125014,03142286347","120564,15840759869","124182,1873807738","127332,43538961682","120529,51543444047","124605,63827353723","117865,57694969201","128801,05495862308","128183,08772310035","129822,15544657738","126376,4500990663","120532,27379613368","125946,02598299865","120417,96190763406","126006,05851588365","130690,08567485701","116744,57412594194","122127,86282475304","124421,32165603226","125898,51257730182","127340,6177295367","123399,2355619054","129438,32290921504","122700,90829432225","128624,30846727549","125059,22946360496","120963,51397918646","53022,8162085734","42651,84960379892","53743,95615532931","73151,4744511724","68691,96983149342","72878,02854745295","60311,36584847392","66804,74367476843","46508,870022887306","45069,331416140034","103224,23219885826","100044,03449186013","97239,39295370429","101559,68012182011","239215,84219391138","16914,636115149635","17351,955534356326","60297,453608963624","60504,60331441464","52875,28903782311","64482,18443909651","132979,27181855857","78150,33221995394","101079,51449406204","98688,79192858086","71151,2253685794","72293,38390487712","96919,0063992417","97433,86115821316","97433,86115821316","99077,89815967373","146929,1827614451","146940,5610374431","146940,5610374431","85625,25475428926","85545,98581049973","121309,89376353705","132411,49098346304","133139,11738663897","132906,28945474944","86915,03583702378","90657,329462926","86412,8948246116","90441,16152550146","88786,36493441806","118423,8041678178","117791,64536680742","113281,07431798494","117566,46286194037","117048,0758278345","112721,77898879719","118471,79556831397","115920,2455096695","112102,65694422521","112830,1079514015","116280,35767857333","58249,37128890528","59641,08802113184","119821,53885215803","138650,78418620682","133672,3590437105","130182,79968606043","130164,2359397875","130164,64132791314","131174,64391282134","135173,39336200882","134638,0197733312","96090,9386523668","117443,02991575949","117365,13046134004","115054,26292647055","107861,44658144927","113472,90937549084","107861,44658144927","117827,5588987911","117567,6004786984","116292,64284177507","25811,487387683912","36889,084023025156","33217,249650486156","67633,85290970122","92894,1662255823","90684,84001921541","94410,33725986429","93718,5019494074","94303,54406233893","75293,22768261837","67139,87177946985","27200,824480652755","33683,74215365055","118881,03317906076","112079,53594342255","119473,3973964874","117396,89314881006","119104,98898280419","119068,31322664424","110638,36466578564","21383,423439550006","136229,02098748984","134832,28395892438","31550,879463034653","31204,925219239532","145534,64790275352","145534,64790275352","57827,67380321256","67977,82688319174","69299,12464621058","67107,24180509271","83154,20614966354","84723,475839274","109514,63787929607","109514,63787929607","95015,93944675718","85415,45179961699","120613,86703218737","50620,22074484573","54880,464365675376","55773,17849955993","81804,63531734848","101372,50550153542","49258,63413859824","56466,924878074526","90417,3427265886","79852,69410718432","92563,02875433762","89286,23736521268"
736037,"105136,00898535668","105674,93199547236","60104,69465240858","57521,18032098346","58001,1474457103","80644,80309597563","75173,47921506666","74355,91726698444","130452,7953961912","124571,79680835323","102867,67642957078","98797,4176857578","95316,77843871166","87789,97127317847","102677,79059761338","104102,15906243905","102208,85637632059","113980,71164264607","23263,438024586878","22799,273579166485","171641,7334877023","163352,21208832038","165294,65451682973","164465,78819324388","166830,35497715953","176231,09317529146","91233,66224145108","84182,19431422828","169214,6610984029","166017,9310616708","166690,06275711482","167821,2003519893","169830,320031845","170472,85197210632","167870,2547364098","91457,72164967687","105927,28961571414","104865,77192458951","118854,86021409712","104865,77192458951","85681,94461820408","139247,50788155748","147511,71635528505","140166,85157252778","139953,95036879342","68285,4914417548","62535,66912101167","75221,1750107959","72066,17562966028","65235,34340253772","62993,57317646534","67467,47781706629","69669,5053418767","116593,26786212416","116138,75934462929","114819,52286894855","107034,95447620831","119467,27581622543","118874,1753570724","128924,09106437216","129555,35282512782","128670,19422281098","130266,32712587414","119685,02411599859","118908,4796844042","93941,51438615286","133651,3883497496","146693,7297708516","147447,78204641416","61340,258983873486","101283,7805243259","101300,7720976798","101300,7720976798","134616,8555348515","133635,93336149785","173417,34968390284","173019,92596549026","173025,71454310886","103006,80701670473","107159,59165508304","107159,59165508304","126814,91380517202","76147,06434459588","182783,2148115","175554,27060333916","164914,1309322521","176746,27247594413","166851,96694658478","166629,88593277583","114384,13047069109","0,0","348,996204044529","101041,97838938951","125651,62992898969","130316,59966114882","81164,4339661525","91917,19580280768","89552,40443518477","127636,07307221278","100625,95016707717","117258,09987968008","115775,08843648038","126619,34298726467","118230,72957576472","131445,02440804028","115223,21371395676","131182,92026620853","145914,48043212324","156458,47796848608","156566,5557823898","140448,09872368118","144421,02789404572","143367,61041167204","104051,9129336571","127663,26697356165","127640,78468660003","129173,20361069952","128899,97569718811","127436,26106228723","117779,80513040858","116267,47153813737","92785,08160949532","92785,08160949532","94788,3248038154","185801,0963086646","186171,87767227282","185933,0090846463","180400,01285366944","180792,81315057413","123876,9256907226","123755,79382313628","130763,46497528933","123693,97714926745","174095,35831701828","176415,1253761986","176415,1253761986","176892,1643916781","178037,37696753858","176486,65847933944","169309,61361779945","172899,20369192545","174219,10781950245","180005,5851822064","175989,99719327368","179036,81670645555","174111,546219705","177243,25191658168","175171,08055258202","175402,91148706235","179358,76871230648","180244,8566777862","172693,18847318017","171669,3455536653","180033,864359703","173808,48767676047","179415,8427044388","175654,56688818987","177096,83757074256","175618,10353897675","181284,23002744012","179217,83988649707","175775,7058345922","137386,13857419908","128262,08627452295","133873,60093494967","168804,13422930308","162247,2728983542","168216,88601837296","155581,46183163286","161920,69470156403","96315,34997181554","82370,25782809735","112891,26546561041","29920,7209767503","33235,545216392726","68886,36563653585","126972,55930953144","112661,66866002398","112929,50622345276","54093,61536992438","54066,24845909498","62712,03846517136","100507,96111212778","118330,80955124708","168582,66261891334","83356,81588092225","83147,74957084314","44606,99485989167","43598,35808177259","51218,295486466406","50961,911118185024","50961,911118185024","120980,51761829814","140878,85950054644","141777,9656122952","141777,9656122952","49339,1021400134","48383,76334078032","79854,05497774524","136524,9768359974","136949,36095878045","136515,90350400016","131714,41652397005","136136,9450768086","132803,20991285678","136166,89585432422","134693,5060250573","177972,24047874866","176841,61344593743","171648,75596546312","170740,46195419674","170666,75071530306","173736,67688778834","177603,34075671033","167671,93216813318","165940,60444929666","176571,95766769917","176216,27953400745","78688,71488719384","77262,8550256138","112220,04591847393","185735,23734730107","183574,50855494727","177122,01171405282","181640,46063650912","176781,53855346036","179573,0369583792","183337,02755632869","181670,89804081537","104504,31318886297","148023,5220609571","148721,23028707044","154094,29829766852","48520,175785829604","55472,49415219729","48520,175785829604","32324,083227403542","32676,659421900633","33002,689381810254","109616,0512694677","105899,71855560057","102847,81036605923","72491,31136586887","93068,39160287769","96491,86675265302","42830,12441972377","43506,18330123989","43744,73661652077","62117,36935168523","61800,29464373885","89468,78342079725","89828,63682940582","159568,9349076114","149549,0432978721","165212,95299971968","158847,5145835059","163088,32705783527","163432,22055272912","155963,77388486784","134142,31700303513","178483,69680845487","177872,09041312613","135651,07966587952","134701,29640523772","151533,18423415767","151533,18423415767","103701,9062434184","172324,124646694","173151,94361172884","170907,28149529366","40053,74881171698","39751,81985605692","134773,88223098862","134773,88223098862","119379,6639491394","120066,5769682473","128858,18142440545","66374,21313582182","64192,01758508362","63405,09297431024","89546,27994949599","128072,23345944937","141372,43906847615","151973,2076947075","166593,80161624306","164490,9071455222","176653,75693083272","166298,50544181778"
736040,"105031,55524045535","105565,23656021521","60220,21081493461","57632,55559630094","58107,799381733224","80468,76737380294","74953,56112023923","74126,50738215019","130357,195244118","124506,91677904714","102671,23143338486","98619,87958334692","95140,32131764397","87741,71963141602","102813,8245922537","104231,26433368713","102072,00763565791","114147,17548667407","23034,026306755124","22553,54960086427","171646,9088500136","163343,18492957263","165281,4185285748","164452,91271251897","166820,96409887963","176215,7682034794","90884,70405655296","83857,91198522282","169273,30233823587","166086,4480377327","166743,75144533673","167873,53174950476","169882,76422906775","170528,55306983925","167923,55173228506","91358,67435348504","105617,58817268992","104560,01183675375","118549,73074386481","104560,01183675375","85332,95127291075","139360,18453764438","147610,3671614484","140269,95380715712","140052,61635135653","68170,36966698348","62475,575643145756","75137,26910568576","71907,04190469063","65098,61920390905","62853,33762919519","67349,03627830892","69561,98259325181","116409,06399015029","115957,27424758712","114634,55676519939","106860,67259183075","119443,31744490971","118847,88919157046","128593,14081668369","129223,6366982051","128337,69519374163","129935,63682216156","119583,39655515667","118806,91832857348","93721,70841627702","133610,4647787314","146651,69369631403","147406,90687624147","61423,90359831709","100940,32654481017","100956,23938737056","100958,51244584698","134674,3535577401","133688,56766023528","173569,90162527643","173168,56321866805","173179,05346762983","102981,24243372004","107136,0254609742","107136,0254609742","126469,82375492874","75871,54384118863","182868,92616560945","175654,82198086733","165028,29904737003","176832,1948027144","167013,20469370377","166818,51042700617","114173,7216933063","348,996204044529","0,0","101148,41969895092","125548,97854007845","130177,85014428686","80830,34298873968","91634,43658202716","89270,28542051172","127294,56351890083","100408,4560675744","117354,49898199417","115875,91798721942","126808,83747282454","118009,72980338545","131219,8545634647","115000,61749139124","130952,4868091617","145944,26839235128","156487,16720570874","156595,61661832916","140577,8448069649","144547,15337776666","143490,51898585906","104204,67012801832","127503,6899447585","127475,20400701326","129014,51053337863","128739,45066169377","127272,98838895603","117450,41892587465","115939,11696485894","92535,43663797434","92535,43663797434","94871,03143776627","185890,12196741573","186247,52214025144","186001,27243539153","180471,19512692507","180860,37195404049","123886,59282413003","123768,34658145181","130735,49703692066","123707,75038228893","174155,1996080296","176462,6609472677","176462,6609472677","176925,02050274558","178078,59917643535","176541,04475049427","169359,7358285951","172953,5594762928","174249,95197934474","180056,22605783772","176048,09035887817","179092,81205832463","174168,48771548676","177275,18253842296","175224,3040506859","175438,80789091764","179402,43917679237","180300,6525552563","172724,13529228658","171719,00072877412","180071,09656086797","173864,67817103778","179463,43777140285","175698,96178116594","177156,16721926068","175660,45978321368","181331,3167535757","179258,95665273973","175812,39975931728","137295,1786677046","128154,78417060223","133790,80729343847","168703,09405703243","162149,6090440388","168116,64587772475","155473,1484826622","161817,33022918788","96233,95443672701","82261,12465996729","112542,34189012926","30026,936415338496","33323,78917008101","69031,11786124541","127102,87491683748","112412,38057375282","112679,26113255454","53886,84738488746","53873,46176311882","62540,63227667987","100177,4494618834","118518,83562211474","168500,02501141903","83487,47494397768","83269,00688840725","44346,917692777635","43335,22988466008","51340,11773994477","51086,871562645734","51086,871562645734","120632,05357055007","141065,38132610027","141962,74807203416","141962,74807203416","49378,983117530595","48420,06629265749","79530,79660189865","136677,3992439499","137103,14273612903","136669,8202957984","131735,8985161048","136162,64447155088","132821,39368563314","136191,88064159793","134715,8899270928","177995,95033687347","176866,0670648368","171671,49305821088","170778,38224108313","170703,25999521956","173752,81881062043","177628,07946875572","167711,74292611438","165972,64859055408","176581,67514302934","176237,5546425583","78371,9722019121","76944,41470814127","112377,22916662286","185802,06865571794","183631,46879494903","177183,52284596115","181691,38078674264","176843,77691359274","179631,86307252522","183399,07638902796","181735,24901803673","104155,37169048267","148108,86620108483","148804,9694948116","154160,34755387405","48186,72851545745","55149,40144487066","48186,72851545745","32039,700570084293","32390,07191683153","32707,954638009654","109348,32582890974","105610,84007855976","102566,89941272307","72472,39042800499","93158,30031660054","96570,46772146218","42481,15076248557","43157,28255478888","43395,75076589927","61780,888610640264","61481,89324679862","89289,7310449607","89686,7721138682","159635,17530221632","149615,2201831166","165268,91404713487","158910,80946922596","163147,76980136542","163490,81411555037","156012,68215425726","133950,69927325816","178560,17173022503","177945,80247280857","135496,20060641726","134547,58639365045","151694,42966264163","151694,42966264163","103379,80686972119","172190,31058158953","173020,64482188225","170775,25759485926","39727,87659641015","39420,54140720026","134425,00550551843","134425,00550551843","119031,97105617356","119723,12001648407","128989,03103964803","66116,4470907405","63917,25330848112","63128,89831161022","89596,41365562624","128144,55469127605","141262,09648055254","151861,34563724644","166556,89424987463","164424,97792184152","176597,8831687459","166258,69648244698"
735143,"62412,1892866106","64155,59442197376","40988,6858226973","43533,24026885781","43040,854262105735","76298,4728651206","86881,78279906507","89265,56673957573","72654,13148813702","59959,52107396625","89402,35859222167","81830,92052009064","80234,18256625523","43974,384757464424","9363,815981305204","7717,534772451233","70922,60407601955","197939,36987440824","91298,65703909169","92835,25196092109","80482,17485804274","75631,03782095284","78246,30895653303","77427,66471188072","78841,96790531737","88610,48724064628","154492,3254908356","126941,28181440142","70599,9220274362","66565,62554734817","68650,06664693676","69901,14626498127","71845,74879701968","72127,58851603842","69842,40194034931","57427,49011093577","133443,68077149402","130849,29958393653","140057,70760129226","130849,29958393653","150791,25705100124","38273,88823788777","46553,35189019145","39141,46404165977","39006,81170877086","62134,92081588554","54173,62334879203","54176,401654652975","71342,95637034232","67052,37861814922","68144,41241352633","62970,48512704631","60301,6349333379","92362,53775177668","91224,97754638919","91643,58156336451","84318,72448919075","45252,86558114138","45582,34202449813","162662,648848523","163716,5643725505","163601,6376015032","163528,49889422854","68138,34378166121","67705,45994232198","92924,09221149875","59073,79163677618","69176,0667321238","69477,19492871095","40071,6839361866","152065,9543860965","153294,67565625015","150850,04422513908","37537,462596593345","37410,28694448747","74812,38588197979","74022,29244439863","74512,88148371724","38914,1848962107","39523,39007358887","39523,39007358887","193956,15733954034","103510,81081870775","82161,48672215184","74546,59995151064","63947,12450272262","76134,48905801357","69447,53087709894","73820,64229727795","99862,2751269493","101041,97838938951","101148,41969895092","0,0","71822,5112617912","85819,94863549789","130586,87772659132","113446,16431910281","111967,52430427905","170595,3404705193","95130,54115099898","16538,602489492303","14842,598772435449","39296,75638770418","105743,93318732097","115639,41798158523","104531,96878107508","117393,83556559705","52443,8627635492","62312,31454430031","62352,03165524257","40315,11613061167","43987,214179536626","42759,23626336611","14981,210799011635","90811,48388833617","92745,06544432363","91465,41500315869","91886,9212342062","91868,18852908211","153016,89213849988","151201,17424498725","102104,84044011882","102104,84044011882","9333,607661257987","85049,47716504628","86033,75746596394","86274,73035736394","80585,53122237806","81234,88861642136","38861,01472628236","38038,832196628064","53535,62330539667","37685,377402251856","75274,37050931627","78810,14883389595","78810,14883389595","81093,51210233814","81127,40240715558","78149,74654932214","71597,69727075635","74639,64568204984","78800,6429093174","81982,50783554777","77300,11202862367","80493,98413108634","75566,8975772657","81557,56471692704","76979,99320448455","79250,94557941327","82121,68493005117","81700,30137344518","77323,15920049499","73946,8854094869","83559,05092141296","75343,89851138127","81732,68203524355","78431,5827863003","78273,13437014516","78640,45368244698","83614,63366817","82287,36025863023","79506,30376349801","75882,8584060303","74812,24126976589","71095,25744560699","102994,35249795465","96659,42575125661","102282,3150215916","94427,35082700507","98018,75590654396","53353,49927586344","59396,03789015208","174119,15424408385","71121,704356568","67888,91001901643","33605,256491123844","214769,9997773965","112590,10995868666","113104,5361449573","82052,45708411343","79427,39296546938","74394,80673321515","141223,82248163928","33153,69775073203","97757,67411685867","18927,59043607554","18355,015946194482","92365,9400815809","92909,720678221","49929,16898925","50233,641970308796","50233,641970308796","175978,9818611868","50041,83427155222","50403,596313917806","50403,596313917806","53540,41879440104","54616,4398413196","164032,73826535957","39228,19340315125","39841,440264788034","39461,18900868176","41895,76369266226","44646,794341981964","43513,47641416196","44820,35382667408","44134,959527403604","83426,81498558252","82235,17690279837","77547,78477482231","74489,09587454287","74607,39833077646","80572,74868821749","82922,10760969634","71286,20948737617","70718,22937627633","84312,01280148642","82116,28242281284","120138,3756893474","120118,08646340737","20142,744822093653","86182,77156772706","84867,07782547135","78102,01579069711","83555,56318839474","77703,02387093163","80756,16508653459","84186,78486919533","82352,37442877762","164869,3342247098","47596,75464738545","48383,68093097271","55088,627940856786","134741,96185113877","143051,71372072803","134741,96185113877","128316,03505496202","128456,33920569022","128057,32101471028","117737,57982337991","124000,72749134112","118875,75076461176","42188,0199843499","9308,651823400816","9361,392822064774","120733,6371672078","120723,24917711347","121411,3002959","120727,96942416689","112374,14102635265","79144,19109645969","68815,2726301398","60424,83262739001","50650,11989723271","66964,95804941343","59999,88251847912","64528,259078866955","64951,32015358506","58858,46541901685","105613,93508310363","78344,12601692433","77909,31940429012","94427,23823881379","93419,67666111607","54734,235742052384","54734,235742052384","138414,61336724123","115462,05170057513","115388,07065255444","113756,15309755082","106578,43692910092","108197,17407197434","189622,0961135523","189622,0961135523","172545,41241174517","166655,97004388072","29094,987522900305","95007,60564950356","99137,24295757935","99314,49764880819","19521,73197538983","29363,550733061846","84441,57149395991","92695,72209325852","84608,0430545561","89917,68058174594","97922,8014836855","85025,4135400851"
835152,"20525,948662099872","20128,72566777871","85065,76072378755","85717,26933348532","84765,45586727094","50620,923742939594","62621,70930125942","65184,496093766946","5509,81052189271","13985,232682927553","40854,89803644566","37489,79765591544","39507,37267670469","41382,44552815606","81081,62788103824","78982,8522750399","26268,479782415292","238485,36286751594","104875,24032061819","106037,4676252278","64961,26455861946","54230,31846073642","54563,52554518762","54000,77307358586","56886,96863858635","63166,11946004522","130449,93094890042","98033,34908239971","80400,87337598913","81646,31673326423","76906,41927129081","77234,46116938257","78708,70312339795","80287,19896013776","77601,42577474816","34211,67841497725","91221,4033304779","88552,4173385479","91459,45364236968","88552,4173385479","129174,48946345494","82764,18251300091","81539,57024367434","79593,1602488926","77839,08056336227","57478,00937282266","64065,86758088857","50711,26878926216","56128,194265743594","61160,82913575718","63503,81399432799","58357,440290403305","56001,37803359743","32364,62974104417","31392,002321237254","32972,56753167247","31954,671729203583","28755,883573859748","28031,980893436477","116278,47725673638","117372,71124055456","117767,85410345341","116660,78987713289","5977,9406547551425","6754,4114857323575","52105,95665947551","24758,021123679006","32014,608612829576","32900,54463106118","79514,70542310679","119740,38455234854","121470,93267714752","118013,62785968873","60487,91506309443","58367,34094803983","118385,48647089218","116548,72361541311","118431,00036202691","34124,92647390572","32484,662830971305","32484,662830971305","164613,67794147154","76928,83707029508","99841,34781133507","99888,89908552272","97723,9963519352","95431,65743945791","117454,19353799432","128654,41577561045","43065,46670489133","125651,62992898969","125548,97854007845","71822,5112617912","0,0","14848,393713106581","104806,92136167386","76085,13117881563","76109,720572223","128460,55684555387","48756,25913009866","69728,72866801266","70999,8473954679","106620,73141455054","47459,85896824616","51693,95488504551","48121,8416965752","54100,58365291565","55524,68467088544","61395,27422610524","61592,74671703029","89785,69712937185","90358,61260770509","88600,33189033458","86647,01278655446","22382,55807061593","24819,792880050853","22339,957976698075","23015,839354157913","23843,47546817333","109884,2319904991","108350,9213793538","62595,326227349695","62595,326227349695","65647,62316446836","103312,7562459129","98932,15670166293","96232,43964918565","92961,03436388836","92015,52734632106","40552,215723887755","41554,25083470041","28393,320747009104","41976,36464891228","84348,73033948382","81948,69754502975","81948,69754502975","77573,04103282448","81139,39392098603","84283,91000507561","77541,58239514797","81596,34621620558","74852,12572932956","85736,8941752226","85161,15191832064","86763,98704076988","83370,73619890992","77557,30966177084","82902,66820762577","77381,43132176797","82961,27772720657","87626,96741106368","73710,47900919909","79100,1385305388","81435,56920586889","82890,99718401732","84280,65901088036","80334,25619803014","86412,03066129703","79638,78877597688","85577,20120042526","82028,6199098813","77925,83621063632","12601,966708087231","3153,798414181722","11239,342443214542","43159,05954238885","36660,05492261933","42579,42427859337","30021,410630083737","36270,01478929519","30136,472595831034","43330,02086486722","143895,955502742","102435,1751661315","98865,23692061655","87057,98747877136","252414,36137733486","59931,44367373187","60384,06869643684","76710,33987250512","75394,3026613476","65783,22362125902","105292,00523464027","102766,26329367665","43804,50776443719","80437,77761503341","78117,67148953018","90465,8695570321","91585,08907352776","90500,97834789273","91053,0258981119","91053,0258981119","140911,77513338113","112289,66626156581","112059,520934347","112059,520934347","82798,63995788923","83261,6852491796","154543,63229504388","96644,87663692779","97367,57140140946","97217,75193586275","46478,998756621775","49534,90549895542","45633,58507226182","49288,58356983789","47798,26054613097","75590,80909561568","74913,82153229714","70305,59942902815","74501,25292438101","73982,66132354282","69906,69624325655","75609,52075002932","72878,4496213369","69042,9105715729","70288,25644894928","73442,08341682567","93594,52805150149","94590,43794677086","89728,43997436768","95594,65192686609","90607,30153296574","87172,3008535902","87104,56180389583","87164,957907668","88123,52195197916","92113,5437559346","91597,59867012783","136048,82226221095","76841,71064456868","76617,92655727222","73146,5412865853","134634,8185215889","141675,19733855524","134634,8185215889","139112,06847240214","138986,69033531268","137945,55832213373","68515,64606963242","79023,99377279324","74723,25112191192","57984,871362902464","67948,87219689651","64183,01959597532","119695,58710079109","119201,46302761868","119891,80281528324","106078,79572243421","96749,02701717315","44232,11400779923","38039,636744385","76579,36642697587","70601,30815778543","76671,9633153468","75063,6848985252","76453,85461399246","76384,91025012413","68128,67152101491","37520,4953689309","93362,25356585073","91940,86714281196","23267,324509513746","22365,057141492445","107959,73610727007","107959,73610727007","99325,79778113002","48701,0823086018","49193,3121444604","47097,2982224427","105765,91517235192","107593,30259206278","152004,02318159546","152004,02318159546","136892,39819405155","127765,1796598645","85282,34487565405","76331,70418122715","81671,34350342533","82421,0087084588","58882,48763980329","63710,10706544362","16016,52602042996","26594,37873156863","49524,07201827609","41866,771894197205","54990,348876553086","48596,123794977284"
835186,"27994,54579859243","26752,63281837177","95271,1304344316","95602,46537218954","94654,77689827922","51182,27483421937","61390,00006645329","63633,5958117509","17111,742556565554","28771,802812687063","35096,91006647505","34564,95791847079","37528,245579194554","51321,97998328267","95144,89037419108","93134,16556946117","28115,135548987462","244073,67294682527","108419,1764110488","109435,71093040307","75281,80851735525","64641,297195164545","64467,82688011182","64032,058054561654","66854,83127485534","71671,9608719814","124520,65768262843","92280,02716036557","93139,72308677022","94847,67602974334","89667,41900801404","89877,11857395813","91216,62830840646","92854,48140770911","90270,1439501387","41022,770338631504","82320,02494770334","79759,69702315936","80840,21485959897","79759,69702315936","123845,40176269323","97540,34261929654","96053,98495716523","94319,32522303693","92550,73408677333","62396,75829660885","70989,83343487953","57462,24607201801","58595,45329717252","65082,9434362768","67325,1879551704","63112,217031237815","61311,72851479873","22736,628879416607","22114,553408058524","23984,50383521802","26902,760935709684","43582,83002991694","42840,90976400188","105496,39000860606","106575,20426329516","107081,12769700185","105756,33811146212","17684,50985075599","18144,517953864222","47199,075279843055","38448,44918334799","42950,473545380555","43760,38629460394","89507,65140261095","112217,11817357228","114010,55135784607","110425,73007236813","75150,50919703659","73039,37729515582","132744,17922748916","130871,32127474963","132807,1033505902","47318,089013045814","46296,700344553836","46296,700344553836","156684,54482396922","73319,9967086032","112599,5785928723","113346,66231639213","111833,28810571828","108491,82589014326","132026,69304022435","143403,82748240363","33105,59429047101","130316,59966114882","130177,85014428686","85819,94863549789","14848,393713106581","0,0","99484,72267047326","69486,96797194118","69947,5959033787","118394,6368421582","42317,80768757483","84455,8741474638","85680,78812554714","121293,81290391876","36317,11244633765","38123,44542712644","37685,15374881053","40649,439181314","69256,97636973432","74204,09231036538","74403,26850387441","104593,16729855491","105103,88622318499","103349,43131290996","100742,42521725682","8917,612164825634","11337,309763935697","8272,66547761812","9060,496449989358","10448,515405167822","100052,35961076184","98635,09238670053","56648,078051694654","56648,078051694654","79143,33444203356","116021,18967939407","111211,75414708663","108275,15829439175","105409,43090828211","104325,04039204106","55382,52325425899","56387,99681254936","42697,10640768034","56811,58382491207","96811,90969145719","93829,78633110758","93829,78633110758","88817,20567377213","92656,03988736143","96409,9833573212","90010,97379043416","93958,80253934744","86219,1352869973","97492,89920860904","97446,80498985732","98782,29289317872","95738,85397279552","88732,7648877126","95075,02666841149","88872,16366460569","94484,55812536471","99561,13690460588","85205,71516603169","91388,57987560978","92636,66455120425","95254,08813225786","95957,65350080162","92149,07532157989","98669,3576582848","91376,70875859857","97107,33138007019","93455,98923927122","89421,60681502413","20657,27634366984","12610,817758894085","22617,68265377391","42116,79237082242","36766,566884992615","41714,92841711798","28553,01518704692","35304,639909726975","39121,91436553447","48844,82619512328","136191,13946528238","109467,052037858","106053,25041138333","98405,88092193085","257262,6822699021","49789,43711680442","50184,256868068136","78552,11330540985","77694,11757709831","68276,28640623704","97413,80389516203","117259,00265005835","45802,81245034409","93104,72032930824","90732,77751478301","91765,62318025602","92922,39410465096","99808,69910908057","100362,04589920395","100362,04589920395","132183,0630381276","127125,44152788073","126900,71205439419","126900,71205439419","90907,54953628148","91225,8053408382","151162,031418051","111492,99764146376","112215,77193704601","112065,5396990235","61073,53132133503","63913,10761394247","60150,40884355576","63658,348456229825","62235,62811082792","86319,22927306734","85771,76982909051","81524,68654506636","86434,46675449132","85867,30716454612","80618,51219814969","86418,77662856017","85120,24543113261","81143,08702412545","80395,28529206147","84195,99079057343","88706,14554387085","89899,81541186401","104153,74388885895","107598,0632796248","102376,73176830304","99500,89881897153","98763,9201134674","99538,31644000344","100208,82048608895","104084,99324653423","103748,28035895921","128857,97217202243","91220,43656076555","90953,19290375784","86984,58676848652","133899,75589346627","140423,69753784555","133899,75589346627","140509,54106173868","140333,73971976998","139196,48578452153","58869,53227779827","69993,0514319929","66211,5764082113","67169,00078425657","81325,0366775092","77806,36842303113","119375,95393968587","118799,58763762571","119458,29111482059","103375,85684217495","94377,91238987708","43200,27513390692","40503,28257831013","90107,47553794632","84686,3198421115","89597,3962832148","88572,909559805","89610,06432488095","89497,44169628425","81509,56874677684","23062,399016432268","106075,66647659565","104606,72808064336","8614,233007726123","7631,998710120679","122745,43383761286","122745,43383761286","90889,92803921575","42072,98322208577","42979,90423577602","40713,71261381736","106231,49131055364","107996,83381244582","142494,40150296025","142494,40150296025","128120,52085853576","118464,35573709199","100119,55286462072","74906,34245370726","80028,51595957018","80854,26688864987","71640,78038531069","78545,13358836611","16196,572233078099","24585,59664954978","57404,73028404853","46817,217745986774","59661,32668024111","56246,58500580051"
836076,"89608,23906898945","88722,74783047079","103001,0129679971","100843,45032119827","100464,50971232649","59083,1776950347","46151,60108013778","43404,04547003005","110237,50207597988","112910,91079939734","64598,19245278664","67354,7271470131","65682,73478285926","91161,71264934116","137463,58357838087","137311,17248276868","79883,70450693781","180841,69143847702","62607,024653356995","62005,02367246711","168459,69707951247","157923,02882242357","158658,6746391085","158015,8977176734","160886,52265248186","167837,59441402715","25881,023709538218","7654,97704767384","178325,438598431","177660,9922164861","174976,6728751951","175680,87586958692","177496,0890632259","178795,20806202677","175939,27710501017","82387,92116306136","30144,544228141862","30564,325548192144","43106,43850393495","30564,325548192144","24409,61906630156","163602,01085656197","167850,50751439054","162392,6973307957","161275,313214251","68620,31071311983","76906,5687059974","77405,77752520044","60429,101419953935","63560,62826671246","62451,59973407317","67727,17202480194","70561,05691220294","77219,08845476416","77631,67227007075","75741,7111590509","73323,61162714384","118223,1511605386","117255,79059940192","47857,26019272017","48447,805983140184","47532,48658104824","49213,422779851404","100548,48119536131","99989,19722628195","52789,76995625597","125587,11668769515","136066,6061975759","136967,79965014535","99088,78135560085","22639,096807801492","23460,46115108757","21944,216360964503","148019,90289073274","146162,72796786","202762,50581596768","201542,4750158574","202574,5249820296","105770,52650593214","109142,99338697699","109142,99338697699","63752,86382141931","29107,428221379058","196591,6470245974","193306,81675318524","186664,26697306865","191152,68348531722","198627,66151147292","204356,32863119707","68304,0332865859","81164,4339661525","80830,34298873968","130586,87772659132","104806,92136167386","99484,72267047326","0,0","30541,416403580864","29685,19754487276","47278,34248970525","57167,11656430714","141653,19616295735","141322,12819340537","168234,1771471249","68056,08394107866","77258,04156747079","65369,01006739191","75554,79338440098","151583,55984449657","160421,76229517057","160598,45472700332","168213,8986987498","170949,83233980558","169346,8756767014","141725,7864765347","92071,07718689174","90483,54558305058","93475,19424941117","92785,22722400063","90930,28974259114","36863,09132475165","35470,8507802953","42837,24894373425","42837,24894373425","121339,52694858902","200086,16398979412","197432,16871244292","195559,13014158988","191184,02568884334","190730,27834608042","128993,77091389746","129518,56861804563","126201,82133376268","129731,59431727743","182963,24762826078","182294,36406461685","182294,36406461685","179418,420912756","182333,25845339752","183894,20532010563","176514,3007614755","180666,2512249436","176571,68611931417","186225,54476846513","184276,4388465061","186552,93780749087","182330,7721522741","179524,2908557782","182451,2764311162","178769,4558570333","184074,03612489274","187599,32695307428","175232,80181410685","178515,97824523717","183230,19901852112","181891,11630876997","185008,71622307666","180906,4325258906","185549,65989181647","180415,75613627527","186580,62821137966","183371,7433811909","179283,0735500445","116883,33194079497","105693,09918431095","116011,62458022374","141054,64263533702","136149,40801228772","140732,6977689092","127825,03327553543","134485,07277622307","89232,61213744147","75383,18104170953","43557,99353066558","86812,37187612914","86400,08575248758","113192,06265839314","188613,33430830087","55412,565629245386","55310,90747756104","49778,58563152795","52372,805819989175","56193,15092920854","19581,142725007045","160644,00156002713","145287,53316094915","121408,78060979619","119637,33918411289","44829,56296987261","45059,61739968548","98566,05154851283","98822,37728522904","98822,37728522904","46225,303515894775","180380,17701817653","180830,0354252108","180830,0354252108","87033,88142501806","86193,93742193487","53584,26808283812","169460,21249749346","170114,44526652794","169759,70642900007","137882,45591140905","142452,0247790654","138060,59104811435","142321,4725770829","140533,18221546992","178317,3994517678","177472,85516355545","172450,41297937123","175060,37627752664","174678,14591783282","172815,1241721017","178219,9126398276","172756,12282862156","169484,92005481484","173882,99050593103","176192,80813706733","11425,514634027426","10851,590705319062","149395,1617012588","195057,50889200447","190875,832371898","186059,93566482278","187765,54991827477","185915,41466209933","187671,64125714081","191803,44853889916","190808,2095676647","34383,689739222165","165453,37154512946","165717,73638894997","166585,98576850837","49017,34204112882","51560,815904968964","49017,34204112882","66357,15621000115","65921,02768451249","64507,40332582474","47255,57474435302","37287,83835716508","37876,91307819321","88402,26499021314","121394,75428485188","121841,07239836466","41748,33325575894","40900,70738533645","41069,64720129178","19128,418118536116","21378,39077198839","62006,03105860636","71539,79140027716","171440,1159813942","162650,2040574699","174168,97953062496","170157,69811303812","173055,64206413427","173172,65870701935","164465,7536359755","88703,3715976419","190627,68522471967","189458,86041076898","99600,42009122962","99138,57966016304","184695,95804435332","184695,95804435332","24395,53711527579","136159,14315097022","137513,37987595686","135343,76800132857","41314,01703244317","41438,80662152013","60387,2398578823","60387,2398578823","43261,86561859024","40510,46190699012","158366,5536982311","35632,76961844928","31516,200745804996","31421,333049095632","111477,48308124961","145668,29887993366","115425,03592457158","123888,38868260744","154330,82298694548","145688,3308759979","158764,57012059254","153397,16617735833"
836103,"63250,77301679038","62079,316660944576","94317,92490135143","92735,16341407187","92110,5960407122","37226,68916683911","27426,780886727032","25646,14563364326","81379,34419590443","85582,79504949617","35253,64173875723","39441,06341661598","38619,88321409746","70492,87103023185","121472,29249017591","120798,11094097083","52822,84035549121","200774,097381151","69418,3864992545","69499,47195874863","140706,55527337734","130033,13842228772","130539,40286590075","129944,69855134505","132831,27026038713","139231,95132780718","55041,659642282946","23040,008693683423","152793,24651465198","152731,15133137078","149359,64518854563","149947,76081683987","151667,34731473416","153073,78167289938","150244,90946240633","59078,299239229156","20144,809635275244","17695,431956679076","29671,806672275503","17695,431956679076","54598,1267654678","142590,81394809508","145505,45338963607","140825,93343476276","139505,71817392303","52926,81667605544","64068,50294847153","59461,18278508011","42785,06405732505","49214,869034690935","49222,10770581834","52370,51395415284","54351,141923473675","46955,174730812396","47444,75866028113","45557,385034729996","44150,837732154396","93011,99870494619","92020,19049986346","49462,11538459713","50487,25382888478","50284,59684775587","50420,4479099715","72394,36345142637","71916,0409891475","24438,725646409774","98345,62225876542","107903,3335223341","108800,59716141106","89257,57105931667","43787,876213455595","45478,15443520019","42111,496486237884","124751,60982495084","122761,29863906623","181694,33509554787","180273,2046600236","181571,4174618963","82809,86263150645","85592,03794184989","85592,03794184989","88719,23851982846","16028,660439556832","171633,99334523224","169387,65136318342","163987,14346063696","166478,85404071794","178411,02855728424","185819,03357462952","37776,5923415013","91917,19580280768","91634,43658202716","113446,16431910281","76085,13117881563","69486,96797194118","30541,416403580864","0,0","2381,3355165237695","57407,18011647819","27443,184294343366","121953,05173008732","122003,6242341355","152521,81529804796","37628,18483777102","47689,53249677635","34876,44159359972","46273,83730292023","126204,618119193","134320,06567136163","134505,6532345571","147991,24175226217","150231,9682663933","148539,84489223958","126375,56898095732","61784,46689508524","60107,86897326623","63153,640305108274","62444,66848354133","60593,52868153306","39570,84684171902","37756,17747536094","13611,015252983372","13611,015252983372","104142,63667503143","175152,460182118","171876,3826145055","169690,2908428084","165675,2320857769","165045,56684612704","104674,60440340379","105333,75255281765","99690,53393268626","105604,90687061597","157245,91249579485","155954,12742856806","155954,12742856806","152471,82695763532","155667,68051558078","157835,31677187592","150612,95640891974","154770,7636248864","149660,87367713437","159858,52401387444","158396,81220462226","160449,6171237742","156488,42208135902","152527,2805648302","156402,82042537013","152005,08245475407","157451,07717812527","161435,94053635467","148393,04372682676","152480,66580835287","156324,81207443212","156030,9027158991","158541,9257759595","154471,41081418673","159672,85880148795","153899,7490977709","160015,87599297112","156652,68543426265","152534,0878468716","87729,54025944306","76632,47620202554","87318,9052293845","110709,4740526858","105960,60042736006","110405,6431579405","97604,73432795961","104216,02303923125","65422,20517986375","54393,441219827866","67941,78440268936","87212,69125764504","85543,10041435111","103347,8316743804","210463,42922997414","25681,456051773766","25677,859953658393","43603,99115689635","45406,36625880366","43605,689636761774","29875,916895010723","145608,64770740486","115224,71597732196","108186,24735568583","106072,46883560832","47759,82773757033","48645,40550926794","92435,59448432672","92831,1586136845","92831,1586136845","66039,19897807851","163344,84543775034","163622,643136665","163622,643136665","80139,2360400108","79593,36270796409","83831,88491574027","150778,50200773956","151473,89300861297","151161,714455515","113291,64143580395","117653,24775170193","113231,84196826257","117489,75515634254","115716,39546200719","150979,20914855483","150207,92504545045","145340,66164657898","148586,6565442212","148151,11592587712","145369,70473625985","150934,86509698437","146507,05654614785","143007,11775716193","146093,24124498924","148834,78099641184","21048,147267027292","22600,863781867432","133297,7452100125","169134,97255574266","164623,00879713622","160275,46713264822","161342,13244929517","160177,63682775354","161664,56419880487","165774,35828648703","164947,11687885824","59965,049553929086","142424,31914179015","142562,53192203975","142244,26195582256","73660,3171966063","78210,25385545078","73660,3171966063","86980,25258730346","86634,99507405302","85257,29354367388","19051,027884155636","14300,062185818757","10966,253936221625","72837,76634078413","104788,13179720774","104189,75057576789","62024,287415289844","61229,813823649034","61690,34993238309","40115,40629272083","33819,17614247906","36577,52868606581","47225,58916603029","146770,3898981205","138616,47458402434","148727,59445763336","145398,11441033537","147881,72409154542","147942,45453727437","139245,35752403698","58245,45281905157","165440,43985406315","164175,45651226002","69169,85525728793","68740,86522666278","165410,40467369335","165410,40467369335","25372,286010037486","105625,47747401182","106975,7513602034","104803,87996018045","54208,5488743712","55334,55842710061","78427,19072388756","78427,19072388756","62161,11513343275","54418,15400453167","139189,93525260547","27019,948869409003","27874,598291480284","28609,156752463372","93928,27140647503","123688,57870113077","85584,25585594526","93691,80880158624","125417,15639210971","116077,15255573421","129060,29374761213","124410,44604684196"
836077,"62734,97659684936","61612,70423928802","92283,9783407609","90672,80791234346","90057,72075098488","35885,8538054729","25608,158693510013","23708,537138493208","81447,6719682486","85300,56615557613","35384,73299716794","39156,08002970117","38130,798086413975","69231,18852554268","119916,76561123601","119281,18285749244","52406,212069558496","198552,1364303972","67039,26097242974","67123,25361290119","140561,33553440924","129909,97963956856","130465,98683341121","129860,38278673052","132745,18683580388","139275,76027889698","54616,903432992236","22342,876946345925","152269,90833066512","152120,0845612757","148846,81737561733","149453,06392706267","151188,55496928023","152579,34038244915","149744,46796730006","58078,19822978364","21930,32291490577","19581,142725007176","31895,813558740963","19581,142725007176","53935,22277062618","141500,9480801467","144562,4257538449","139792,71532689387","138493,1108916586","51145,58659678887","62160,83161932442","57893,81009012768","41076,88175937887","47317,84631507505","47257,220852766164","50561,971140691814","52616,46077760465","47557,35083051411","47995,419175663235","46105,073007353894","44249,15666755865","92376,40379275725","91386,5599541986","51193,470878941866","52205,136452542334","51960,97340520743","52182,769098095014","72269,96604610835","71771,71670600212","24160,555226216766","98063,74558444401","107823,87971750778","108722,77536899575","87267,17141825325","44096,44547296278","45743,987644918474","42466,0459851636","123896,64086777304","121920,51618403068","180640,46705948364","179239,22191668782","180510,82085247876","81845,80614840139","84709,40993537786","84709,40993537786","88992,83997055162","13650,427198595075","171038,5913958267","168651,79704099175","163096,7640363759","165841,08182302644","177270,27094784414","184528,8953265538","38687,895312605375","89552,40443518477","89270,28542051172","111967,52430427905","76109,720572223","69947,5959033787","29685,19754487276","2381,3355165237695","0,0","58710,363048880616","27706,373569097956","120710,02658545686","120725,00498357763","150980,69380679756","38867,404105091315","49306,289463515735","36041,92711103498","47970,59290875444","125637,14104116404","133872,09579354283","134056,39279929193","146827,530235855","149119,33697536745","147434,70482977317","124779,77567234969","62408,222994316515","60801,051568759445","63803,33533520356","63108,96042797191","61254,48111870006","41101,60105757841","39277,71580350416","13518,852010099037","13518,852010099037","102652,46598127215","174555,61424594143","171367,7870171531","169228,17138704724","165156,2484296011","164552,7022220657","103929,6414365004","104571,51235038727","99275,9961476252","104835,24284553576","156753,4613406222","155559,70846791385","155559,70846791385","152179,35961136813","155327,7812497094","157396,47817628062","150144,8011255102","154304,32993719436","149360,43406974882","159470,7190276531","157930,09956377285","160019,358628629","156014,76895867952","152243,88386612656","155961,4781857731","151680,20222506352","157104,8686010798","161015,8551652751","148079,271708058","152034,83927362828","156027,10326392384","155559,7454779441","158169,95530315422","154091,83357422205","159206,45683748543","153533,4115940339","159661,1697836523","156322,53908691558","152206,83207787495","87889,444689739","76753,55965768953","87349,03407043786","111382,75946536168","106533,02053552112","111065,7171954081","98193,8688869014","104836,30463529566","64515,39996666823","53091,32119106965","68198,84917952542","84887,77181243521","83240,04337733005","101385,21370588023","208316,43499550933","27353,142351419552","27382,28343183937","41314,01703244319","43147,41980907053","41563,66524295644","30564,32554819251","144012,26425505854","115733,31300237193","106420,86057350246","104325,03838427491","45379,04617983645","46265,75936225254","90293,70372261884","90684,85586947492","90684,85586947492","66708,0013003816","161914,0374627566","162205,80230255856","162205,80230255856","78001,16229866013","77443,05681737681","82684,47904972875","149474,65021752226","150167,05722984707","149850,86086416448","112596,03865800584","116992,17463734419","112569,74455549015","116833,17644928061","115055,61059814354","150757,97011464194","149972,4637761665","145073,6573396342","148210,01131043638","147783,1864459313","145165,94651472868","150703,5713867473","146091,84827291564","142627,55320389124","145958,39888331655","148616,16153831934","19686,600672163164","21170,997338697696","131765,33203978906","168680,90443597588","164219,08859975985","159795,1295134575","160964,462111691","159690,0735277065","161219,71359828566","165335,2338170955","164481,26258209813","60046,384084289406","141558,24585523186","141711,77234151468","141544,29428565493","71808,66277665348","76504,2968886017","71808,66277665348","84870,21157679084","84529,65470054287","83156,41474254873","21137,675082143855","16668,955001332743","13307,857820062276","71141,94421300113","103252,53366851698","102736,8049649721","59976,14562326663","59187,9755425518","59659,77872029558","38306,788841082016","31745,74676706528","35752,21652175264","46301,77951527875","146118,66211764686","137872,60904449614","148187,91334751868","144757,78725158877","147302,1306708199","147371,08860258895","138665,91833866786","59415,14995392399","164874,19367749966","163622,40239516724","69915,39149501226","69454,40306327508","164172,9512512241","164172,9512512241","26557,36433275371","106640,18868893186","107973,59789268517","105788,19382218724","51944,30022432549","53091,32119107082","79311,10639429887","79311,10639429887","62876,46534213405","55435,23539225454","137918,96180898292","24673,590247932963","25494,42701654663","26230,81427821474","92445,81833377444","122681,6067127704","85983,27479857906","94266,214483238","125533,2402737951","116401,78340193587","129422,70004296718","124545,85868832907"
936107,"119071,52032549762","117708,2671064565","147827,33439574676","145877,9939980359","145397,00922946306","94589,12751154433","83791,41194358934","81526,4066900482","133246,72098903544","139838,98118946573","88977,50938433946","94873,50443475739","94813,1005974435","127898,14752116562","178396,54853360142","177843,37603767816","108415,4762152001","219306,88956467353","109868,4656562617","109238,06140075035","193210,45496953905","182481,81167751685","182562,2094633843","182068,8900258935","184931,78590960868","190066,50215309486","41895,94869040075","46906,38235563976","207900,59820444844","208331,08946581924","204421,42282958736","204897,37571094913","206510,04952914477","208005,72565160703","205227,83940721574","116309,30051737718","38197,525403085434","40928,06368358904","37709,15130631597","40928,06368358904","47011,47755620678","199870,30317325768","202467,4504302432","198006,74099773113","196644,73075041448","109111,18205920052","119313,20478108256","116437,6934005031","99379,27097019585","104767,97355836978","104274,00889818122","108416,62335454526","110746,92462894166","96350,29720295353","97232,70827278616","95559,32065659542","97445,5066895059","149037,5340089669","148044,28381492136","14842,598772436846","14058,73155170982","12987,273925881833","15391,008488142104","125929,25167532856","125593,28307028161","80507,17126092942","152399,75435012204","160330,63661177666","161198,9035160805","143371,09979604027","26558,835867457215","26880,90240423016","26363,70747402207","181481,88453879728","179449,2612718866","238894,31740069675","237432,63622436015","238784,5938254644","139922,5857461093","142507,95640816912","142507,95640816912","45157,59165454772","67861,09895276897","227081,0765364075","225552,63782457943","220767,0389558369","222172,12411803196","235749,1851453584","243220,51045926573","85621,50024173112","127636,07307221278","127294,56351890083","170595,3404705193","128460,55684555387","118394,6368421582","47278,34248970525","57407,18011647819","58710,363048880616","0,0","81213,17906119133","179359,8737814228","179407,3814722395","209472,4289495828","82090,87564646175","84187,77918040327","80784,8353780922","81655,84128956831","181696,56413515797","189075,93379291316","189268,25455880465","205358,01903839418","207541,33097109193","205839,4330709675","183146,8229323946","109603,07619800052","107348,5187759317","110591,38227445395","109787,27824265555","108128,68390891922","18638,097707930603","20275,323830594305","69984,04212978359","69984,04212978359","161268,80585385548","230596,0698734294","226809,5395474277","224336,62617602482","220698,38895713064","219910,14047442586","161078,47017490628","161799,5003435211","154544,5075868758","162096,78790085358","212144,78801209116","210221,02053538407","210221,02053538407","206030,98185650166","209552,8255364652","212389,285127808","205394,93158855633","209519,35136851436","203301,24485232116","214056,15426122776","213128,21118232558","214932,5565414475","211273,66882023928","206017,6732994344","210981,07960355567","205807,21818704339","211369,70029370798","215845,33514273312","202141,29120753962","207110,046523204","209894,34775833302","210802,7580109097","212636,91977661022","208645,29827350582","214395,75208037623","207984,99998225764","213978,88124217823","210460,24712290568","206349,6592636808","138623,00691588712","128233,7114506504","139319,35576946777","155092,8034944366","151836,3439578986","154977,4586212796","143630,9549056644","149563,73104692527","122465,7433498778","111783,34887322331","30992,875890998617","133872,9475575653","133278,0537939177","157614,22047534853","224519,3173311963","68720,68020939056","68299,28670662564","94331,25906182536","96747,67022677364","98139,16424046665","30295,473818947765","202356,9974580907","161548,22100596395","164119,22041640186","162127,07264317732","91649,05744137701","91987,44256472797","144286,03091237217","144590,13612911248","144590,13612911248","20017,6539031796","220585,40625914262","220889,45020823524","220889,45020823524","132345,76374261265","131597,24014322055","75905,98215723751","208173,48683255294","208867,34453831404","208552,92533309796","169459,23483315995","173648,9866697681","169253,83748341928","173465,83702929376","171720,19554921758","203999,86586704315","203347,85101601353","198766,09925562772","202779,17259337957","202286,46628527518","198302,64175374247","204035,64260284367","200972,9415963328","197258,55755254894","198451,41580854286","201853,80882699438","53878,00344864366","54634,73328590902","190288,46251666604","223731,13386574623","218904,63611410963","215083,84218114975","215460,03405153443","215031,85401817705","216237,49982179978","220288,21818054112","219640,311704566","31825,59119298531","199156,19429295554","199242,17073309072","198319,71974575976","88374,83003335675","87356,31040829503","88374,83003335675","108263,50493591474","107779,22316028317","106438,3218336501","59946,3555052988","49775,5700900893","54517,8743281208","129304,0353625233","161790,83163654778","161398,69441195636","86030,09184921015","85235,91941093735","85201,8411633571","65740,80943053821","68501,23993855959","93634,28414799021","104378,72436007328","202600,89021247943","194895,63535466834","203949,73936257267","201176,860061387","203331,85865573934","203347,06484755655","194733,8241178829","99858,29829311665","220744,27474315526","219407,84324694864","115055,60156773026","115029,9958077752","222815,77671607773","222815,77671607773","32184,248789024903","145216,8837469279","146761,833807477","144934,13426765084","88299,90229095092","88241,40781817083","24769,32033423554","24769,32033423554","17047,38202048593","8381,668110118722","196595,66885156278","78003,60377269053","75470,16457201722","75686,75450906526","151078,48563941772","180829,92204441817","134277,96325442544","140076,1087944673","175785,94176059554","164504,27237334332","176728,85299709605","174609,30300393875"
835124,"37971,692315003056","36550,56055916279","85395,66665506382","84509,54042964504","83701,62857365151","23797,99528049476","25465,485430183453","26555,184084607445","53995,68631098366","58942,04868210671","7942,30496181376","13965,985139738428","14921,498383598751","51187,25547073743","103931,41284654505","102794,85661863515","27312,150222802447","213757,57972832385","77398,4917103802","78012,48291680795","113583,22593063423","102876,80979142954","103297,24221462883","102720,38815681948","105607,80868130722","111845,96742595277","82323,10361352644","49995,84190987744","126805,18899739305","127131,57996714622","123336,78636100408","123849,86890122337","125502,65267613201","126967,48282475765","124169,37033074885","37796,69784117608","43195,17381510241","40470,813236719834","46187,739607848824","40470,813236719834","81536,08958063682","120063,83730336618","121860,94504691903","117869,87428583592","116404,1390665813","42574,707882477225","54605,84054684545","44922,630644863304","33175,711221479025","41536,07365863311","42851,32248935369","42572,584935801606","43014,697833034035","20373,45203164798","20640,04163237003","18768,008830216615","16810,520929922386","67891,2919874856","66899,90221642682","70426,07912700044","71523,61106115443","71695,22639759004","71046,79454861594","45359,89914834863","44935,48399076164","6736,359153037429","71645,226799366","80690,89767595846","81584,35011150599","79657,32466414406","70985,32710393531","72719,55814481222","69257,37254546412","100660,00630128436","98593,19248853094","158656,5852028552","157094,94889984734","158584,46614517315","60140,52564988917","62212,50825138119","62212,50825138119","115861,51029548535","32065,193624839085","145913,07219103997","144365,08487527602","139894,8148401354","140966,8079495336","156064,45879934155","164729,7564589982","14034,653721097511","100625,95016707717","100408,4560675744","95130,54115099898","48756,25913009866","42317,80768757483","57167,11656430714","27443,184294343366","27706,373569097956","81213,17906119133","0,0","100987,13450514837","101380,50910216031","134351,33191462574","17659,167024724942","30988,1221509611","14734,687764549266","31050,55995184541","100499,00939279527","108080,16752183743","108270,17169506426","126031,76625549412","127829,89772206396","126089,64366314371","109256,01940109165","35119,225308084555","33743,20045365508","36578,09355053397","35933,4574899137","34084,974819072064","62597,018744903406","60937,85820863988","14330,310330372868","14330,310330372868","86182,06556912698","149430,328158711","145787,91435636245","143427,41923408143","139640,34201282903","138907,89803883145","80068,05873671714","80826,83882563845","73456,58538205836","81141,46221338704","131122,4456016935","129474,9582567023","129474,9582567023","125684,73990773814","129014,3223345821","131507,9407895135","124409,52616418441","128551,78035470546","122899,84634858125","133351,03195880353","132171,53179054143","134086,79205081277","130293,43567151754","125715,1820313622","130087,21444386318","125311,76563639753","130814,49375998949","135035,61118398892","121672,1931489611","126189,22437575577","129547,55165687385","129827,30696894079","131984,77877392987","127945,36064085423","133443,91138760946","127331,64985107418","133401,97632817773","129968,59954857304","125847,08859843123","60290,29904477836","49211,66986027608","59970,04925524971","84053,75844415971","79013,65889493865","83707,56870115445","70712,78363064725","77404,43962564437","42899,46475652676","36904,05103691","95139,71917166018","87499,0895132641","84871,99077095746","92612,77887033529","225196,84724832082","17743,612997905206","18243,314469591463","46614,35871460258","46992,00961326392","39942,284428238374","56574,369408730636","128202,88974297486","88120,5403613524","93882,65150590467","91554,51627730727","57152,86582250324","58291,36946768909","86143,83224167844","86636,24046096306","86636,24046096306","92397,50783219714","143816,79470604437","143943,36081565058","143943,36081565058","74412,48623272606","74220,64825123838","109220,10580782175","130069,08025717858","130787,03012335749","130516,68612429396","88319,19464982826","92460,67569396923","88074,8087445444","92274,27719371457","90535,05700404453","124010,74738298917","123274,47505886886","118493,4763278134","122060,9913364255","121597,70189264655","118366,18950001233","123990,50645055418","120117,20226692948","116501,59819247364","118945,92078810795","121862,26811417443","46446,745256093134","47687,75728420781","115272,01331699472","142843,39735737248","138162,11966289184","134098,4997393834","134799,24523164262","134028,8796769894","135352,07765254987","139434,199065018","138706,30467075942","87344,88931167021","118284,53554907838","118324,29279438926","117128,92645897974","94327,01917010787","100176,94924069368","94327,01917010787","103859,42624958917","103604,86647852596","102338,23250460731","22930,495455652766","31482,48719188958","26705,172247086666","59042,80308571228","87371,76563451259","85783,96763657762","80642,54675078158","79966,82021493452","80565,37177582666","62237,81234343903","53755,0983886804","16892,445411240376","26375,910296099333","121387,78084769013","113759,38792408987","122819,1708913408","119963,94800930412","122151,73933688249","122175,18383085057","113543,25799319266","35173,54295149921","139604,6742003509","138285,70718623186","42952,767686287894","42385,47744522438","143966,58211967876","143966,58211967876","50845,79546057809","80553,15258376817","81796,52837458561","79559,16455614983","69162,74927632668","70747,19441712316","103969,05923592846","103969,05923592846","88411,85735545191","79691,87396328183","118279,23256535172","36616,53920369436","40978,54018104077","41867,99774774772","76172,68386049513","100683,91259766223","58293,44038675653","66764,74036405922","97988,16775307314","88696,22223407433","101717,54214792409","96974,56939593835"
735100,"65060,81837547347","66776,03567665072","57347,7138141051","59843,687453754545","59306,10785273211","84847,34191092334","96530,6959520985","99094,66588013328","69292,85737732661","56382,34885767892","94434,25324131464","87155,5863060353","86161,37477257483","51479,60944745101","19670,514762938736","17102,846290919533","74848,40802414641","214128,3003478254","106533,17592524947","108068,45109731107","66019,9478507698","62425,31912621897","65145,89639861457","64365,92694973867","65417,2544276928","74963,54082792025","166282,3854929777","137393,59687819262","54240,31244133387","50078,534461072784","52426,85638775948","53696,670784021575","55612,23294450966","55814,411801111186","53613,16541695132","63511,54236451226","141551,01931232226","138879,88649225212","146918,9256531956","138879,88649225212","162896,98159556134","22868,047576401375","30267,681106274544","23055,87058940435","22713,554758364295","73150,76563486698","66945,05704174799","64260,66873525801","81386,26416207122","78373,23924319303","79788,5607881872","74092,56843024358","71156,96387882989","94900,05747163076","93744,09369073203","94479,2948369762","88128,97238962556","41108,8081203631","41756,76709900623","170402,68718059824","171480,28606234648","171477,6698346758","171171,47127218274","67261,23621733014","66997,94095623911","99804,63121717732","52053,44578270228","59889,95436649543","60005,88297230647","56016,36766938952","162437,08011782038","163774,73876178014","161109,68126866137","22515,722397840025","22932,85237771757","61329,81328690776","60263,077835756885","61104,72849811926","41185,40237780132","40065,1624885307","40065,1624885307","205364,54797480188","113609,29568276212","65684,3153922827","58325,453059680985","48240,44602515815","59651,34033570456","56978,45579929647","63939,84334851006","103571,26521206685","117258,09987968008","117354,49898199417","16538,602489492303","69728,72866801266","84455,8741474638","141653,19616295735","121953,05173008732","120710,02658545686","179359,8737814228","100987,13450514837","0,0","2138,327837442544","36946,81528810956","109301,15209218934","117791,57636222683","108528,83765804229","119800,2805791152","38264,53054971909","47414,025922495704","47427,76665468321","26584,612183786703","29589,567096478248","28109,247070579404","23218,870725024546","90742,01471384181","92922,93226273463","91130,14989589929","91669,02198090797","91983,28282212748","161316,69012711968","159529,8609370389","109735,11393402352","109735,11393402352","22880,790542638704","68615,69371195354","69497,76456128819","69745,78371346391","64051,45809341657","64716,047079582924","31021,34836578936","30015,17585514642","46346,44342621809","29586,263925431704","58859,07498391348","62614,06686394578","62614,06686394578","65307,33775362006","65070,24621234496","61809,03689813407","55429,215228420006","58330,60273323409","63142,71952679493","65683,8647321226","60899,94546803045","64107,71974600421","59198,684553014755","65794,84273880157","60672,71679750585","63395,575365709126","65983,67320242675","65309,74158311276","61699,20853107717","57757,99650710304","67582,79155806644","58991,48027391782","65502,559787488215","62323,55956497256","61848,20935723086","62588,022200075866","67377,00158594488","66216,42738797056","63618,53397683829","71028,13422408211","72414,94446742153","66435,3563083201","94778,23936299159","88873,5335402321","94072,74087518068","87978,29968216944","90596,59513374566","58093,63702530137","67635,9714858529","185168,35136563668","87350,2072775355","84040,5749440814","50139,341743609126","231080,89304005486","117796,19645294137","118312,69047005591","94558,57041512882","91985,98936479357","85879,69433723476","150737,5908248348","33975,649815854595","88489,54713885863","35406,75559380439","34893,18763065399","105827,2621609569","106467,55517717153","66294,65962701006","66617,50138110647","66617,50138110647","186193,4779702986","43416,08707784849","43386,41475143146","43386,41475143146","69099,68573163234","70160,97007443802","177954,8132858818","29083,421786320792","29800,43507329245","29529,807809150883","30677,651202519704","32115,955643282206","32325,407384886126","32344,864433889306","32169,667465267987","67937,43914511174","66746,79307209744","62279,00713176866","58663,917344129535","58832,6715578084","65515,88384162516","67403,82446802879","55466,31912957222","55247,111509521616","69437,33620726486","66767,43525297145","130811,52970564661","130960,80377295177","22046,951120140864","69660,51113398954","68441,98663193751","61648,28462429158","67238,42662365292","61242,0399857226","64325,43058769672","67704,4831965191","65854,25067912295","176036,64921714299","31062,335166304547","31845,47858888788","38734,60603464371","149368,11564436476","157650,10288732033","149368,11564436476","143882,11360865482","144002,48521203583","143546,57394996917","123909,61149755542","131291,32888541566","126192,43978927523","54309,46492073814","24276,904419045048","21518,24506068563","135037,0480083557","134971,05187773597","135671,97891425935","133273,40371975297","124554,70244566577","86150,9927581573","75433,48045177784","44008,96508465545","34363,963234275434","50705,45988352711","43649,558941125106","48213,87330919298","48652,113257408986","43018,12799816706","106003,25907775645","61806,782467307974","61371,447459003924","92980,19093328645","92054,3410986578","43462,98959463493","43462,98959463493","147263,27515855682","108814,8230386391","108529,21845334457","107127,79648735072","120607,59542015634","122290,69584407682","199507,61211701934","199507,61211701934","182609,33006928992","176023,76506698868","17316,369244152724","106065,78814296033","110573,456143217","110849,00828553953","31023,20900043344","13880,245457592744","79978,1542542496","86875,74443667335","72801,65204438003","80033,91740826398","86470,84437547559","73415,73469370294"
735144,"65777,7133033935","67502,19087019183","55785,662714972466","58306,321487580535","57788,91432851597","84843,08502197768","96383,36860239132","98923,39964070021","70694,67328546128","57768,55873198074","94925,04389518945","87595,51944238892","86520,5057500564","51511,18448105497","17549,466887949875","14992,911548583377","75438,2130215343","212174,4959031245","105362,05232970725","106898,2877328798","68155,67496198123","64551,681439926506","67270,27584680101","66489,07137137056","67549,00027173142","77099,70107859187","165839,90417821138","137159,7520160247","56176,830297090324","51941,64318151921","54410,54082539847","55684,82864024873","57591,459321487135","57768,150169740635","55594,56038301078","63788,52721736021","141674,7842848324","139012,8288497215","147221,45293965781","139012,8288497215","162397,65511020526","23911,221269018628","31746,990594472092","24408,350404453828","24191,831717038673","72751,0562388839","66240,93607105245","63980,52616676731","81154,42186400345","77935,48512433328","79300,61825717681","73678,0791742544","70777,87491741481","95701,10335915152","94545,46099963688","95243,83088532236","88763,00483562778","42480,241325551164","43098,11093445774","170595,3404705185","171670,0685610928","171651,40363628752","171378,28322518754","68393,82399170574","68110,97555153082","100058,87780616006","53761,5645652254","61803,4616524569","61933,17602645812","54613,47789674839","162229,60330650932","163550,36831131816","160919,38933447248","24651,77250327841","25069,30364311241","61923,10695368981","60921,01692938142","61680,09767884358","41813,69925755162","40893,150185194376","40893,150185194376","205000,11155194734","113412,6961806375","67319,22266263569","59779,20199683638","49458,50256056723","61292,93791715789","57334,6829870308","63816,887378543266","104242,67811159311","115775,08843648038","115875,91798721942","14842,598772435449","70999,8473954679","85680,78812554714","141322,12819340537","122003,6242341355","120725,00498357763","179407,3814722395","101380,50910216031","2138,327837442544","0,0","35621,01401834561","109998,6703658545","118667,7436969454","109170,94311072654","120648,43109309819","40402,009165268","49543,19788927909","49556,11014253975","27109,37761335181","30325,67491176384","28914,91025945315","21088,845756084545","91836,71887416884","93993,6215690195","92254,83606706151","92781,64337648296","93059,47991437775","161424,2922845243","159632,32677308496","109898,44848176192","109898,44848176192","21740,42373168976","70209,7863154144","71231,60690407085","71548,13211373854","65841,1801751884","66537,8786851707","32704,32676141363","31708,50595925121","48050,812900139856","31283,610169460888","60767,470668619164","64600,61323056699","64600,61323056699","67367,33166480997","67087,34956971733","63750,09794353055","57425,75664649866","60284,72830230573","65218,37618539487","67638,86270882322","62815,35117205956","66028,67220417608","61129,458081522636","67857,62118094678","62626,530824653084","65446,93179312652","67983,24369484409","67228,29851547495","63778,873412936126","59748,36064621866","69613,90922268535","60928,9500938945","67478,82601093854","64331,15036255523","63750,28765903972","64606,95371409692","69350,50054630246","68230,38503767876","65665,11843470878","72581,22764950107","73724,59631880898","67959,69242867235","96649,34506314939","90707,01171254707","95942,83938720236","89701,33091456437","92402,86954711242","58522,56464875997","67633,77354595935","184858,80502498822","85857,29778497572","82578,90112720062","48383,65761898908","229161,3671971105","118295,22243118941","118811,98753760378","93944,0350824664","91359,24191206174","85427,90588270851","150658,39593371324","32312,41232045381","90431,38215292459","33605,256491121996","33175,635184464794","105045,97446503949","105667,86496934397","64731,52963659735","65044,3310948573","65044,3310948573","186020,42156487","42686,82017376527","42714,61836231248","42714,61836231248","67820,53267848435","68886,69978665402","177109,7673020948","28813,37680223002","29518,747650167104","29224,17717420131","32662,04154891264","34191,18062409786","34313,82709794117","34417,50578706583","34211,24920012273","70027,6700144767","68837,43830158122","64386,91861044405","60721,22582266355","60896,448658296715","67634,42969167813","69491,69964977991","57525,68598184911","57342,95227559681","71562,56854935174","68868,85043775018","130537,90656378609","130659,81614660585","20142,744822094","71475,7566891187","70341,94725172812","63532,846268504894","69186,45900190015","63121,745951244084","66223,40648034215","69565,86007286026","67701,37244727073","175704,20665012836","32799,63819980336","33605,290054883444","40683,05580558266","148360,0155165982","156650,54566565732","148360,0155165982","142629,76889389567","142756,00584433283","142316,46210490234","124287,56772296634","131523,08470462373","126416,2536767234","53678,14007393979","22962,066009144775","20514,472142302006","134097,44332690377","134043,58615792225","134741,96185113877","132681,59349802803","124023,10994489912","86365,18592405322","75676,31115215829","45924,29890386443","36341,76900067986","52679,441231193254","45595,82305157255","50171,03996142555","50614,363691698","45081,60547723164","107068,41292118645","63549,19803416873","63143,35471642231","94227,74681737921","93291,85311420755","43523,819578122784","43523,819578122784","147282,33663368237","110572,60048946737","110304,11032008148","108882,83327196167","119720,7174450763","121391,06692444257","199390,97665267836","199390,97665267836","182458,9147972593","175978,98186118665","17197,716510018465","105709,01962399832","110158,7318239038","110418,0826354438","30315,076645938138","16012,044881102518","81509,98169496754","88542,62178069317","74881,38954721436","82010,59565784266","88539,84491134912","75486,53466905118"
735145,"100441,23693217633","102184,86087076024","69670,25714664136","72322,57362473238","72260,7276711866","115473,06338356492","125681,03160139176","127972,49293271542","106238,03458241092","93329,1583169351","128455,67702484093","120929,42558331751","119438,27122762572","83248,86380107465","31076,105883146127","31762,73311677659","109562,81068250079","207161,4754615017","122367,37770906193","123858,01597434362","92968,80468918872","92567,92946364691","95333,22421522818","94669,65262019607","94944,77830186982","103483,50145967369","191287,51020130562","165074,50227412017","72670,2569623627","67029,04286736042","72553,4601290534","73817,64461801415","75216,77032029416","74579,59005850165","73521,72796946086","96583,39330957354","172578,34891812445","170004,42270235356","179348,94895148894","170004,42270235356","187244,14817473703","34851,85683066249","44366,19663079308","38841,13199502992","40390,027959872474","100504,24404088024","91328,34411902318","93088,1370642793","110093,6868168583","105148,44355648299","105983,6369060514","101262,46285904355","98789,77128435264","130505,7015164305","129354,60864356633","129927,12825546005","122980,7662347365","78053,37422033778","78692,64912734619","201839,99719823766","202888,35616053466","202750,34675583823","202723,0826800515","103950,86743052918","103648,47532521457","132220,31561761658","88471,33217932939","94937,65004139232","94911,56936086857","71536,44951926706","190139,1565401931","191285,28980600936","189004,28583509877","53573,513766246266","55026,953083776105","50128,72144399294","50442,570810299745","49623,53324764356","76435,62418603702","76038,79042477264","76038,79042477264","230970,27240699154","141993,86440327668","74742,73995939096","64378,11133004997","51661,47378366818","69685,05650328237","42463,76207618623","40012,45034014065","138540,55664996317","126619,34298726467","126808,83747282454","39296,75638770418","106620,73141455054","121293,81290391876","168234,1771471249","152521,81529804796","150980,69380679756","209472,4289495828","134351,33191462574","36946,81528810956","35621,01401834561","0,0","144381,04366230365","153656,55692886718","143325,9133321895","155547,17429546145","68520,17772270227","74718,68256014194","74649,78917372413","29188,195463201242","32811,25483396835","33303,21271198539","26510,914537885506","127334,6453753285","129455,18828955574","127790,11810398269","128302,27425568778","128530,11901514688","192073,96907604608","190252,89557017054","141361,46714953997","141361,46714953997","48479,7015771398","76347,81079237859","80562,0133834939","82597,99992378034","77180,49702678346","78631,74186730564","67653,1892523906","66628,50020582753","82810,07177996502","66192,74218463995","75892,67604678827","81737,40812512513","81737,40812512513","87059,81438391123","85080,01834906216","79512,9735314292","75634,33266295068","76820,26444118527","85791,94884796553","83455,46988841586","77911,53619226122","80950,34510528123","76865,06283900511","87636,28815819773","78900,22035905831","84921,3033366423","85264,40984333101","81958,70082919972","84657,28179496921","77499,67032871173","87935,50980970693","76886,7423886313","84004,12080114837","82221,98146866859","78357,99948358338","82883,56043032529","85617,45363423227","86010,52501988974","84923,95093959045","107825,34966038387","109337,94696080778","103284,59427042972","129929,2688610457","124383,38735294025","129237,3881103999","124188,51717102678","126301,84939925256","92147,63552888365","98664,66538794269","211560,68495213572","98098,639412146","95675,54087765531","59349,29024097331","225272,78928065786","151727,94765372964","152243,54105485106","118813,61601475444","116178,38370342726","112255,47495338459","179843,63770954733","8311,893030793684","122905,61367790122","47493,13115356712","48959,02471449264","127607,8235287302","127978,76225970485","77435,97587483164","77505,43127271994","77505,43127271994","214078,10675219962","14321,926882217364","15307,268168443868","15307,268168443868","85328,95427251802","86380,31126573042","197374,85881201073","18842,38626279369","18612,609561385354","18307,679143245794","65666,48994787244","65706,42443019447","67209,04552189654","65976,22201049037","66366,84893708941","90996,86388867692","89908,86724762798","86776,69449153","80850,63491886244","81286,40937015125","90563,03389352877","90370,31831398593","78039,08388690959","79574,54894187907","94843,76304508228","90552,82624182409","158157,1623630162","158011,9740113288","19232,09732733213","82875,20965998853","84221,0931127161","77667,29982517342","84639,34780798804","77166,99998100109","80450,17907010508","82414,43649886925","80347,77643527159","202242,39499090848","49430,54712847675","50406,011333212344","59914,63733018693","166700,37324578146","174963,13395152288","166700,37324578146","157068,53288058558","157296,25577836586","157157,25461321606","157013,44971030543","163271,47685197383","158147,61837973166","80300,35485940603","47733,69741421566","48656,56299662068","153759,4241193234","153881,10345976191","154527,15242025082","156888,24784293267","149074,99509094705","118439,3568687779","108078,43769329738","63342,54325517765","57203,52995426984","70739,19767385178","63895,20925001714","68072,60860749842","68601,5946637564","67167,10030648384","142511,8044674295","73989,7474096056","74360,77983531973","129846,49441413232","128908,27165400701","28080,486028202427","28080,486028202427","177324,35765634727","144775,73648090224","144383,01686870586","143109,74593448784","140479,162788114","141929,63250044937","227901,3756371126","227901,3756371126","210755,7488571039","205278,74932333903","24303,90983654083","132941,20040864358","136725,2718148638","136814,36871630972","58688,6012296187","46296,61588614147","116804,58842452656","123332,5378476641","104769,1027775981","114055,75913496735","118491,14268210188","105636,34605037657"
835187,"44241,259371682994","42531,19286171664","100851,12986587027","100197,11511699298","99347,62595023241","40561,17770933803","43058,39976847501","43978,40002964374","51796,384150980666","60209,59734860198","18146,700287707357","25413,632407499987","28213,06214153885","62825,68962819398","114892,42209849079","113460,21468631856","34840,30482424519","231153,56319549444","94986,13806221135","95571,64148042479","111423,29405744838","100729,72661980343","100674,79796267512","100212,36399141433","103055,74319860915","107981,75203464451","91529,36444471097","60453,05657640743","127850,45635666807","128967,96067005131","124355,27226425587","124692,55594621187","126167,92372588627","127746,97238711064","125058,05944805624","49001,94319449952","46725,58519045202","44303,74333477021","44528,09434549759","44303,74333477021","91700,53186261542","126412,21152842502","126834,42418567742","123763,76583690976","122150,6030530889","58856,70251493123","70650,54424246644","59647,94692578","50100,041677594665","58457,27366276936","59950,90033809262","58996,35527667372","58998,83053194279","15292,096573764235","16376,576409195884","15175,178842016127","21427,097643177043","72150,08201609549","71206,55318308252","69230,8048673438","70314,34298705647","70795,90151134746","69525,69549059193","46122,74114289987","45977,00218901461","24293,078839527887","72118,66327787098","78741,2085327221","79587,57935641611","95000,29735000899","77514,37422835347","79350,35063540848","75679,34155789639","105443,6210808515","103317,61944255995","163911,89815555376","162197,3481596083","163900,74271881924","68196,78707807571","69315,2414896912","69315,2414896912","121292,8430113294","47145,97346042152","147278,4740883287","147011,36035925703","144006,24495961843","142790,48125440342","162133,69889138057","171994,24427033964","5905,613265885411","118230,72957576472","118009,72980338545","105743,93318732097","47459,85896824616","36317,11244633765","68056,08394107866","37628,18483777102","38867,404105091315","82090,87564646175","17659,167024724942","109301,15209218934","109998,6703658545","144381,04366230365","0,0","13353,19892455846","3086,6279003843392","13678,015654145236","102600,71722368807","108848,11623795681","109045,3134981078","132895,55462131006","134192,35689706978","132425,65814456035","120396,53110515054","27513,800301616244","25285,579716561777","28531,79303257872","27732,164209065355","26046,64151442346","63815,15623937331","62437,881177154886","27995,941112743392","27995,941112743392","97274,66465302401","150756,0829483722","146380,76541066932","143640,40706298544","140420,08654664477","139465,09055915","84680,10381434925","85565,78300039883","75173,99987377223","85935,50926667875","131807,25589466176","129301,96777410082","129301,96777410082","124653,50813042797","128356,17073777916","131701,4223271385","124999,15838560423","129047,44779435497","121989,80511750934","133053,54004444103","132605,28893778738","134159,49226837128","130822,99437420508","124601,20056918715","130328,05434386987","124581,09472296723","130183,49449914935","135001,30873286392","120906,04013861573","126541,55451193551","128499,63811059433","130342,63417294779","131566,9046628755","127664,59163903758","133853,03778626406","126941,64277609742","132805,849793574","129206,53759875707","125128,60338915733","56715,120741403734","46763,335812300116","57815,34011479104","74752,78448517856","70704,97524444705","74530,66995844895","62353,486631629195","68657,93571956895","52391,24818645293","50811,453277936074","101090,02016223302","104857,80672137147","102135,73962266803","107302,40103481048","242352,21680650476","13839,144770312256","14165,699984199053","64262,43072690025","64649,88957705232","57434,715631795596","62557,32439672615","138852,99026790043","80304,58885361854","106959,67007114782","104570,8101384845","74495,01538359345","75619,34382336061","102340,8533709006","102850,77043510489","102850,77043510489","96345,26036225699","152681,09874114388","152681,34089345628","152681,34089345628","90922,41701254636","90810,8513635965","121459,70959727405","138091,3727100321","138819,58926873966","138591,15885779093","92076,41596656844","95724,13804806912","91522,8989045843","95502,21754011915","93870,57296121157","122361,82170706803","121766,98197689092","117359,21640070344","121861,3691157487","121327,37937007396","116655,59495315328","122433,11071780961","120308,59080534389","116440,53628566695","116596,31234509822","120225,80453970113","58552,75271133427","60033,723518951396","125688,3241676876","142993,12936179532","137933,68474534023","134622,14106067346","134387,47168016346","134618,83555100253","135535,35608946963","139501,57015109953","139024,46701269416","94309,45474241844","122647,3802602277","122546,36117915616","120000,47782328923","109492,55562829366","114781,56615743965","109492,55562829366","120315,1862298038","120036,25383020805","118734,54458176333","23093,961264637022","34515,88527575789","31473,52316545422","73383,5329290836","98797,50413286238","96575,55666447851","96449,1744495254","95729,61025305466","96288,90191540388","76477,89296490725","68734,48101608701","32462,020689722027","39452,15007131286","123717,25310566953","117120,21446039737","124093,5228965571","122221,3966858479","123804,91882289166","123752,65542651436","115393,6630704046","20649,823956252818","140809,0190624876","139393,3775325866","33444,056370005135","33277,55415805425","151108,17969863673","151108,17969863673","55582,973375661415","68235,99750364438","69626,70103389773","67496,38228190586","85794,91145526072","87299,65018987907","106285,35738860199","106285,35738860199","92272,39811955603","82375,02550318095","126301,88368297393","53439,598490109165","57359,06705096894","58253,795244185494","87709,93720124583","106868,37126023279","52211,334595942986","58616,88804049484","93695,21333290738","82602,88557684848","95085,84294769067","92519,21530965647"
835188,"53283,468678440906","51536,61269005066","113355,88371856707","112813,24758464869","111946,62697296096","53781,987232705564","56302,39311776467","57113,163290947465","55055,46508772576","65403,370770589245","30984,308674497046","37783,06397815153","40854,46081700332","73829,87710066808","124914,77053865921","123320,9698996464","45136,5523618681","244126,3373991204","108187,62407742869","108743,65373127944","112691,38989160502","102199,83010257824","101782,4171129707","101417,08640329333","104171,10239327024","107985,6450182062","99197,62065774281","69605,45307835944","131262,66526519242","132933,34565632345","127790,82623606866","127997,10618500845","129325,76670579545","130968,4303139026","128391,26775464781","60146,68237232544","52382,238581303915","50347,63096115019","46778,87749234665","50347,63096115019","99997,37849916225","133481,0979351209","132989,46490990894","130561,45792101289","128868,32642658109","71857,46059371006","83515,6254995154","72058,99506843831","63328,1422980712","71665,6315502125","73208,05211778276","72044,7994362035","71894,30203674133","23285,66413727552","24417,81050114603","24123,868661532113","32255,44303921427","78817,275103659","77933,03012287842","70236,77788864281","71264,42237647813","71961,14580500106","70270,94125145934","51853,67284905428","51898,49958062267","37566,188955450445","76273,84734412456","80913,55273297058","81697,8187317082","107470,66604961165","83706,09606453741","85561,42040359377","81850,77174848861","111738,21841179431","109605,4837403455","169958,2126170417","168150,08060527878","169988,73387531698","77226,83464040274","77776,88455454078","77776,88455454078","125922,5082395731","59107,657337644974","150721,21434575634","151371,1268976554","149413,925687151","146603,5990088162","168742,96708830615","179347,85203067504","18298,01784266514","131445,02440804028","131219,8545634647","115639,41798158523","51693,95488504551","38123,44542712644","77258,04156747079","47689,53249677635","49306,289463515735","84187,77918040327","30988,1221509611","117791,57636222683","118667,7436969454","153656,55692886718","13353,19892455846","0,0","16263,541753431939","2625,423776188602","107126,17931738471","112325,1736207733","112524,32772786463","140241,66461179926","141199,58357107054","139430,92533122556","130485,16012070145","29480,408563437042","27001,668066413975","29865,81250216181","29096,00558100019","27963,875847203322","66848,93720793028","65739,95046911873","40089,44652806024","40089,44652806024","107521,97593239216","154139,73296159567","149270,7088428252","146277,879867684","143503,37994989136","142395,8711074799","91242,73786327617","92190,0517017495","80083,46157705573","92586,98319693955","134912,8678161356","131809,06750145284","131809,06750145284","126581,32849320649","130515,610604682","134449,81659755667","128116,6318163909","132047,3673776249","124043,30950403147","135425,2487989288","135519,14427881516","136791,67915071532","133826,91165964017","126467,78138586468","133126,95636250102","126733,95265498891","132341,18222033614","137545,55491251432","123081,39381838334","129467,21612546376","130366,63113933631","133341,72837802191","133866,52025831823","130111,96790040353","136735,04371421607","129317,2239426571","134959,02248229174","131278,38067096073","127283,48196087366","58611,640444097924","50225,2872157426","60727,31629419133","70928,98354433801","67931,33809800333","70829,02171225967","59888,646544478404","65563,00735828909","62642,44492259234","63016,42204397008","106379,70285339086","118164,43098832155","115413,43538908732","119408,6763415134","255099,49899438897","22016,662253126677","22051,158769121692","77548,71784942404","77976,31363926025","70781,40011287911","68890,80633337921","148538,70551053205","77652,74507989567","118222,78996115176","115815,51669335387","87507,22992833891","88619,40142661733","115185,86132824555","115702,71389781135","115702,71389781135","100310,94945978174","161178,8388142919","161098,4474509802","161098,4474509802","103922,4905470317","103843,95950506722","130833,3832889586","146143,90430982114","146873,46029551435","146673,46074432542","97924,35898209436","101170,76375106542","97176,68099066222","100929,18228439311","99401,66062355382","123855,56259033518","123375,57140313672","119310,22481035315","124442,75178790475","123863,89210456255","118183,50686117337","123995,02858511607","123197,4623086781","119199,28818085023","117638,8413447595","121758,32218142424","68699,54753525941","70277,36182986287","135312,5811154671","145590,37610965848","140303,2943884444","137579,29274351345","136659,67585392843","137624,34258286408","138233,70133353895","142073,07538155533","141784,98018694943","100420,40516961248","128437,067813033","128241,9532628997","124800,96875911413","120917,47988739773","125802,21601228192","120917,47988739773","132602,01409104717","132306,07069693747","130981,91709557311","30117,9458883604","41095,914297087795","39448,57730805321","85507,50909768515","109216,1405535229","106661,11074649348","108360,65519932733","107615,34146285063","108146,19809799765","87546,88221126767","80326,88327127881","45491,93623679505","51614,47779675897","128093,07686363143","122295,23691911137","127716,1183063622","126565,0797740055","127701,5674172327","127596,06027081644","119541,5554645523","16147,866742378981","144196,13296458844","142724,68591251914","32419,681418889097","32687,449915435696","158500,46727404415","158500,46727404415","61442,20638649832","61651,60266968856","63153,126337646725","61201,51507172693","98293,69163598605","99740,45376002384","108884,19791278927","108884,19791278927","96262,18114825797","85773,8453176392","134447,1365738977","66200,45206139194","69850,4573277413","70741,15943323438","98300,3397515296","114052,93863114467","52362,988848307126","56538,41787353001","93643,6236791517","81364,64316140789","93083,01145204873","92364,9553030208"
835125,"43545,15928069893","41864,208263902474","98630,57236985367","97921,2163013104","97081,03099214008","37944,64194135209","40059,05834820485","40939,329471631536","52654,03364399222","60525,091599030566","16010,063680357563","23495,66035460151","26093,791380201095","61310,69118270417","113625,92291984976","112249,25401299316","33787,79283315371","228093,4078365419","91973,00492711023","92548,69364322026","112492,07556473241","101776,40158179522","101800,63475262966","101318,2036242185","104174,61451068429","109326,04360879428","89075,37723399383","57790,101838364804","128402,60543789665","129385,3191734221","124907,11602354319","125275,02314990538","126782,83446483647","128344,52431824133","125633,16727883005","47488,99013840341","44830,07619968375","42343,13454375241","43421,930215096945","42343,13454375241","89134,69404919918","126026,41067807331","126697,0957103521","123456,70632626158","121867,8504883432","56393,9981332058","68261,45385868354","57525,13712327338","47463,08974666604","55831,669659378575","57275,1427726113","56499,842037703726","56605,40061030212","15757,234672045957","16745,99468346968","15285,673185200309","20408,696133998634","72005,95991975385","71049,83886708786","68217,4197060353","69308,12498258078","69739,46084398868","68569,11019182761","46409,83451545293","46213,627895891455","21307,420307066226","72633,87806625634","79696,2456394802","80553,44159738347","92800,9861347128","75367,7877366217","77195,36308288336","73541,60207460329","105304,86541427662","103185,06040248943","163762,91562229936","162074,4945361864","163740,75899991268","67359,64479755812","68654,14002182506","68654,14002182506","119378,31146729774","44093,421129017974","147798,6304833077","147309,33616857044","144043,2596986546","143226,83976309383","161835,8004275761","171484,01506876852","5174,995975100394","115223,21371395676","115000,61749139124","104531,96878107508","48121,8416965752","37685,15374881053","65369,01006739191","34876,44159359972","36041,92711103498","80784,8353780922","14734,687764549266","108528,83765804229","109170,94311072654","143325,9133321895","3086,6279003843392","16263,541753431939","0,0","16362,648850672107","102927,30235152892","109417,38768419933","109613,72206730794","132423,83054216107","133813,7430071611","132049,74610100014","119101,49821408355","29033,126077409263","26921,824324133315","30154,99290740684","29369,787400035144","27618,10517798559","62381,62224031161","60953,09682332017","24950,239527218404","24950,239527218404","95956,43668588018","151286,54778113932","147032,30521827022","144353,7133783508","141033,2881720766","140115,21193786061","84519,93603197038","85385,88862686694","75486,75402869417","85746,97626140293","132426,35523077814","130063,76932049941","130063,76932049941","125553,80060821564","129198,70192838444","132404,1334962568","125625,3501307049","129695,24475620213","122865,94078623652","133841,18671323085","133268,2448246328","134885,78506882623","131467,3389060657","125515,31362126963","131020,94665063969","125430,72029387749","131023,82612314665","135746,77418512912","121756,35117241729","127210,39297436168","129407,9060394117","130988,78278993849","132373,03865571815","128442,46826348442","134521,74539679394","127737,02090885864","133643,60179078148","130067,68297592014","125976,93787489971","57844,89312241993","47620,3760589659","58707,947343295455","76897,47981839617","72682,8474482419","76655,54028756428","64311,92782884742","70699,43879078366","51207,56642010508","48815,96040338285","99073,38324015684","102108,17003758889","99421,92678471189","105261,11305159832","239272,33629053296","12104,29325837583","12502,842293285621","61289,8676317336","61714,2814236034","54618,919316986714","60429,67315451246","137672,3922139193","82229,39346548375","105261,11305159846","102881,88792878423","71435,73003598813","72558,36232104777","99940,4311293677","100446,12479364441","100446,12479364441","94605,21448614581","151856,15577017117","151880,34336643352","151880,34336643352","88433,85519733225","88300,56632466438","118694,64283077419","137411,3060601426","138138,36499661463","137901,8759153874","92088,42972156144","95832,21704501275","91587,75788395583","95615,97483546272","93961,35810339582","123362,3301916632","122743,01247768532","118266,07673587919","122617,3273969807","122094,52740266641","117657,91972329117","123418,43399945882","120995,79200072287","117164,58535519292","117704,92808199594","121221,14879783704","55726,14244448964","57189,45515385741","124540,31131916812","143716,48135416242","138715,4721627175","135272,27310794234","135196,0567472869","135257,64907857758","136244,5361370248","140235,0460088354","139714,79942664644","92143,46509099966","122612,9383160888","122536,75173462715","120224,77742518428","106468,38590028709","111798,1932803385","106468,38590028709","117232,10832386739","116953,71249140771","115652,79257078233","21240,529050403","32539,292899285232","29214,573566682786","71372,98515738177","97417,29288958671","95313,98103375545","93386,68997244227","92669,01929103525","93230,27585703187","73503,09862991101","65705,67903347168","30038,70062993187","37528,50789651915","124041,70119378083","117254,15910106011","124601,02488038433","122556,14340811378","124246,69889646301","124207,42962014256","115788,13214382832","23377,336629071993","141349,90298925343","139949,25013225395","35408,97709487781","35168,32740546413","150604,19309535855","150604,19309535855","53585,8518149941","70819,0710411402","72191,15457134935","70041,4806802236","82708,44098874525","84213,82915937653","104810,96489456308","104810,96489456308","90536,27157038027","80788,71509347581","125608,24347832869","50355,915347299095","54273,39021017579","55168,1466187961","86287,53348510388","106481,31016417549","53740,92474160573","60525,9001510623","95082,26759326714","84257,19332347512","96853,7238425016","93930,29467234164"
835146,"55119,83694472157","53373,98765492951","114317,02445305913","113717,59781460334","112859,79275861068","54234,39021453464","56140,71706080452","56827,84277141217","57537,82150263514","67756,01927068664","31707,26640208565","38737,640877788785","41699,332408246344","75291,66860559625","126647,147374063","125086,43498908846","46704,16448001026","243603,43528763222","107919,49074832657","108440,8413033433","115296,02889549758","104797,0370275606","104388,90304045194","104021,16811860545","106777,86572820184","110609,47750032193","97195,46558938928","67910,40265650534","133787,09727404633","135425,6235371189","130313,05522491949","130526,49561120094","131863,1347072799","133502,93988873975","130919,23016173915","61550,826648021466","50211,91451777513","48233,3399454172","44311,65980984575","48233,3399454172","98094,2515408906","135693,28761946646","135302,76349899027","132804,35378762157","131119,620769838","72513,53216551134","84268,50384905997","73047,00934278835","63769,90834365886","72130,39179865288","73608,60985346774","72663,70866381643","72624,15252735298","25055,509020302135","26202,433978023313","25761,530620327954","33632,98353782378","81038,69084132668","80146,55299345424","67664,40803684646","68689,08631218426","69393,99859274211","67688,60648299167","54126,65558878449","54151,997709805684","37497,530048713845","78723,66096094623","83478,46494832072","84265,68933325396","108446,92265420525","81524,44812797416","83379,46494196434","79669,44565958646","114027,34584188876","111894,1137667886","172293,2076550563","170493,7890377309","172319,61809140694","79112,21444244053","79756,33317157636","79756,33317157636","123542,27658387735","58183,45842661206","153248,30526160973","153842,0603771841","151802,91759350346","149108,68021925716","171019,09754386445","181538,6336175692","19078,11047240279","131182,92026620853","130952,4868091617","117393,83556559705","54100,58365291565","40649,439181314","75554,79338440098","46273,83730292023","47970,59290875444","81655,84128956831","31050,55995184541","119800,2805791152","120648,43109309819","155547,17429546145","13678,015654145236","2625,423776188602","16362,648850672107","0,0","109570,4157802107","114840,18399515381","115039,29921411719","142422,18666354718","143422,09182041316","141653,0260285736","132205,7181649436","31958,643977642816","29478,42145192992","32383,198667133278","31607,503430344732","30434,98764662194","64393,37481802041","63305,922101382734","39307,327965907505","39307,327965907505","109196,15053223622","156670,62746832232","151825,12707513315","148842,87951969262","146047,5960987615","144947,16709027","93488,61501543215","94429,83387589557","82478,82675093149","94824,02945873135","137454,18570363036","134376,8676178334","134376,8676178334","129169,50679097655","133096,52933243517","137007,85090122398","130655,74084628435","134593,22038934156","126626,76954512403","137999,12431488952","138069,85428074165","139355,2255765769","136372,9725509543","129057,92199963077","135682,451388918","129314,40755594871","134922,48623162464","140112,9213244685","125660,3048360721","132016,02610935824","132957,40428016076","135887,91388332896","136442,87487757034","132681,85339141707","139287,48900880985","131889,80052445442","137540,93227588007","133862,5210389772","129863,9686220393","61171,129062716645","52684,840055256485","63238,92871863035","73488,72998242821","70531,73024835774","73394,35134750302","62500,505257425386","68155,06572724963","64267,480863319484","64082,88882382264","104073,85955971405","118469,95958595342","115775,21675730254","120546,32396178522","254417,9236640396","20617,480499621306","20598,5126432364","77424,5775642397","77939,80261594619","70974,30758720177","66753,6382482545","150349,48666796644","80252,17585894535","119644,41146449532","117241,44567917236","87071,02870698253","88172,47953391918","115957,36442552526","116469,78428380315","116469,78428380315","97890,52644249528","163203,51731152096","163135,6679831508","163135,6679831508","104583,33623781134","104478,48782513995","129100,02389976585","148230,89850785033","148960,5132106412","148756,32656325662","100250,07645654908","103536,24462668071","99520,45504677229","103296,27732864948","101758,33252247803","126456,21089502126","125972,97917361725","121896,25922537547","127005,8735267426","126428,77663429124","120782,31231647433","126593,84381757633","125746,47248228341","121753,28745121567","120249,30973224623","124357,59404130923","67218,99813065807","68815,51232616499","137130,73373979202","148156,94385875663","142878,08731893334","140128,39389947805","139237,5424958028","140171,1454773248","140794,67865439938","144640,11915260195","144343,89627356376","98209,24672967567","130784,45055222702","130598,09203577462","127231,94151596972","119709,26416946333","124467,1930950785","119709,26416946333","131711,8605606844","131408,4363379512","130075,05327818415","28318,44236490413","39107,3165336375","37688,19002091642","86623,95494948866","110852,31846998699","108370,19533086187","107332,90779070828","106578,55528664443","107098,29149965908","86266,55059202366","79221,23675636725","46117,37829172898","52681,57469250564","130556,51462777788","124695,03162997965","130227,72145588728","129030,25932392212","130196,641188921","130094,4054931411","122017,66013256079","18773,283971108664","146724,91470545437","145256,12794414264","35032,615653271954","35291,265662693455","160681,06563792157","160681,06563792157","59265,75056451624","64025,16636667535","65535,08325179416","63603,81409325074","97529,8190273249","98946,58805967211","106365,99019253442","106365,99019253442","93846,73689322517","83322,23004492714","136516,18436023756","65624,01967650335","69122,99673151567","70009,96826178224","99888,92927875585","116241,73864325731","54972,64104701972","59158,152148254136","96266,9466579292","83988,20183760345","95693,86349151256","94988,91754159673"
835189,"62964,63094360621","64194,73386454283","88938,98454059422","91023,41756883006","90274,64584206615","92574,02675937163","105637,5200859722","108414,23178469272","52155,93484935311","42405,67344544398","92721,3051114129","87048,54585015072","87589,195391005","63433,95340704709","57790,75405744024","55172,637034012645","73503,01760385156","249205,39522618375","130910,78092315214","132381,40855632923","28038,407388219275","24464,678913627267","27231,244337340744","26499,48288189447","27271,35407607487","36709,91661239729","177382,13329784301","145838,92186569568","26742,15390063906","26634,571745610145","23406,93036366004","24166,841085890457","26046,960562534703","27258,311756801177","24399,78193662595","69347,91608495108","143674,51412141972","140944,9008083598","145659,93197279202","140944,9008083598","175032,2832265101","35231,19735123074","29508,284332307314","31144,45926310106","29310,479277236165","88211,94821410142","86981,11432267167","78594,88355687397","93084,47831078713","93502,61805500489","95546,22222086164","89278,40963664716","86121,72031643805","87322,26414399434","86264,35341668369","87643,96570021282","84376,38689349248","33381,72105804378","34358,24421455391","170386,8229159634","171487,21534620118","171771,12769840859","170882,09111141652","56518,69402439151","56718,60604760232","101873,11963756887","30854,63595366561","30122,77504381442","29739,90160594969","85833,59787878442","169642,64450132035","171234,115545102","168056,58511603164","15911,17307975151","15337,984618522556","64268,926900254424","62282,98665113581","64397,956762380294","47133,27987492906","43237,555250593796","43237,555250593796","214353,8597632522","122478,20941540951","45451,535208457775","44414,57882251703","42818,661690539884","40481,68176182344","64722,38046636805","77823,81675160422","97768,07568691962","145914,48043212324","145944,26839235128","52443,8627635492","55524,68467088544","69256,97636973432","151583,55984449657","126204,618119193","125637,14104116404","181696,56413515797","100499,00939279527","38264,53054971909","40402,009165268","68520,17772270227","102600,71722368807","107126,17931738471","102927,30235152892","109570,4157802107","0,0","10554,258054625569","10656,407085753697","42500,96347440143","41169,164430805286","39658,593712704285","61461,51491923068","77660,92113348235","80135,09864148997","77386,28282177162","78126,79766492275","79168,4702075318","163066,6113573598","161423,51484364452","112709,56307713948","112709,56307713948","54202,347078834704","48971,01875714111","45854,70062641097","44040,04667809948","39611,31870052536","39154,20164216108","23374,7870042484","23143,0447230847","27440,671961148277","23070,924561162534","31410,259927863484","31595,007740690875","31595,007740690875","31011,68416109493","32564,28547019553","32638,429279000484","25155,766072236795","29253,021973550163","28309,316973534707","35467,93689946851","32818,88550099646","35321,024994515144","30855,980594279514","31345,540500461728","31202,214112631766","29625,345708940215","34071,54767463072","36438,986225177265","26784,531163838506","27314,601464662737","34299,47128142183","30434,231301608495","34524,77612889179","30501,320842896985","34081,41648659817","30270,11341042636","36296,50704985461","33724,48908791237","30033,933056639857","49920,728996836355","56907,40338633776","46805,88353697655","63398,635970394054","58759,07517054504","62748,804228254165","60773,93124185192","61095,471213701516","62446,43158712169","77304,87049949491","193588,24679207406","116892,83196335037","113271,02313669096","84211,87376994462","265559,65995393554","114281,0793137345","114763,39047888278","111172,4554273765","108943,09566933569","100598,91061927966","156080,16471579918","68691,67784302834","55486,50268274599","70584,99107059115","69352,75500602467","124397,88667169915","125290,60245858278","97495,46519378416","97928,29698712389","97928,29698712389","192237,0796584881","68145,0020493122","67479,75950862975","67479,75950862975","96602,03407510983","97540,40051052638","195497,93735067704","52297,811295458334","52896,344424150986","52948,65182442241","14584,485909676572","9918,896597204133","13913,553315469142","9942,327093145761","11614,251278219377","32178,112712331364","31022,407871785123","25929,81607557552","25103,607645504333","24943,229791246686","28506,636878125646","31772,374972785452","22225,916641845615","20052,71753256476","32011,915222530184","30550,37894315419","140176,88468036498","140777,20989455513","59078,61316647174","43572,60178318281","39802,92091087016","34528,65638879302","37089,35218799554","34362,92272585352","36308,44001436822","40427,04862123993","39302,13197658154","185044,53546015196","23822,91132568868","23259,758690136623","17739,663316426737","170101,4635565084","178076,1150148765","170101,4635565084","168549,14583375322","168576,56414208043","167876,1115166176","122274,04040431342","131925,8011444413","127204,00395173277","74837,43915643156","56613,53282344585","52178,613163000344","155036,74525081652","154781,928441251","155503,94311663785","147783,41832999105","138407,74654001754","90093,4024249699","80084,26328922008","21117,56710763739","15976,223958152614","22597,33622006058","19628,863512574982","21683,607097796343","21737,883042024605","13053,221447792112","92295,1826379807","39237,77388092848","37989,83166867296","76454,21932124867","75827,1973126987","58623,03341088325","58623,03341088325","151015,45894613946","79688,98255856369","79005,59560730022","78131,19050740187","140222,5039750909","142046,85238282007","204304,0360511469","204304,0360511469","188337,0692510274","180062,11693385037","44240,022769575946","117966,17117126215","123166,43778281548","123688,59344961095","56756,05037713151","24522,6155655971","58248,31970396374","61167,11834670631","36250,859984211624","46405,80878319036","49973,25957361504","37138,53984866951"
835190,"71159,15254509498","72259,67046005095","99422,45382268453","101526,88176548856","100784,30366526455","101608,27427079197","114703,03352870734","117480,52567614801","57378,65773762196","49237,94656713495","100205,0547104417","94943,20217603662","95741,75227120379","73407,55275588634","67080,02450881145","64495,71894722265","81497,22618762297","259541,8529520456","141316,82575669495","142781,5190181084","18771,860241235914","18601,612817123798","21239,894846833176","20711,920732931303","20450,001235201285","28789,34795963356","186275,60942877943","154485,97552064783","19007,0522561599","20901,355992302022","15514,212277503288","15860,517913996853","17434,151599147044","18946,68206631641","16215,786337729345","78548,42932339938","151257,098848318","148538,68044877533","152559,68157614753","148538,68044877533","184084,26443317928","40149,870088354255","32242,60808488876","36041,769817103006","34389,49372115807","98129,91648882578","97283,7225452127","88549,51989958153","102608,29253211681","103379,02803114425","105464,10055899994","99197,74887136283","96051,16132744683","93682,7921083545","92672,99644275269","94166,19248015928","91634,24513460993","42375,49526112216","43314,62630984001","177362,55820983296","178460,84042064977","178801,31544076654","177798,71957176752","63222,19338695179","63521,688771672416","109896,95357329832","36795,83623799344","32232,338575434336","31601,25732892821","96368,07488040975","177959,18724522708","179584,93889889203","176337,9676394662","24944,274840474165","24902,501309485106","62974,123333689364","60861,533342015224","63194,93594736856","57004,04911791945","52998,65065138014","52998,65065138014","222792,48103498487","131354,83500797438","38463,29118604382","39659,54362848557","41104,67896548693","34314,366489979504","64743,8216768923","78820,7902508771","104307,11323522792","156458,47796848608","156487,16720570874","62312,31454430031","61395,27422610524","74204,09231036538","160421,76229517057","134320,06567136163","133872,09579354283","189075,93379291316","108080,16752183743","47414,025922495704","49543,19788927909","74718,68256014194","108848,11623795681","112325,1736207733","109417,38768419933","114840,18399515381","10554,258054625569","0,0","199,22217291040783","46912,279154794414","44711,6613201734","43457,14088933311","70384,43863107153","82908,43129068842","85386,46204736443","82460,02704110998","83233,10799093016","84441,59454131534","170439,50500164053","168834,73819506672","120747,82060438192","120747,82060438192","64534,56077494398","41923,59534501975","37733,64050987124","35375,984299620366","31647,358368031262","30836,8146168591","33465,50906500217","33339,77109549281","34653,84082784372","33309,02810108912","23070,603905573276","21911,779545921407","21911,779545921407","20532,85558633701","22410,152302599403","23527,42082639508","16329,483270259865","20473,752830282647","17791,16756085232","25843,633857856108","24096,472982119278","26162,7657590996","22213,303728900286","20844,314394661953","22090,594896204064","19257,091922409945","24021,870621357277","27187,127239668298","16270,891852857685","18162,752128495584","23938,137454433876","21747,305746857866","24715,7509703311","20617,457565530396","25370,610044481524","20247,02172273266","26392,300411996493","23541,333447348603","19695,410471118274","53970,61580169898","62334,94634415162","51601,451134498","61971,825611724154","58253,24915762534","61379,79644073774","61665,55476111423","60819,339045411085","71634,58782498167","86811,19262663939","202002,65808198886","127446,59797961042","123825,24002898268","94515,54105213653","275966,3325559753","121048,70394500499","121517,10145714642","121063,29654913076","118879,46793347379","110376,16205331672","164155,77039978208","75832,39983479415","53345,25515531157","80706,43773063239","79554,16390705665","134404,70315854822","135316,322066436","108007,24997550536","108436,82497166307","108436,82497166307","200252,47251605673","72508,86700269417","71708,5387380944","71708,5387380944","107151,41904927998","108087,94450545676","205186,47074840596","57296,16232887535","57815,713382825146","57940,13482240634","24925,565311883147","20361,707824191646","24056,954891108995","20352,86578634228","21926,447439274376","21643,400608284748","20481,3625089889","15443,768146612474","14932,254323971336","14680,390557275954","18264,886471850827","21227,442254574333","12360,096820723935","9610,443435084093","22046,93482391707","20068,224688085527","148998,2924079192","149660,97628050778","67250,26608535358","34815,1208519482","30454,13853866098","26019,359879073167","27414,5241755443","25957,651734012892","27347,626002884463","31464,727722163494","30640,169616384163","193586,81297945834","26421,432986582116","25576,152731308677","16943,262185737392","180170,86947979024","188101,71335414166","180170,86947979024","178919,0010050424","178940,72973864936","178225,89788621993","129330,3290093913","139328,51635270487","134725,80924974437","85238,56892679514","66904,33109192697","62525,696769633185","165073,5371152555","164802,0644234897","165524,1702593915","157258,2748544711","147846,293351895","98611,92960505106","88892,12539861327","17446,496131191612","17962,050018769292","15398,903538901808","15954,74174785831","15670,66378646908","15479,80892156687","9120,564700545427","96972,17200764244","31970,15514528844","30545,732386467553","80746,61261356084","80231,38078543264","61088,45670691199","61088,45670691199","158843,08230953466","78973,46494847404","78106,63442718703","77522,71266052117","150266,0205310406","152097,39326590195","212046,7548599868","212046,7548599868","196313,1677940745","187771,30829301305","50844,656651302765","127288,05235876203","132538,19300588014","133087,3812327157","67300,95477792302","33534,89826162464","61561,02356963466","62722,79238705084","31984,40071471852","44280,399428459656","45069,38257293916","33146,60515524121"
835156,"71342,15542015215","72444,12766281611","99503,98444808299","101611,42486511735","100869,90880264917","101780,75115303174","114875,27285113322","117652,80811808642","57577,40351724222","49430,56778112658","100395,64364382299","95130,20202966282","95926,18179727766","73555,91145057864","67095,1280296447","64512,40366833929","81682,81974678986","259606,65361273655","141443,98519678117","142909,1792485587","18790,858776328718","18726,42942173461","21357,836002348202","20834,863886227773","20549,968728533102","28849,94430047278","186451,6630508357","154665,40947813058","18809,246589878392","20704,588736734375","15316,22287935821","15664,965324300927","17242,02833346575","18752,30452200882","16019,526448157023","78717,03930316238","151447,67696952075","148729,14570037858","152754,58601092498","148729,14570037858","184257,63852004512","40066,26734436164","32127,893408653308","35960,42613839317","34312,75763259733","98281,0354281415","97417,72447468185","88699,10487194802","102770,77172300713","103531,6586700572","105615,39114854323","99348,84718843883","96201,83449068258","93879,4020788281","92869,40893083319","94362,17645716465","91826,22924278349","42544,53521437968","43484,45876796614","177557,2267932384","178655,52594919415","178995,7013426741","177993,69397484072","63416,44330571203","63715,42667440132","110083,06089392529","36991,42788036836","32428,865903683192","31797,089107719225","96458,90724501535","178143,0307438231","179768,3963353121","176522,1995806538","24966,683042538058","24941,74482462396","62798,42570665064","60684,96071252546","63020,051952364185","57154,891805075225","53152,431405072246","53152,431405072246","222975,1571447613","131530,55107214322","38264,96601748999","39463,50641322856","40929,277975046476","34115,21274063174","64581,08084326414","78667,47281162343","104503,18429569193","156566,5557823898","156595,61661832916","62352,03165524257","61592,74671703029","74403,26850387441","160598,45472700332","134505,6532345571","134056,39279929193","189268,25455880465","108270,17169506426","47427,76665468321","49556,11014253975","74649,78917372413","109045,3134981078","112524,32772786463","109613,72206730794","115039,29921411719","10656,407085753697","199,22217291040783","0,0","46816,32552839333","44602,045032737704","43352,29191485513","70386,37029873468","83107,4411149761","85585,48317886057","82659,16999066163","83432,23395678282","84640,58866706656","170631,75418379414","169026,71375016737","120933,98773403578","120933,98773403578","64601,687203083406","41725,59821984156","37541,28542039166","35189,05148856069","31453,023107832727","30645,29819669464","33605,54655271167","33475,41142416922","34841,7141662021","33442,75095231453","22877,681716259758","21741,58416841581","21741,58416841581","20408,57331210142","22258,927044264157","23344,625844417857","16139,354474343627","20284,831838865583","17673,767407009997","25672,995935065544","23907,98613852823","25981,60102367469","22023,279293732794","20723,82096968558","21907,3253345703","19119,80117937772","23865,880532315194","27008,033165460736","16152,232511103402","17978,55647158766","23801,328926831946","21557,66251952997","24550,478964770213","20453,46498619781","25182,31915898","20088,58950099875","26230,88885338438","23392,04205808023","19555,661302850174","54169,64342398109","62533,465379108864","51800,55285996736","62138,355982237896","58429,30792574054","61547,02485844966","61852,04447196696","60997,05229740932","71803,08095073873","86973,60982071872","202185,51280306402","127545,88451208996","123925,66323211642","94579,22697068415","276037,707894649","121243,97159416546","121712,43988450467","121215,789928767","119030,37093989683","110532,03721808802","164342,0998625387","75784,34815001427","53505,357159337946","80758,28163635747","79611,08900079111","134553,25893268202","135464,1613264353","108093,16276482219","108522,156387746","108522,156387746","200439,6626176234","72405,4632305547","71602,95526338671","71602,95526338671","107257,23136245829","108194,60317685844","205345,9457918727","57207,26772405902","57725,2317833133","57850,941875163575","25051,87082950753","20479,947157341507","24191,9265240204","20473,300688861145","22053,107068777073","21556,403605428335","20392,144814551542","15370,476486088155","14778,905272472393","14532,821863928153","18221,6200078516","21136,388415197816","12190,431070392275","9477,043929182852","22023,386499980672","19994,099030153335","149175,1152699577","149836,83188985713","67229,93931688156","34629,343430213994","30277,82720594783","25828,85337911104","27245,747629539354","25766,05069494801","27163,3911835587","31281,406005816476","30452,42139337284","193768,00167672825","26310,820186549576","25462,284100684967","16800,351906862576","180317,34929123402","188250,0098535092","180317,34929123402","179049,21462161912","179071,36349218836","178357,55861712687","129524,18641315037","139520,29383151056","134916,67358744974","85365,51807526311","66968,14047512165","62594,14319679164","165221,23153730636","164950,41068882524","165672,51876538855","157422,8176271603","148011,56762753226","98792,10423240277","89067,90250194306","17267,171474749783","17858,81836712741","15199,68802156847","15777,636917433718","15474,736169207972","15282,829926666347","8963,550828473293","97171,34700244869","31772,267777919453","30348,376596377246","80945,57746248879","80430,45050262281","60957,311176967756","60957,311176967756","159031,7084947168","79145,26147822295","78276,71233020144","77695,65513542228","150413,31825193498","152244,42644525075","212236,46511132215","212236,46511132215","196500,7124198508","187961,1611669738","50789,86491057521","127455,58233293383","132704,7434111812","133253,34780256686","67395,22838042183","33549,68892240172","61758,6108334979","62913,23108294525","32123,5537614306","44442,98797443365","45191,56078849225","33289,293672298634"
735221,"88963,509909268","90608,63801101333","80450,36494986013","83089,57552960754","82702,97038864596","111049,45056240975","122941,64878269595","125532,94538046324","88103,51453576861","75821,90773215925","119117,92316567308","112085,31564789203","111394,71581615313","77702,91606834595","37839,69640230135","36347,07976842079","99238,61352921743","230704,16909983355","131600,3003937741","133136,54648099255","64540,67960148544","65324,91917608532","68037,30024262125","67447,4641332597","67360,20569533439","75350,05348959226","192866,6390134018","163884,35287180674","43487,2171318877","37868,80334270612","43392,78554990168","44649,72375569382","46030,78168463766","45394,7793270117","44347,45376546061","89125,6298069127","167384,54990077668","164691,57487070432","172180,46926876172","164691,57487070432","189469,1950236527","7396,952824572254","15299,168717330193","11372,25534930864","13230,154661094624","99734,93697006318","93339,21138725495","90810,02939779634","107894,30872923766","104956,77529786558","106361,54675336898","100677,18048582983","97739,06694207228","118008,0454758049","116860,68037120179","117804,39439436814","112199,46925443447","61480,40194481504","62340,83028027903","196004,05646613022","197089,56446778635","197136,4635682572","196727,10270072744","88532,22059541338","88423,93503513368","125334,37140212899","67945,9200818869","71530,54757205388","71316,71512147778","80173,69277723691","188894,86534802982","190250,65013711786","187547,63366323028","30148,024257799705","32124,54517353755","34816,864527220794","33857,0461928146","34570,90904552296","65898,71354862206","63962,2966937803","63962,2966937803","231936,54875600044","140069,05384241603","47356,79663341103","37752,23109702773","25511,182356729863","41823,53845009694","30484,10174248435","39127,9383287433","127342,43692361476","140448,09872368118","140577,8448069649","40315,11613061167","89785,69712937185","104593,16729855491","168213,8986987498","147991,24175226217","146827,530235855","205358,01903839418","126031,76625549412","26584,612183786703","27109,37761335181","29188,195463201242","132895,55462131006","140241,66461179926","132423,83054216107","142422,18666354718","42500,96347440143","46912,279154794414","46816,32552839333","0,0","4277,154831072511","4172,0525015452","37415,73075219334","111871,02854658586","114210,22618204319","112011,89995180574","112641,04630858426","113240,45083251584","187174,13885137095","185402,5728441951","135508,06530189601","135508,06530189601","48516,93467666889","49491,94355667801","52697,34757121002","54302,05807888035","48711,39647488252","50026,67287013431","49252,145096755696","48262,65329404695","62716,546196647876","47847,55315265658","46803,2155252939","52562,05724720849","52562,05724720849","57904,64016415035","55892,995949756034","50400,54092099659","46461,34982488139","47649,245749396614","56707,299206022595","54366,779955475926","48843,17582902418","51928,951881438355","47736,05813069174","58483,261313702424","49750,65266172787","55763,89277684478","56094,39953798353","52969,61710218329","55612,98063576438","48312,372370769495","58747,708032616494","47743,78083543246","54866,40219597534","53033,991551423","49345,50682854289","53696,353574442655","56506,420415391374","56827,83060084929","55756,76634096","88060,21508044457","92045,37209105368","83989,01547439845","105766,40782943464","100847,35402876447","105104,89421211756","102003,37770651652","103053,43237333259","83275,53183675285","93868,1641170576","211713,66941148468","110637,24760182375","107574,88852021142","71702,26975835089","248337,0238358096","142338,5178448318","142851,83717153818","121053,06456490891","118468,61947176723","112461,72906996729","177014,9990355696","32781,399483197485","97981,37959692912","57091,70633305568","57373,93721508098","132089,47290243342","132694,56973315263","89257,84629189073","89497,4343119433","89497,4343119433","212604,00051314253","25716,367391784093","25003,27193046632","25003,27193046632","93799,49590982385","94878,32695275483","204065,50226750836","10592,049839900219","11025,431323379584","11210,439776036399","44142,35122308475","42548,83178488832","45371,37703348128","42829,5609563934","43780,52387114211","61912,04337991824","60841,37827743411","57918,214642777624","51765,47148905883","52222,49736412551","61748,89935222566","61281,32263068143","49025,05274124643","50804,04267090415","66041,56241064459","61548,79282247367","157337,7504575538","157505,88313368472","30223,403672967142","54499,30833878301","55375,80385276331","48704,77549467791","55594,02287593348","48209,88852352862","51508,99073093131","53722,4782218252","51662,30496389599","202595,72070609845","20720,35266264822","21656,675676524563","31128,766711840544","175020,03376762464","183325,85790478243","175020,03376762464","168481,1152349621","168632,5006207909","168262,777701831","148938,24342283385","156821,0431858797","151756,40507299537","80787,23145062872","49356,06715395152","47480,41315942513","160913,39048015585","160882,10430447437","161575,452354951","159788,86425639753","151111,46491478017","111841,83869973781","101083,59386757946","34222,04194523115","28979,77841502045","41586,17487518605","34848,873928504276","38932,25486987678","39461,79129369458","38719,275766791754","127176,35838619193","45666,48240023259","45860,60839722249","112759,5979641873","111942,18391096563","18259,058859627163","18259,058859627163","173348,72773273353","121706,47832357851","121112,66486745911","120105,68410347278","146634,19754609765","148283,8149308413","225831,4163625184","225831,4163625184","208989,2266664521","202226,05755984635","11598,45026581369","132639,8151357555","137157,85559986907","137433,50821991832","57422,11743814688","26195,054802115497","96986,69420068148","101825,31320078943","78221,630595905","88906,46399572898","91708,98311811822","79233,0153343337"
735222,"90482,83272052018","92100,38224811708","84375,87186982547","87004,00448320048","86599,59555228821","113432,31563186317","125481,82535539025","128099,52320632296","88428,12239624897","76373,50114576935","120795,73768474598","113866,83422998218","113294,1253794673","80158,58014905702","41904,88599708556","40333,11822290964","100868,70934358776","234981,28836315937","135279,29818735225","136816,05668476268","61880,97672438911","63261,93322695934","65936,7934614757","65381,84196798118","65133,78984722226","72822,00232400908","195738,82475225342","166495,23365931993","39962,718248176774","34270,65991836713","40083,64102492119","41314,9786214794","42605,83662042732","41879,27450016905","40990,694037980524","91237,01390219813","169493,37597812744","166790,55701079997","174012,45026217768","166790,55701079997","192414,94230982073","7790,257951969275","12526,76874311398","10818,447729841904","12642,207498419473","102600,35266777313","96523,48114247384","93558,37286145722","110559,54039057627","107859,3482816169","109318,3548263252","103557,80778295592","100584,17478918543","119199,10968608526","118057,33703775686","119057,38609986696","113690,16914131615","62384,251312349144","63276,07017656748","197975,35202816478","199064,14939891428","199135,7323661282","198675,71068764734","89381,85145720516","89309,91368359441","127335,54723035726","67915,24076702607","70725,1533631983","70459,98754814197","83967,10307676469","191454,95884310658","192833,2071134507","190084,82639638789","30093,493832961805","32161,477726131983","31821,25876707769","30687,301187346966","31625,530763591418","67789,33778810201","65636,39269754571","65636,39269754571","234696,1694164088","142650,9700265076","43132,60658203097","33478,60964892716","21247,75030384798","37645,61578907324","28250,384668137194","38299,943293736425","128704,40226579181","144421,02789404572","144547,15337776666","43987,214179536626","90358,61260770509","105103,88622318499","170949,83233980558","150231,9682663933","149119,33697536745","207541,33097109193","127829,89772206396","29589,567096478248","30325,67491176384","32811,25483396835","134192,35689706978","141199,58357107054","133813,7430071611","143422,09182041316","41169,164430805286","44711,6613201734","44602,045032737704","4277,154831072511","0,0","1769,3640437964766","41627,8586116198","112577,29554472491","114945,52683699514","112659,87032816732","113307,65383305583","113972,02983937791","189283,9061663907","187521,8386946094","137612,9072050526","137612,9072050526","51947,88978530567","45234,793126828044","48534,36525757558","50219,9545370479","44667,50193254257","46026,522627111335","49983,850331425594","49022,88780193833","62847,36370214906","48621,296895909116","43083,71141158783","48993,745534916845","48993,745534916845","54579,01508260891","52385,63857480601","46708,97796744333","43104,626005947415","44070,75450746183","53512,31625063084","50645,48143535138","45100,36851657737","48143,136902640894","44069,33753657381","55161,878231670504","46118,845583890856","52436,24456116976","52506,742299879246","49158,80311502536","52475,61476704353","44868,51638527799","55249,481971267014","44100,56680286004","51210,98926713174","49546,01097224948","45551,926773757805","50246,12889897333","52811,72304163869","53287,45172213535","52401,992076224225","88036,97618399591","92513,41686669641","84097,1710527671","104567,4724564544","99839,14662141084","103916,78897427705","101338,79742677006","102113,02063662278","85233,31701185607","96296,40059630918","214403,85834853657","114579,82002312728","111485,72777718109","75746,36903944881","252612,90442743863","143925,92187628945","144437,36669851874","124145,47813879079","121574,62740488634","115374,85387314743","179404,9406541501","36821,54723996253","96589,70753681374","61081,27084303227","61297,60656427751","135366,863561885","135992,16176469784","93211,96662633962","93460,37218060002","93460,37218060002","215103,98285925944","27879,480817433297","27033,187703046915","27033,187703046915","97523,83822190182","98600,66393268708","207432,13171392927","13980,96727450092","14276,779018062214","14542,489314816901","44226,75624177345","42203,37186598","45343,95014896229","42481,22151965648","43577,11949292748","58706,15619687079","57661,66502439398","54968,070348522844","48581,88319254332","49068,245876871966","58825,09867051971","58070,563084083406","45945,32858161044","47956,94925697693","63115,621645091654","58445,03344484456","160005,15461423786","160208,59504930736","34493,75866231429","50436,56891686087","51478,88558664103","44873,68965337821","51829,29061894589","44374,89985977449","47664,769471605214","49757,00967986231","47692,69819305583","205319,9212606544","18291,93963403658","19157,474371623233","28415,977558213937","178560,26604980827","186860,09042391382","178560,26604980827","172267,32358540696","172413,12286007142","172027,24407312277","150697,66845194052","158786,1277107467","153742,27094071696","83899,0248899029","52907,83717905151","50819,278800663415","164373,97018337424","164329,49490283683","165025,89183847434","162852,3853153296","154103,84947300347","113938,62718434421","103181,85814473632","31045,536175664372","26768,02056468898","38303,422598158286","31795,587397926196","35690,04250976807","36218,74347898089","36204,17501645633","127843,250223359","41580,72221150368","41822,43620607917","113156,97347524147","112366,54544126493","17835,600658574782","17835,600658574782","175602,54892726112","120749,0735903795","120105,20372996977","119169,6697377461","150031,72873930054","151695,83476897678","228244,1290488687","228244,1290488687","211458,85118191465","204547,80014837976","15686,853336327897","135428,37094096362","140013,98554518906","140309,05316546126","60591,877863396156","27332,440413113043","96898,47992852802","101326,13983859951","76371,84447960091","87482,79751065059","89719,65246975771","77431,75533164106"
735174,"88725,72228140413","90341,79807488197","83293,05730302873","85911,51339985018","85493,30187703621","111764,55158700969","123841,04401119267","126463,6379386175","86684,3635870481","74615,40189822883","119046,72667286014","112125,87159717726","111563,64607898027","78508,2058492194","40979,296680348474","39331,30446106167","99117,45852020597","234524,6187849315","134020,8841550258","135557,75269692027","60815,408276586866","61970,04711753323","64658,41040386195","64091,60250121905","63898,757696919594","71704,31997377283","194167,55726144134","164865,6467760696","39368,77873845628","33729,719557855606","39345,365725613345","40593,36490141068","41943,51795761463","41279,48909059777","40282,96726860837","89532,05941515934","167783,11930968816","165079,19950199014","172273,5961971182","165079,19950199014","190863,2728274508","6033,248415910367","11436,72883628757","9092,757315311876","10931,760810314418","101035,04769780453","95054,29991958429","91965,84008520254","108945,77869633591","106302,97799739758","107776,55428612448","101996,30265022062","99013,99987345748","117430,59439231279","116288,90801371848","117289,90530381833","111930,69493678035","60615,33486944336","61506,915968721376","196248,96524137157","197338,0763392756","197412,22790746522","196947,0285424112","87614,33521712146","87541,75811271633","125614,68182531129","66199,84911620234","69119,7037263147","68863,85491770928","82788,28807171964","189814,23222008732","191196,80627067504","188439,78146630572","28365,554521349757","30427,050761813563","33415,72636212118","32234,529768073848","33232,821729078045","66062,81340968134","63891,30570937161","63891,30570937161","233096,1995699433","141016,9929449786","43351,32135007944","33918,210096046714","21928,10826632258","37759,65235774402","29980,53833894275","40055,375619384584","126939,57480836503","143367,61041167204","143490,51898585906","42759,23626336611","88600,33189033458","103349,43131290996","169346,8756767014","148539,84489223958","147434,70482977317","205839,4330709675","126089,64366314371","28109,247070579404","28914,91025945315","33303,21271198539","132425,65814456035","139430,92533122556","132049,74610100014","141653,0260285736","39658,593712704285","43457,14088933311","43352,29191485513","4172,0525015452","1769,3640437964766","0,0","40915,06638499101","110814,28190131596","113181,57096836726","110899,10653923877","111546,15236476118","112208,17595300448","187573,17499975816","185812,3136700091","135903,47963412234","135903,47963412234","50592,54720720804","45563,21520684097","48614,76762223694","50168,15322827248","44564,01604641102","45867,34703432355","48217,20888333707","47255,544751440706","61115,77961948168","46853,660573485315","42643,064684697696","48434,2802920664","48434,2802920664","53856,303792407","51782,786120923905","46245,44437256213","42397,77230897679","43517,776712838764","52711,098978946604","50207,277549414466","44679,994347480526","47761,14783585027","43585,08566151939","54436,68498621161","45607,18616818427","51714,19646188274","51962,37977272111","48799,80002510222","51641,41783110029","44219,74100387285","54640,79404650525","43597,50353209455","50718,80374266662","48928,910663164526","45176,82712833439","49603,23106509279","52351,54969354219","52708,38066793125","51697,01830109574","86323,67114953553","90760,7262732098","82370,57760604758","103047,71555357164","98278,07304754424","102394,53015942805","99714,25062574536","100538,72757816126","83511,1705930047","94638,36399798469","212788,96419027649","113504,1693957499","110384,82614866806","74774,85782446654","252107,66643291758","142170,6089972803","142681,9373470294","122641,84006768218","120075,5942467351","113820,27032055391","177734,35143207034","36945,40068153668","95113,93174683301","60063,606199736234","60223,281411105294","133925,0404815032","134557,83009308125","92150,46624114341","92406,40769468319","92406,40769468319","213451,23356511974","29056,400636813003","28252,10072826926","28252,10072826926","96298,04305995954","97373,42314783538","206019,66958789842","14581,688169149582","14951,653949275274","15177,008440260603","42494,33931746294","40515,95321919416","43622,1985234328","40794,32855117449","41873,20979809109","57912,76410667017","56852,974628780525","54035,72406682057","47772,34630910556","48242,22229123779","57880,97752839541","57279,817506027444","45076,73963945855","46970,92138210495","62173,902909762335","57594,267850692595","158387,6949893526","158598,79505905407","33976,121910906884","50357,47974941191","51204,10854279705","44533,60161275702","51428,72128053232","44038,53077338335","47337,38555240962","49556,611553582654","47497,21830316993","203712,83046728067","17078,32781865466","17976,197507862955","27349,655363879057","177225,72911298706","185522,1571167244","177225,72911298706","171070,38167378271","171212,553795486","170816,40058123335","148953,5625042675","157060,1302477038","152018,60528722598","82408,78250229743","51607,71192869738","49426,388087664884","163003,69450132575","162953,42614932416","163651,10334746816","161336,3338977841","152567,44067742897","112229,67930750483","101473,99010075719","30221,189120438426","25495,782122759658","37547,877024486465","30902,776889649424","34908,257158841654","35437,81069732525","35062,13067020544","126082,08353581106","41536,25647622481","41711,97714019012","111409,67461842313","110617,47209655079","19538,34488279121","19538,34488279121","173911,23879812713","119180,19438286491","118546,32175017678","117596,42201267093","148635,60952061386","150305,63046699046","226575,84767960059","226575,84767960059","209800,76901686512","202865,61171377602","14880,885351863059","133840,08193790918","138441,9654306379","138741,97965573508","59129,814239727915","25568,64193237078","95193,09596388433","99675,18762200286","75016,68933708292","86013,30664117137","88410,84025650013","76062,40931196856"
735147,"77314,6638906697","79055,23195645073","44908,237965893815","47597,21088071098","47384,76970765299","89506,6771757294","99374,00704104322","101621,55762837327","87294,67496449726","74498,65686422092","103788,57779839309","96180,57571557922","94424,77610447124","58099,48457632417","5617,39481770643","7716,375886606375","85629,4875855395","194076,86065977163","97464,06824124209","98980,5990911534","89084,42417783414","85639,4638693699","88355,92768534635","87572,99248099778","88635,97053891799","98169,38737743681","164870,74157051748","138577,0301845985","75193,49010794124","70403,26080861186","73848,84084830299","75150,3452002652","76962,4308007821","76916,02590204892","75002,20216680627","71768,71054352364","146480,13249524072","143935,06198425996","153638,8160481353","143935,06198425996","160884,26997511086","38224,756758757176","48075,12418097981","40549,464996664654","41107,797618056444","74086,81540998191","64819,27904576474","66917,80548966126","83787,67427791865","78674,45378466188","79483,62531066533","74826,51567924109","72407,60335431845","107200,4450463965","106067,38843905363","106445,24056067276","98989,77869833875","59538,71554112276","59945,89520008314","175781,47197698455","176820,87748524794","176650,74125480224","176691,9116307783","83067,82812352819","82645,1385476833","106709,88023523915","72655,82254249247","81864,75422321454","82073,73899438996","45943,394733919245","163633,98487104502","164776,46708792474","162504,6533615251","45634,58644611333","46142,40392241337","69365,43709551657","68988,38137047469","68974,58901350395","53894,627280323046","54456,59648213828","54456,59648213828","204533,11604037654","115560,1802069066","83605,69056331368","74703,12367882858","62833,23857870434","77750,98181386197","62906,70552343846","64494,49693434761","114502,0532130103","104051,9129336571","104204,67012801832","14981,210799011635","86647,01278655446","100742,42521725682","141725,7864765347","126375,56898095732","124779,77567234969","183146,8229323946","109256,01940109165","23218,870725024546","21088,845756084545","26510,914537885506","120396,53110515054","130485,16012070145","119101,49821408355","132205,7181649436","61461,51491923068","70384,43863107153","70386,37029873468","37415,73075219334","41627,8586116198","40915,06638499101","0,0","105791,72845585401","107726,13573548145","106441,67829088928","106865,50597391414","106849,39932809374","165880,6726209659","164055,7998561606","115525,73379062263","115525,73379062263","23152,61453458756","86093,09601562338","88313,56505939178","89227,1354724855","83481,42375012148","84446,97927495129","51855,11985669564","50939,588152989214","67003,6526220567","50546,74642786354","79492,77996749856","83981,62484373347","83981,62484373347","87422,09661971216","86733,61047579031","82731,25121940703","76950,10570972065","79412,10520619465","85436,54770232446","86712,32423572704","81580,0892183329","84811,36419561552","80044,9919258994","87937,90834790832","81730,27702892586","85425,85766561051","87461,27935341916","85978,87995002777","84042,358195575","79199,66726839921","89379,44707695351","79904,78878757507","86746,25196572127","83905,74338179055","82389,16874311105","84284,40985848325","88579,79944414178","87840,85942218179","85597,23753303122","90223,21063809603","89607,36333154922","85460,72419986795","116312,65353792175","110139,7550844327","115601,5778360137","108385,2072016479","111645,6229491471","68031,32030695016","72969,4188261729","185069,8871791994","74587,88438331072","71792,6631436286","35235,183666690435","211480,7127848904","126836,8295128258","127348,92281275868","92353,95216405917","89717,19728188912","85753,7609580505","153427,28213434387","19233,24929905462","110567,97598684965","21690,057259191482","22828,181420726865","101433,65309650518","101846,35944073486","53316,927298572984","53479,86777592789","53479,86777592789","187572,4037383045","39211,57099656861","39836,76717991812","39836,76717991812","59858,74507781355","60930,67676803465","171890,6818764135","32473,173797352443","32900,304276621006","32467,595221051815","53260,62689680603","55146,025587145","54918,49955570957","55362,75642374398","55039,38602977786","90381,18877960368","89198,51257276592","84946,05904698085","80779,01716078122","81015,28341128303","88311,8028589307","89821,79206293428","77618,67692156111","77792,18115950012","92321,0236391098","89345,94094695408","131652,84115799802","131502,54966678054","8312,485347229782","89269,31400909426","88898,86452123306","82021,55411514886","88185,1498495758","81572,93386812288","84801,35708711631","87787,27169198194","85817,34790510948","175756,0528170655","50818,163412453134","51746,09214384921","60005,17367480389","141648,91210613263","149950,63081446078","141648,91210613263","133273,08474460882","133464,29483485763","133213,86785761794","131659,14138110413","137459,28034085638","132345,39445222553","53874,372330492624","21896,398411720274","23840,486197591264","128294,22568431389","128372,0181589093","129033,80121851157","130561,33384282589","122648,91266809394","92982,91521720284","82881,42826479228","64902,59380613611","55958,007335333874","72051,66344990923","64825,42782382865","69429,8912777485","69910,30218232516","65285,63804419624","120589,85358906409","80817,93589148499","80669,47367721316","109353,57713368324","108350,73513968775","47608,68372806851","47608,68372806851","151031,8897287122","129407,43455071168","129261,66955818959","127704,2814080155","114697,90750066629","116203,59393728823","201408,64790693746","201408,64790693746","184258,17115525206","178854,73697538042","26041,946610344712","106437,01661776235","110215,46134034485","110307,00938274864","33087,52083104312","36976,66531541454","98905,14284573954","106840,49448053454","95811,89817939734","102378,02988949053","109411,58342876627","96375,21602097414"
835191,"29950,602146525955","28392,78599048942","96629,98942815737","96714,82888481156","95779,68847885278","47341,880821339146","56272,84151755417","58302,5792706992","25579,26232960282","36293,52289122259","28526,837663009617","29618,79073978211","32921,87938374359","53283,908288866645","100174,66207396358","98298,66452849007","26735,742784256312","241632,22562570678","105258,60707612683","106182,7728534655","84197,89520630537","73558,9057800773","73378,55105500949","72945,99384015422","75766,16893422535","80483,12158253633","116795,57395518216","84739,85496200953","101874,89701825407","103467,6890308577","98395,58397842862","98629,52739983067","99994,75059615873","101623,04744773245","99017,7043487283","41422,998757364854","73816,51424659208","71292,10356135151","72003,3086252085","71292,10356135151","116336,10602030146","104934,51524419559","103913,39813922258","101844,48399553116","100108,19765696743","60748,38370133781","70400,37370840125","57101,55484351081","55597,11101216492","62764,08086598597","64893,55692250335","61344,85093100062","59933,475055934","14852,121317445026","14482,482423100926","16363,641415325397","21383,332477094445","50460,38708089828","49642,838557950396","96623,7861061255","97700,65918312322","98217,33662292753","96872,5577245196","23520,174908439025","23749,53243814246","40589,66901182744","46806,285241209844","51836,777231306245","52652,498029991344","90765,14541333486","104011,5578816647","105819,36472364086","102205,45414017508","82810,38694748188","80684,80612011094","140766,98536583892","138927,22595551884","140813,2543590078","51917,19741041651","51521,360286016075","51521,360286016075","148300,6561795321","66831,90430009877","121340,88135428035","121890,90099444232","120052,19890691097","117159,26351567107","139805,57069525748","150849,13426430846","24666,63991877114","127663,26697356165","127503,6899447585","90811,48388833617","22382,55807061593","8917,612164825634","92071,07718689174","61784,46689508524","62408,222994316515","109603,07619800052","35119,225308084555","90742,01471384181","91836,71887416884","127334,6453753285","27513,800301616244","29480,408563437042","29033,126077409263","31958,643977642816","77660,92113348235","82908,43129068842","83107,4411149761","111871,02854658586","112577,29554472491","110814,28190131596","105791,72845585401","0,0","2480,2597291097795","1553,9123342751898","1296,8609445317088","1539,5760347254363","91315,02050026515","89920,46257767662","49358,34140333635","49358,34140333635","83579,56063346587","124774,18516461905","120035,71932094824","117127,86075619173","114205,32259892284","113141,88991216704","62632,78538827204","63614,30048258123","50743,16793809675","64026,82571963387","105601,01725535432","102693,59931691534","102693,59931691534","97723,03301912251","101548,71435855715","105247,81818885682","98794,9340529408","102762,47078747262","95118,27735797859","106369,6657323689","106263,80258796371","107633,94572779817","104542,65229479934","97641,28171784215","103906,29416701217","97765,10272064534","103377,43331844051","108422,1134812469","94096,89469142313","100201,81590682868","101545,15278322423","104058,39256872241","104840,23213946342","101018,422346693","107490,98516123132","100252,50020270172","106000,61797718174","102354,24440091311","98314,43569576454","29563,968594606155","20753,51774809629","31315,840883264864","48987,32718830582","44191,95155524902","48661,70991656543","35826,04340356079","42434,31199435808","41005,413271066274","48031,635338541244","127890,68742768373","108448,55968082156","105167,31034295718","100651,15177791961","254350,35026299462","41118,36979340043","41497,74416921487","74767,88909894953","74180,48383926738","65048,33963681827","89143,14123002488","122905,48845917713","53553,85674717812","96574,06152459096","94170,8846553806","87511,4065689959","88675,95904715765","100452,60819280251","101001,75572104","101001,75572104","123631,97904041778","133800,67644545797","133630,49682041016","133630,49682041016","90798,06577654002","91013,59778688125","144333,79058726967","118372,26930449749","119099,07298923409","118928,82637413817","68842,78150112354","71912,6744891196","68013,46586140126","71665,25037230189","70180,41233243399","95236,62735230263","94687,83273590342","90429,34159957065","95289,16502023462","94726,7110362475","89535,69974698198","95335,5251169582","93936,13433319391","89975,02667826434","89305,48525362137","93113,09607916157","81525,0135622747","82791,1999634185","109711,92988796614","116454,84729011038","111254,12559737859","108312,6651029368","107648,83595327756","108343,31700175171","109053,38559057028","112943,88880279002","112586,37995690842","120716,11460786918","99222,84493702886","98994,90192609235","95352,05831706316","128312,5119984682","134565,42259162175","128312,5119984682","135966,07104238297","135764,5818943903","134582,1218047703","50269,630705861884","61499,46697717694","57882,30572859074","68180,27763487956","85611,92520751558","82397,54797207205","114063,63272408793","113449,9143614583","114089,27592309716","97033,8306880331","88251,48480590928","38807,49566278344","38302,19982272971","98613,31233831742","92912,93182081851","98288,15542245841","97084,96349164579","98239,83657085968","98139,51545099492","90062,50191808894","15328,680027572713","114823,29911714369","113363,15715004211","8232,578314052711","7460,167817554847","130092,06405689116","130092,06405689116","82482,64524793986","46273,75764480208","47392,367972204935","45120,821141263885","101403,57768105982","103123,62242363773","133777,67048123523","133777,67048123523","119564,18347540492","109806,33463088158","106846,14334550763","69446,07667700107","74392,29352743899","75245,52169863113","75406,81630019529","85709,30831426436","24717,98095172319","31928,22297343981","66185,82684573001","55232,5978372698","67898,75028711511","65006,22736154718"
835192,"31455,703916819028","29848,754949412083","97731,93520773826","97754,90460115267","96824,18326542615","47130,101453271556","55596,41121789921","57545,282492608756","28059,43618573741","38703,23000787448","27474,93299044862","29185,25924318514","32568,740030080593","54630,45066566962","102108,78877153806","100261,3726644534","27474,041734569215","241621,49308900864","105107,29378419704","106002,44081519384","86592,33276927817","75964,94487449108","75760,61728652638","75334,72146969738","78149,22370374556","82776,92791689468","115066,97285983746","83106,55597415759","104351,28803272375","105947,9419983694","100872,42493324964","101104,48211244629","102467,05769620223","104096,45756971028","101493,08611421473","42457,17697920051","71746,10991597208","69242,44612247295","69718,47288068087","69242,44612247295","114695,83979433689","107292,58649689","106334,57357585424","104222,01070735096","102490,5629349698","61133,952566694075","71047,77338721738","57854,16914229636","55607,42735685661","62949,473082712866","65038,79896844837","61694,46121884828","60398,03532754185","13370,796729386278","13165,44260832666","15001,24556618745","20878,1290822919","52770,39383693475","51942,86199746937","94302,29380360132","95377,06173018763","95904,50843397739","94538,92506495792","25773,116058977386","25970,11238039888","39430,245655735285","49280,57881111956","54281,335018300015","55093,96104010407","91850,02752358557","102077,4507970029","103891,30227445178","100265,1170383806","85210,18948163828","83083,28039283826","143204,46538595675","141368,50001833393","143248,8303428831","53832,64344967504","53555,7697401307","53555,7697401307","146271,7224916731","65635,0840786538","123816,99996215192","124370,09769015123","122510,7813310971","119638,94345713477","142213,0795288447","153208,36158209745","22715,058444140242","127640,78468660003","127475,20400701326","92745,06544432363","24819,792880050853","11337,309763935697","90483,54558305058","60107,86897326623","60801,051568759445","107348,5187759317","33743,20045365508","92922,93226273463","93993,6215690195","129455,18828955574","25285,579716561777","27001,668066413975","26921,824324133315","29478,42145192992","80135,09864148997","85386,46204736443","85585,48317886057","114210,22618204319","114945,52683699514","113181,57096836726","107726,13573548145","2480,2597291097795","0,0","3246,2534788161315","2450,134070302704","977,0120483574643","89100,64164764587","87721,19263321198","47884,721011221205","47884,721011221205","85406,04134990241","127249,36068659827","122501,13690594121","119586,31203292428","116675,47118003602","115608,6001057642","64985,29057847449","65962,83342618721","53194,664097557186","66373,54011576812","108072,00934966063","105148,39789412181","105148,39789412181","100154,51512530095","103990,40818794206","107710,04432222567","101266,50497670007","105231,29969148853","97555,5409707492","108819,53910939068","108730,40208048726","110092,60206133519","107011,48495490395","100069,84218819003","106369,99846560684","100206,6110311196","105819,01282703354","110877,92404089484","96539,44351128397","102669,00981409149","103973,7395714984","106527,13829965286","107287,44572623116","103471,22026749534","109956,72371997201","102702,73178084714","108441,95367739745","104792,19364091933","100756,01552889695","31994,493382905563","23228,169280219376","33791,71373723699","50601,60610665691","45990,68747580948","50300,1096221322","37611,29854299423","44148,92202511604","42396,739465353974","48707,01338946464","125905,36939694882","108911,32251935084","105670,482387894","101964,88602054668","254198,80216279285","38972,50017070335","39340,9237394206","74475,28745345859","73973,54584975743","64954,09970494106","87184,18112482631","124951,29250216548","55435,354807498305","98176,52158298004","95768,87730992881","87045,54912893103","88210,73382303232","101368,5063300337","101915,87564707971","101915,87564707971","121521,67348062068","136035,7500129987","135875,15623811472","135875,15623811472","91531,05186623668","91718,9413499843","142943,16288261948","120645,91132875875","121373,21906744374","121199,64596792287","71259,86298828981","74354,45638772896","70441,52654403905","74107,82799659001","72616,83469912557","97645,51654035134","97103,08657168609","92861,96265610805","97746,7774997199","97182,86693884809","91946,24535786883","97748,24229084495","96402,75500479456","92438,36946336142","91685,72076462433","95524,07633556599","80039,8446539258","81333,23978992074","111746,18843184269","118912,06984536539","113703,76730174455","110780,22580479833","110094,91043385844","110812,00714228407","111513,9876676369","115400,41670389501","115048,62951616995","118805,99610634755","101661,08263547289","101437,39612598487","97823,30189553462","127366,79036414769","133523,61225463086","127366,79036414769","135358,2171905514","135148,6491958929","133952,4874122521","48159,749439350126","59441,98393616119","55915,63619600541","69248,86075597462","87404,68772733191","84257,56721109246","113220,83668811561","112595,12488810562","113227,46061261327","95849,17666056292","87153,81233254711","38471,90329038068","38658,580964876215","101091,53566947315","95373,68868988726","100766,97416029547","99563,4233489138","100720,03547943897","100619,58958944342","92542,15328445745","13081,52066573645","117298,85024698028","115837,91696176789","9211,735727765692","8663,831644411735","132438,7235449643","132438,7235449643","80458,89112500896","47130,087980152595","48302,067061918526","46041,69858336206","100733,43019994907","102436,72605381919","131570,84270949097","131570,84270949097","117451,72528838788","107638,18287655189","109097,13542077955","68613,99441771218","73488,85188152053","74350,06399817884","77101,81589763922","88038,2603364237","26931,111526597495","33754,53484121117","68464,59721094788","57349,71564369276","69936,01989838318","67273,27629205103"
835141,"30965,88670499245","29440,217241948812","97816,06321810311","97928,18173723482","96991,2908511701","48879,550231315436","57825,615250447765","59852,57841571847","25239,811955613986","36308,7067415153","30045,517438442843","31171,425679500328","34471,230539142285","54363,4984455628","100825,96634571505","98923,80355736187","28097,110858166838","243138,43021998424","106786,13923812048","107713,48835038788","83428,08661092762","72815,69362066417","72584,22371201786","72165,12376401963","74973,60679065436","79546,43001146484","118146,54692756315","86127,29473255931","101403,90565727488","103077,56908315855","97929,97676475621","98144,5191380611","99487,66346406877","101124,40938289942","98536,68801458238","42659,60609434582","74973,0872658241","72463,70294782474","72956,09640544937","72463,70294782474","117722,28483497056","105039,38750849733","103866,90338490807","101908,4998162723","100161,62614794746","62185,726362841604","71763,66754403806","58434,82937667313","57107,48610517686","64243,89708328466","66380,45610687394","62790,4889758955","61351,3582038581","16265,285192518697","15938,333781656207","17811,97500829324","22937,235471779688","50674,26085451602","49874,43022003173","97527,18016676557","98601,01602828961","99132,83073502356","97758,23841702462","23869,011208983815","24144,897036309474","42095,18067927167","46541,681849789675","51204,82225940231","52009,78407477679","91959,93467774555","105259,1298933922","107070,52017197337","103449,29686809692","82825,70650881325","80703,99066579912","140665,19282861447","138812,34264443774","140717,88334344933","52604,42346682499","52094,69819671703","52094,69819671703","149488,3998559644","68334,29021208537","120865,42037089204","121547,41289964262","119868,34934212861","116738,58223849871","139792,8270030801","150946,45603353973","25894,59957948054","129173,20361069952","129014,51053337863","91465,41500315869","22339,957976698075","8272,66547761812","93475,19424941117","63153,640305108274","63803,33533520356","110591,38227445395","36578,09355053397","91130,14989589929","92254,83606706151","127790,11810398269","28531,79303257872","29865,81250216181","30154,99290740684","32383,198667133278","77386,28282177162","82460,02704110998","82659,16999066163","112011,89995180574","112659,87032816732","110899,10653923877","106441,67829088928","1553,9123342751898","3246,2534788161315","0,0","809,0539724293072","2573,1499813370633","92346,80477969226","90967,3894560999","50794,440364968774","50794,440364968774","84327,92675501999","124289,16003770968","119483,65965293646","116541,9212329588","113681,88333593962","112597,45827897453","62760,441580317594","63749,41767951345","50607,66871525454","64165,33806194457","105083,95014745524","102093,02981500636","102093,02981500636","97043,41217462641","100900,32805047587","104680,28961425554","98282,55606654748","102231,44157554381","94456,18811170437","105749,5788868708","105719,24325482889","107049,52829267619","104011,49738989114","96953,32678390027","103346,29697796355","97116,37267143308","102728,54958387751","107825,3350814807","93451,88764355336","99661,17313730877","100857,02393583956","103526,73729708526","104210,53468912154","100409,93184759475","106941,52183212402","99634,18556553645","105350,76822049438","101693,79066944239","97665,90074307022","28897,03816408593","20520,699915515972","30861,58398841916","47579,921707525325","42861,30142683986","47263,126360347094","34487,03118169063","41065,02074265266","42070,41275164298","49393,84375311874","129107,30430956236","109859,61737753097","106567,70777466426","101732,70437684364","255875,68058807764","42213,37260515642","42583,32722980423","76310,12180612022","75715,31981785544","66571,50228950809","90375,35453569917","123443,87491179368","52267,589458796974","97484,42672267552","95084,74438057057","89062,94268839121","90227,4568154043","101716,41850171109","102266,18433054643","102266,18433054643","124758,44700669593","134108,47499082456","133924,49573574186","133924,49573574186","92129,84812914116","92354,55120917059","145797,7864102736","118624,47039436283","119350,38794814268","119185,33944320431","68816,05221603817","71806,27322429157","67954,34755291951","71556,02354324594","70093,35094379453","94498,4011688069","93965,00704495214","89753,58218645873","94701,1044802269","94132,43934958917","88801,76366615444","94606,43845563558","93392,77956535325","89414,44613542277","88506,49970933812","92379,9627459252","82961,09997764343","84235,18149264659","110264,32553264424","115863,56742633203","110632,86753538791","107773,50855114486","107014,92624735145","107810,97594642322","108477,78128669798","112349,84543564939","112018,44772851116","121977,92313539567","99123,07336921267","98880,07799800401","95097,97824546392","129851,08560457754","136093,62983018564","129851,08560457754","137519,97954675418","137318,49324086783","136135,997506201","51394,80531785688","62664,992200136694","59108,0933911736","69387,95950102653","86386,80380282766","83118,4084616414","115610,14917294403","114995,63135926107","115634,51857674525","98539,98198888272","89771,07113702717","40355,194711972574","39754,43963384179","98289,4744665055","92721,92109954098","97850,35499459122","96757,58294294101","97843,17856117376","97734,9018467445","89711,54377208946","15185,741031582878","114342,56136122897","112875,08226159133","6678,809413475605","5917,610459293885","130216,33018977585","130216,33018977585","83672,75531960068","44723,64805862825","45845,34214027449","43574,36646934896","102956,94439567103","104676,67563018262","134817,08351875373","134817,08351875373","120688,86680085862","110882,86743961017","107134,5110826575","70992,34885555303","75933,41638757286","76787,34301569626","76258,70999406185","85874,28243624784","23686,984483143096","30608,389007365233","65229,91875286499","54108,759325127925","66712,50724496497","64035,608244290226"
835126,"31179,896979805955","29632,746782785973","97910,42200025257","98000,45549753393","97064,99944308799","48538,93070423099","57357,81484196175","59363,50134514931","25988,67213247227","36972,16681909582","29474,97754955379","30759,81015992242","34083,87681212776","54536,23921106896","101249,00477277451","99359,390881025","28032,037694781542","242872,237856824","106472,71790029072","107391,52935118163","84234,93232827948","73621,12968197791","73391,97357852782","72972,36885696434","75781,30841872713","80354,28400463359","117426,81389722296","85427,45820009799","102180,84026439117","103841,19314864777","98706,0374698114","98923,51076500455","100269,85682397246","101905,42497279281","99315,09270045046","42711,618554781155","74191,92808372628","71685,75782389517","72149,92740419868","71685,75782389517","117021,01909125013","105679,99144868935","104552,39239623718","102561,77436301518","100818,08492350465","62030,495348413126","71696,14362393224","58398,41534481904","56834,81885430524","64026,485490165236","66151,19815625239","62624,0261016783","61221,14836936844","15593,798299983273","15300,368154156338","17165,700592971745","22498,644796917106","51275,83049275941","50469,691425761375","96718,86020583536","97792,61335580044","98324,87414466435","96949,51644284766","24414,840732806257","24672,531448082413","41501,68395576733","47278,35566328437","52001,08094032757","52807,13247733969","92047,27273369316","104500,0570954596","106312,50864657154","102689,13687315649","83493,00605306085","81370,07526883451","141366,0945667405","139516,6033135138","141417,10990914033","53007,525531583495","52552,13182562559","52552,13182562559","148713,05787484895","67734,09380202732","121643,2532434556","122302,69693661918","120589,38436869944","117507,66107087802","140469,45767599196","151590,20264703667","25134,799837575516","128899,97569718811","128739,45066169377","91886,9212342062","23015,839354157913","9060,496449989358","92785,22722400063","62444,66848354133","63108,96042797191","109787,27824265555","35933,4574899137","91669,02198090797","92781,64337648296","128302,27425568778","27732,164209065355","29096,00558100019","29369,787400035144","31607,503430344732","78126,79766492275","83233,10799093016","83432,23395678282","112641,04630858426","113307,65383305583","111546,15236476118","106865,50597391414","1296,8609445317088","2450,134070302704","809,0539724293072","0,0","1855,3248465536162","91546,6695923205","90168,90504374442","50128,916217029204","50128,916217029204","84701,524365772","125068,44646719363","120272,03257820975","117334,3108342219","114466,48721537241","113384,80765162304","63392,04888247347","64378,66117032611","51314,32692233524","64793,49805980936","105867,59762271807","102886,92111079983","102886,92111079983","97844,72622618823","101698,99643327235","105470,4254766861","99065,47274464309","103016,93863987368","95256,02216017642","106545,55481983203","106506,54106105049","107841,66558153136","104797,03152279167","97755,29232208272","104135,50459867269","97915,04070881935","103527,27788684377","108618,8639638535","94250,17889539267","100447,89905679907","101659,02998793701","104312,33218475351","105007,45800195563","101204,65709105233","107729,45536639905","100429,92701594664","106149,60424324521","102493,54146133753","98464,55570300638","29695,39729281786","21244,68098019836","31632,599290825714","48274,94211206484","43596,56459939004","47963,62504032054","35219,758004159456","41782,46618523676","42252,51914457991","49327,60914707601","128339,22770040359","109737,38298567466","106458,30249267703","101905,20388737028","255566,96095877822","41422,54421378319","41791,05760559072","75952,18345469564","75382,19773850711","66269,9871864218","89612,06009923972","123920,02988481017","53019,08654857235","97767,76212345378","95365,93700990533","88656,92756701105","89821,71966876206","101745,54920875675","102294,76750674656","102294,76750674656","123970,97330203069","134679,40025019526","134500,5670954896","134500,5670954896","92094,92523406389","92310,34756332415","145152,69916095855","119215,53829349023","119941,78778278001","119774,8672913068","69494,83810998281","72506,79848949163","68642,08063164761","72257,27123001197","70788,7157893229","95303,71105831479","94769,39018976937","90554,52420793242","95493,52980564174","94925,55542124063","89606,79105315548","95411,21253519166","94179,77568428451","90203,5557439168","89314,47218661515","93184,9653460264","82293,69787447825","83573,95021562101","110733,93277303716","116656,55257287672","111429,00047847528","108560,13188541104","107812,28182617958","108596,70812385193","109268,91181001217","113143,11029233556","112808,70075228119","121223,04963059309","99822,75875074156","99583,65751340326","95834,54540879848","129316,4391683801","135534,24214085212","129316,4391683801","137076,7259366416","136872,9878822203","135686,65393929664","50608,47696006864","61886,04391487063","58343,9649332581","69464,5868978402","86746,44217007975","83506,21039153315","115102,23808610182","114484,51337658665","115121,55884393232","97943,86825872544","89196,3180274064","39975,94149409775","39579,61267042931","99040,59190866735","93444,12629647486","98622,00920421127","97509,36863186075","98607,87147272805","98500,97976314527","90467,73523066091","14537,7083614245","115121,11776872","113654,70576652231","7166,541450902836","6479,907937470321","130851,20535743934","130851,20535743934","82898,72807427763","45221,46212493364","46358,4898308404","44090,20401073653","102495,0879086677","104210,32945389234","134017,48027433312","134017,48027433312","119901,11694828427","110087,85959968391","107712,15923280564","70484,78513201566","75407,5842679969","76263,65120598674","76575,56134984893","86494,72871379508","24490,716528274985","31349,81466511888","66037,08469709317","54899,60633001774","67491,17576269641","64842,05972532951"
835037,"30697,7737497454","29105,319261546432","97116,1694744325","97160,30246499609","96228,00680380607","46989,487032758465","55644,86355764102","57627,54293796783","27103,827038491923","37726,36949116439","27669,877736791885","29123,480199422236","32477,25415812964","53929,02787748164","101232,00451038731","99376,71148983827","26968,077841321134","241415,13356229823","104951,51550754493","105858,05920756725","85724,22348086961","75088,66849131293","74900,77939752689","74470,4173478569","77288,74999533845","81971,57060669242","115580,17925350746","83573,96519539777","103409,78590127295","104993,90474000172","99930,06570702317","100165,5023330668","101532,1093481356","103159,90006915112","100553,388782675","41856,84559971128","72425,62898757559","69911,12260499438","70515,65991354748","69911,12260499438","115167,878001527","106320,26715016515","105357,56386150539","103247,51329802533","101515,60318186993","60769,08745644167","70588,93400840691","57355,62198031229","55382,88906018672","62659,76907733079","64764,65656832691","61343,02803072598","60003,93378266152","13739,698209857224","13457,002609965222","15318,346152813598","20835,82644643285","51804,563237752925","50978,654424231165","95121,91873611715","96197,99096256407","96718,86020583657","95366,0636661659","24815,718842084993","25018,89205156419","39678,38037087752","48314,225704839875","53375,23370444105","54190,48941269738","91239,7090931494","102689,13687315739","104500,05709546096","100879,83044754826","84233,88019739892","82107,04725706697","142227,8841977751","140392,19848880748","142272,13876660573","52958,79924575436","52650,29202460939","52650,29202460939","146931,65876928397","65905,30413296587","122875,97686983668","123409,88862969245","121537,16156593696","118689,09194004706","141236,4183231566","152235,99004468485","23325,86614866391","127436,26106228723","127272,98838895603","91868,18852908211","23843,47546817333","10448,515405167822","90930,28974259114","60593,52868153306","61254,48111870006","108128,68390891922","34084,974819072064","91983,28282212748","93059,47991437775","128530,11901514688","26046,64151442346","27963,875847203322","27618,10517798559","30434,98764662194","79168,4702075318","84441,59454131534","84640,58866706656","113240,45083251584","113972,02983937791","112208,17595300448","106849,39932809374","1539,5760347254363","977,0120483574643","2573,1499813370633","1855,3248465536162","0,0","89857,85562748564","88470,00320193778","48274,942112064375","48274,942112064375","84559,16637409445","126309,98316708695","121574,8355240283","118667,43591695331","115743,43679825647","114680,8067933519","64013,46075710519","64991,52292166061","52219,76208570459","65402,47264759645","107138,8678721376","104233,10025536736","104233,10025536736","99259,3124269116","103086,85345944313","106787,26398534596","100332,58490206313","104300,95296241289","96655,66957564549","107908,8288518471","107802,74241821906","109173,51985913776","106081,13215132373","99176,93905468537","105445,6189410099","99303,20863786551","104915,55696236424","109961,65291229903","95635,15366057778","101740,65286138144","103080,82420748644","105596,89398010043","106379,11809722577","102557,81424565066","109030,06105649992","101791,6925064499","107538,7068579546","103891,76906898567","99852,55335583654","31099,580889090317","22262,670541365194","32851,467690649435","50128,91621702967","45433,09788540983","49816,51715118471","37058,082018912646","43629,61572876648","41678,34149838161","48233,84584804766","126543,03907630003","108522,99983185172","105267,13366787565","101278,36915519321","254047,18010499835","39689,66405066505","40064,09330109495","74372,17410957621","73836,61900919654","64771,825158499545","87807,70979025331","124044,96716605802","54840,31497702965","97397,37406427952","94991,01554274754","87012,91676875696","88177,95501100711","100817,14273452331","101365,16558224565","101365,16558224565","122223,25243452119","135084,74759885072","134922,1855309728","134922,1855309728","91043,61504167886","91241,40036708102","143303,0368810947","119687,17659789728","120414,39305986385","120241,44900974259","70282,88478066641","73378,25880850253","69464,58689783998","73131,70505450663","71640,23680995728","96767,312739701","96220,25179234958","91965,83833655507","96828,73857535563","96266,25830137178","91066,82482539654","96867,26764349475","95475,07868218915","91514,39124342018","90827,22521157627","94644,35555454146","80439,31784122808","81720,5400078074","110842,67896161297","117994,41792005894","112793,26965324358","109851,42528174368","109187,58848140508","109881,82864188605","110592,91581901014","114483,44749785491","114125,8222107205","119406,30014948387","100684,5724278454","100461,22927948415","96854,58916879169","127534,01432997907","133731,73266781212","127534,01432997907","135385,90635734788","135179,61998207364","133988,99741834178","48858,52872061897","60114,14450407961","56541,23028296334","68642,08063164781","86567,69118205029","83401,02996663272","113344,3058959509","112723,5640973222","113358,86541054818","96116,86433711695","87383,38362083389","38376,79918805579","38297,79446443651","100129,41302960068","94400,6841090324","99820,05846143972","98601,71619093572","99766,99504096007","99667,67855491268","91583,31018615334","14027,574850631816","116358,84176608277","114899,23892492849","8953,17316722905","8310,721095660136","131467,95338388774","131467,95338388774","81114,79237477308","46981,107098580585","48131,397791114796","45865,73421400716","100784,8093042557","102495,08790866986","132324,42273285647","132324,42273285647","118154,37540297961","108370,35447962442","108142,72728353848","68729,22656907549","73634,60613163683","74492,56450187256","76293,34162596973","87069,87293877252","26166,840526302196","33181,231432315995","67667,60283488437","56639,154498680306","69266,51992139284","66482,90250389103"
936108,"100491,31066258233","99114,34799110785","132137,9654560864","130329,44790220748","129788,7442648191","76773,00999789848","66598,17962702826","64506,01612264509","114708,70975641088","121203,18470600003","70345,60764438396","76301,8086627419","76321,70566474386","109930,48189859674","161014,33112733983","160361,1430536264","89830,41907421987","216139,76375350807","98156,65424350125","97729,28913704517","174693,71478709718","163961,01906162043","164077,2463334818","163574,6358398587","166442,30717997366","171707,57351531863","42503,0040485013","33850,687427881894","189262,50351758595","189701,16657105493","185783,3375101865","186259,7879333879","187873,6523819269","189368,39784342865","186590,0412552407","98057,71186396471","19791,1911849079","22495,02381327029","20088,699822978506","22495,02381327029","46198,97314209126","181588,49675807127","184022,54850132723","179658,08919276428","178274,32206504254","92111,4752415443","102781,9267413893","98991,71523695061","82142,25370068973","88039,02160956377","87748,63799668738","91481,5535587741","93644,02931423696","77856,10292358338","78719,08684835903","77025,27708353498","78807,90231847302","130451,5834085642","129458,78138528137","11272,796806951868","12051,276046265668","11424,455266535408","12566,58585504834","107302,86610192896","106963,25406904679","62059,433416064436","133771,3218919924","141790,58614732465","142661,85378900045","127414,34747019019","23874,4647118544","25343,18254064975","22463,029400305124","162982,47901356095","160941,55582918943","220543,32574657982","219058,9956483958","220441,82896889804","121576,22747247134","124084,27704339143","124084,27704339143","59489,16492098936","51590,18183161139","208445,53256920344","206954,45012775247","202264,55093397843","203544,12625702572","217515,03331267426","225235,2197177107","67147,08858758729","117779,80513040858","117450,41892587465","153016,89213849988","109884,2319904991","100052,35961076184","36863,09132475165","39570,84684171902","41101,60105757841","18638,097707930603","62597,018744903406","161316,69012711968","161424,2922845243","192073,96907604608","63815,15623937331","66848,93720793028","62381,62224031161","64393,37481802041","163066,6113573598","170439,50500164053","170631,75418379414","187174,13885137095","189283,9061663907","187573,17499975816","165880,6726209659","91315,02050026515","89100,64164764587","92346,80477969226","91546,6695923205","89857,85562748564","0,0","1830,5803331026411","51672,453114819815","51672,453114819815","143712,12420410075","211960,27853861547","208173,0177516934","205705,69870316194","202060,7293958172","201274,2347202697","142530,2356004264","143260,30245787898","135906,6075641344","143561,6421487079","193507,99186696464","191600,55228988684","191600,55228988684","187445,07543938735","190949,66609494525","193759,48868397888","186759,35199427992","190884,68034996698","184709,4691846219","195439,31004663985","194494,18693941477","196305,23676721976","192638,4784603042","187436,01759310393","192350,43718729995","187207,286756971","192765,33540842542","197220,60680163346","183543,03747186353","188477,6570352175","191309,28161039596","192167,76677513774","194024,29507059994","190028,27170898495","195762,01704899527","189371,68147055578","195372,9726571475","191861,5105515878","187749,18317404515","120169,7159638344","109704,10928542509","120782,32841264334","137502,88241018806","134010,686255774","137358,18428580693","125745,62995191806","131802,79265801492","104110,54091962661","93893,984436122","41204,31076352127","120571,12593874567","119607,40397671293","141635,28418625047","222856,27978570445","50285,78687173113","49879,14245182616","79154,20185426009","81423,35280476788","81765,95295520657","17305,845231742594","185112,83569715603","143699,07116618144","147352,7205853918","145291,90652123748","78404,54210161332","78911,47849634597","129232,79308122273","129573,17241256626","129573,17241256626","33606,540176384166","202905,78727290317","203176,93686984995","203176,93686984995","117088,85312416627","116410,74746638043","78302,71380961988","190224,40860530498","190923,7384625909","190617,1209192366","150877,25077910328","155049,27664210272","150657,96458250174","154864,592671328","153121,8438645437","185449,5166947807","184788,4884488115","180185,4196458717","184160,0495065995","183669,56439259546","179755,5993133585","185479,44265339233","182344,02559938745","178635,95486810413","179950,94230438457","183302,40968975573","40168,906448327645","41307,15510347579","172854,30773967135","205101,5329760574","200285,27167907145","196448,53344940682","196847,02336100416","196395,81156005987","197607,65908129304","201660,67244596017","201007,7299977038","37623,20991421945","180649,73788646355","180724,46115266625","179719,42812708498","83809,83747855648","84557,48547332692","83809,83747855648","102455,7195026755","101999,10914660397","100600,15267401813","41395,489873739105","31141,364908496274","35920,280748946796","112196,22070928909","144342,17346151467","143759,1604375114","78394,13271292779","77553,87668807972","77670,62852677479","55969,47222581897","56439,990448572105","75346,6502538605","86105,12631273769","183982,30701012","176316,77660906335","185312,23372479907","182555,7017355805","184698,0643347379","184712,2460220246","176101,9506801685","82172,2961342632","202106,9557134324","200770,0009867897","97011,02214336242","96938,91121531991","204740,90911725428","204740,90911725428","15476,949240670896","128352,95689743872","129876,20577568757","127974,06876292842","77750,14426266587","78037,38800463878","42473,337631396054","42473,337631396054","29611,178084227344","18929,869479438003","178590,73432615973","62347,36877579605","60579,42893278781","60937,333133635526","133498,51206987616","162468,0883935142","116024,57362370427","122125,2508033386","157456,79278509846","146380,92112368546","158739,13427182674","156296,9496048966"
936117,"98807,40075588832","97438,37389312005","130321,16959559548","128516,29078001219","127974,0924942042","74964,4408864816","64768,95685569659","62675,53184773295","113199,49551692799","119601,83451655158","68707,02485539115","74612,71282134857","74601,72339274938","108135,0176352688","159192,2268854871","158542,08450890906","88148,94130831544","215090,77746412004","96534,8307728936","96120,57229978222","173191,57956768395","162457,35532171643","162591,51969833692","162084,47011227068","164954,268384038","170273,87270107568","42121,70394509329","32247,755526567085","187644,69425204204","188057,92391821273","184167,12155284596","184649,2556713856","186268,73250581478","187759,379067128","184977,92400377197","96291,16977905968","18031,10166719664","20744,44599745609","19074,407766974546","20744,44599745609","45644,146048182345","179829,7547830541","182294,15420061504","177910,04702854692","176530,18179741944","90281,39339860258","100952,49611788748","97169,34794291283","80314,39660420992","86208,67932824555","85919,74587892456","89651,14878231316","91814,84330878864","76377,6297785149","77229,89850417785","75524,74732900652","77200,49313969264","128771,32108519395","127778,25588072785","12955,223510525702","13774,344915290656","13196,536353621483","14218,908195140695","105721,57288740015","105375,9478846889","60325,842264592895","132185,51288610505","140277,73813292256","141150,66269257115","125592,04820000444","23498,11292416622","25046,29058855845","21997,509184444687","161268,2145376819","159229,7978082805","218796,42188179164","217316,17317806368","218693,4964262069","119825,94342500828","122349,42926347449","122349,42926347449","60386,86694420942","49770,32929579207","206813,43171828243","205282,02548747126","200551,79391646574","201898,05720078544","215750,3453704844","223444,86418491558","65682,47043959943","116267,47153813737","115939,11696485894","151201,17424498725","108350,9213793538","98635,09238670053","35470,8507802953","37756,17747536094","39277,71580350416","20275,323830594305","60937,85820863988","159529,8609370389","159632,32677308496","190252,89557017054","62437,881177154886","65739,95046911873","60953,09682332017","63305,922101382734","161423,51484364452","168834,73819506672","169026,71375016737","185402,5728441951","187521,8386946094","185812,3136700091","164055,7998561606","89920,46257767662","87721,19263321198","90967,3894560999","90168,90504374442","88470,00320193778","1830,5803331026411","0,0","49908,945336522964","49908,945336522964","141895,28166421683","210328,8741981202","206567,37494404384","204113,8575643017","200449,5197881511","199670,83025681754","140832,43779486758","141559,00866655173","134285,85934944983","141858,84697315327","191901,43269142043","190024,1463256976","190024,1463256976","185900,34145798668","189390,91571711886","192169,84599170118","185157,17241865385","189284,99674690922","183160,35359865185","193867,005801981","192896,07201978087","194719,5349297789","191037,35474829347","185894,38346631028","190759,33040854556","185651,44389973255","191205,46145346857","195638,61846779793","181988,72051275743","186883,26052262887","189765,04502355965","190567,20540583922","192456,50184762615","188455,88771891056","194164,56801756957","187803,28824053757","193811,6302303099","190306,54500326407","186192,8592043948","118702,82067028548","108200,32068614682","119273,03592694733","136293,3279627755","132743,51731126537","136141,65108572767","124464,77573285832","130552,76706325042","102360,91490364634","92091,6629688096","41779,807029740194","118849,09746821708","117867,48337130115","139811,95239366032","221931,6758134976","48850,502640482984","48451,34119890517","77360,73762437326","79623,91037835128","79939,30805159222","15889,728599070018","183287,78835837235","142423,65655688688","145522,1782671477","143461,53544958797","76704,51614350372","77220,74130436759","127434,48249254005","127776,03439275829","127776,03439275829","34595,565404087276","201095,65655686572","201368,44952393993","201368,44952393993","115285,36361638604","114609,59123912617","77893,07971034631","188430,52656362453","189129,45621113497","188822,24575699252","149195,04975602048","153377,6021532844","148983,78171448183","153193,94778907447","151449,26440357207","183928,25968443084","183261,78414618495","178644,7369169492","182585,4124234304","182097,47246638386","178236,53332851187","183954,6605988463","180756,07510255012","177057,1860327318","178456,76756513797","181780,61598146838","38493,31173193944","39655,34914502561","171033,96888311268","203512,03529515286","198709,9962825996","194847,01709513247","195278,76959362288","194792,019775785","196017,87428243586","200074,53211302194","199412,73644958652","37811,71813734543","178937,9100733779","179016,21987228474","178048,2659417571","82750,37239318369","83650,61386117534","82750,37239318369","101262,45509488208","100808,66756447234","99406,76284477273","39899,976977100254","29511,77174033784","34244,64019284422","110367,5595278116","142521,61685842054","141945,73006086433","77089,84868176332","76247,46790310447","76376,13244243602","54546,65280890717","54842,13144623445","73583,24250146851","84340,74198719651","182325,59117607508","174633,17485284674","183687,83399789952","180901,5619592726","183061,81018671315","183078,3615884238","174461,98517462806","80962,38233055486","200481,3870809962","199147,9061660546","95694,17178112276","95607,9885874574","202958,09741936612","202958,09741936612","13685,207366175575","127304,52024779578","128822,76331264788","126906,1904080746","76225,17557397955","76536,88594556044","43859,94359549886","43859,94359549886","30566,368555705463","20071,007936869435","176801,0543613004","60542,35077557116","58806,35667286099","59170,65362075102","131682,23254739091","160721,99434885546","114635,85199512805","120827,4768703105","156035,3510653248","145028,46141584672","157423,3722773336","154881,654279385"
836079,"49745,1536452803","48538,30843818456","86564,04827353134","85266,92786601844","84555,59354053246","26095,37322892638","20052,02447336603","19571,550075326708","67929,10658487432","71972,09457552228","21882,89816415166","25835,837898387577","25137,29369699743","58511,411077100005","110446,39049840033","109600,37511382296","39258,925596943736","204429,7075006405","69609,89828797043","69987,91721954377","127119,93872737758","116454,7153877074","116985,09824282744","116384,5247154704","119270,29674003235","125760,63551934491","68071,81775668987","35698,028150467944","139261,08952765443","139267,64988560826","135821,1408479996","136398,19818262986","138108,73304986558","139523,73199549617","136698,69381662647","46386,09651206941","31881,290604353373","29183,775815077606","38172,908729210525","29183,775815077606","67212,31859802859","129922,08441593678","132512,72900931153","128025,53976779274","126660,71762328233","43777,301536056526","55610,10573626652","48903,75834443189","33464,84291078718","41032,769148608124","41613,225562185726","43425,913133178285","44858,372055127715","34535,24419420611","34881,00471227773","32995,99520538464","30733,796661933906","79594,74653656517","78601,5145506744","60713,26948918023","61783,74809833542","61753,24779035383","61523,65245263132","58811,229036328594","58325,343393717805","10851,331918992028","84734,75253320056","94344,61923968044","95242,81422714052","81157,61470890326","57396,05833589988","59080,57750914345","55722,390892303534","111613,65380321033","109601,15547453353","168913,47026245433","167448,6630636523","168805,94693743982","69939,8125651327","72549,1486347983","72549,1486347983","102326,6950918188","19153,494498510812","158153,5748730308","156055,33371425673","150887,8338523198","153037,84797362649","165842,63373362532","173673,82474116125","26552,688301362366","92785,08160949532","92535,43663797434","102104,84044011882","62595,326227349695","56648,078051694654","42837,24894373425","13611,015252983372","13518,852010099037","69984,04212978359","14330,310330372868","109735,11393402352","109898,44848176192","141361,46714953997","27995,941112743392","40089,44652806024","24950,239527218404","39307,327965907505","112709,56307713948","120747,82060438192","120933,98773403578","135508,06530189601","137612,9072050526","135903,47963412234","115525,73379062263","49358,34140333635","47884,721011221205","50794,440364968774","50128,916217029204","48274,942112064375","51672,453114819815","49908,945336522964","0,0","0,0","92881,76627235272","161672,7778465665","158332,87780743543","156121,7618075023","152138,7802410979","151493,45651245108","91383,070280172","92066,03274996021","86108,21790025017","92347,703087263","143694,2955006192","142359,96270159315","142359,96270159315","138860,9627164616","142061,10957301385","144257,0988153489","137048,9021576165","141205,47540179754","136050,3389806512","146262,2682569938","144831,36098140012","146867,72619205597","142926,6560263767","138916,26855592753","142825,7637712401","138396,55202043225","143845,49278396828","147850,10282649676","134783,43879893006","138905,8489496992","142714,11375048343","142467,8921873567","144941,5918809985","140873,12789939318","146107,1506251555","140298,25491833582","146411,77277965198","143044,7210675097","138925,83048385146","74378,4990534369","63237,10888717678","73834,40348714171","98332,21686739055","93335,80670490867","97994,07080601004","85026,91424710848","91708,63707598104","52481,70141758243","42710,18427399937","81545,60165342534","83643,19356230869","81481,75902972426","94904,97810359712","215114,60376211436","19877,340570665783","20145,713754367513","40347,89603440585","41479,34929446382","36958,48688063564","43409,23699741166","134715,60225979064","102450,74544731868","98325,29218773205","96113,45113602813","48265,238686427256","49326,24136445465","85821,65778468281","86265,29429155533","86265,29429155533","79538,08687526999","151713,08550197328","151937,4454163073","151937,4454163073","73619,25423658176","73225,8449478883","95085,6281087533","138711,666350379","139416,00288791367","139117,4696444381","99930,5472575042","104250,18896128768","99831,93900080302","104081,86439315877","102313,88340954576","137373,0538623692","136599,7421972371","131729,90611432394","134987,84527070032","134550,18536226547","131766,64520992636","137327,22745939158","132920,30376174342","129409,31299943737","132510,68338883115","135229,01830551092","32167,009898821532","33448,53752892433","122136,92669262299","155562,71133654748","151031,42852444173","146716,88620686083","147743,1105021338","146622,99593507042","148088,6709331231","152195,76367707463","151380,7343000753","73506,45049499752","129293,90869861198","129406,5278991843","128876,11009085088","81534,43162487097","86978,214798878","81534,43162487097","92525,63349702934","92233,69827000982","90915,42575368824","18534,187270884377","21933,651901519082","16824,0711074881","62816,83909607113","93726,77197555137","92771,39852774265","68471,78991341694","67746,98728144646","68301,82205120947","48751,77530488284","40768,58664068363","23674,43926297106","34432,67472500265","133347,63510385525","125304,38671842118","135207,15634865576","131964,13384744624","134391,9376206948","134445,99431459335","125757,13631898924","47846,6516973464","151937,28173060773","150662,54230851933","57070,38620790554","56546,87227378469","153120,4947181974","153120,4947181974","38429,28468449401","94341,78878043412","95626,49415795859","93409,36641377684","58226,923505878694","59657,7229282636","91705,617171853","91705,617171853","75628,4711804139","67556,53452643761","127032,367268996","26548,093706883672","29818,7393900487","30704,52923807166","82676,41590360091","110846,25288775667","72605,44681713267","81082,39103613686","112014,9994482712","102955,74078096559","115999,43648288731","111029,24508245326"
836024,"49745,1536452803","48538,30843818456","86564,04827353134","85266,92786601844","84555,59354053246","26095,37322892638","20052,02447336603","19571,550075326708","67929,10658487432","71972,09457552228","21882,89816415166","25835,837898387577","25137,29369699743","58511,411077100005","110446,39049840033","109600,37511382296","39258,925596943736","204429,7075006405","69609,89828797043","69987,91721954377","127119,93872737758","116454,7153877074","116985,09824282744","116384,5247154704","119270,29674003235","125760,63551934491","68071,81775668987","35698,028150467944","139261,08952765443","139267,64988560826","135821,1408479996","136398,19818262986","138108,73304986558","139523,73199549617","136698,69381662647","46386,09651206941","31881,290604353373","29183,775815077606","38172,908729210525","29183,775815077606","67212,31859802859","129922,08441593678","132512,72900931153","128025,53976779274","126660,71762328233","43777,301536056526","55610,10573626652","48903,75834443189","33464,84291078718","41032,769148608124","41613,225562185726","43425,913133178285","44858,372055127715","34535,24419420611","34881,00471227773","32995,99520538464","30733,796661933906","79594,74653656517","78601,5145506744","60713,26948918023","61783,74809833542","61753,24779035383","61523,65245263132","58811,229036328594","58325,343393717805","10851,331918992028","84734,75253320056","94344,61923968044","95242,81422714052","81157,61470890326","57396,05833589988","59080,57750914345","55722,390892303534","111613,65380321033","109601,15547453353","168913,47026245433","167448,6630636523","168805,94693743982","69939,8125651327","72549,1486347983","72549,1486347983","102326,6950918188","19153,494498510812","158153,5748730308","156055,33371425673","150887,8338523198","153037,84797362649","165842,63373362532","173673,82474116125","26552,688301362366","92785,08160949532","92535,43663797434","102104,84044011882","62595,326227349695","56648,078051694654","42837,24894373425","13611,015252983372","13518,852010099037","69984,04212978359","14330,310330372868","109735,11393402352","109898,44848176192","141361,46714953997","27995,941112743392","40089,44652806024","24950,239527218404","39307,327965907505","112709,56307713948","120747,82060438192","120933,98773403578","135508,06530189601","137612,9072050526","135903,47963412234","115525,73379062263","49358,34140333635","47884,721011221205","50794,440364968774","50128,916217029204","48274,942112064375","51672,453114819815","49908,945336522964","0,0","0,0","92881,76627235272","161672,7778465665","158332,87780743543","156121,7618075023","152138,7802410979","151493,45651245108","91383,070280172","92066,03274996021","86108,21790025017","92347,703087263","143694,2955006192","142359,96270159315","142359,96270159315","138860,9627164616","142061,10957301385","144257,0988153489","137048,9021576165","141205,47540179754","136050,3389806512","146262,2682569938","144831,36098140012","146867,72619205597","142926,6560263767","138916,26855592753","142825,7637712401","138396,55202043225","143845,49278396828","147850,10282649676","134783,43879893006","138905,8489496992","142714,11375048343","142467,8921873567","144941,5918809985","140873,12789939318","146107,1506251555","140298,25491833582","146411,77277965198","143044,7210675097","138925,83048385146","74378,4990534369","63237,10888717678","73834,40348714171","98332,21686739055","93335,80670490867","97994,07080601004","85026,91424710848","91708,63707598104","52481,70141758243","42710,18427399937","81545,60165342534","83643,19356230869","81481,75902972426","94904,97810359712","215114,60376211436","19877,340570665783","20145,713754367513","40347,89603440585","41479,34929446382","36958,48688063564","43409,23699741166","134715,60225979064","102450,74544731868","98325,29218773205","96113,45113602813","48265,238686427256","49326,24136445465","85821,65778468281","86265,29429155533","86265,29429155533","79538,08687526999","151713,08550197328","151937,4454163073","151937,4454163073","73619,25423658176","73225,8449478883","95085,6281087533","138711,666350379","139416,00288791367","139117,4696444381","99930,5472575042","104250,18896128768","99831,93900080302","104081,86439315877","102313,88340954576","137373,0538623692","136599,7421972371","131729,90611432394","134987,84527070032","134550,18536226547","131766,64520992636","137327,22745939158","132920,30376174342","129409,31299943737","132510,68338883115","135229,01830551092","32167,009898821532","33448,53752892433","122136,92669262299","155562,71133654748","151031,42852444173","146716,88620686083","147743,1105021338","146622,99593507042","148088,6709331231","152195,76367707463","151380,7343000753","73506,45049499752","129293,90869861198","129406,5278991843","128876,11009085088","81534,43162487097","86978,214798878","81534,43162487097","92525,63349702934","92233,69827000982","90915,42575368824","18534,187270884377","21933,651901519082","16824,0711074881","62816,83909607113","93726,77197555137","92771,39852774265","68471,78991341694","67746,98728144646","68301,82205120947","48751,77530488284","40768,58664068363","23674,43926297106","34432,67472500265","133347,63510385525","125304,38671842118","135207,15634865576","131964,13384744624","134391,9376206948","134445,99431459335","125757,13631898924","47846,6516973464","151937,28173060773","150662,54230851933","57070,38620790554","56546,87227378469","153120,4947181974","153120,4947181974","38429,28468449401","94341,78878043412","95626,49415795859","93409,36641377684","58226,923505878694","59657,7229282636","91705,617171853","91705,617171853","75628,4711804139","67556,53452643761","127032,367268996","26548,093706883672","29818,7393900487","30704,52923807166","82676,41590360091","110846,25288775667","72605,44681713267","81082,39103613686","112014,9994482712","102955,74078096559","115999,43648288731","111029,24508245326"
735148,"54535,156670724304","56263,105595366294","35449,68696826941","37785,13304025934","37153,748796508095","67021,1908557102","77548,52583939396","79932,29324543767","67043,11932424287","54737,17206554024","80641,4018864509","73037,7463392993","71322,09523633508","34996,79387367184","17751,403281077375","16720,77232908061","62551,39277937686","195012,75852488625","83655,46023458937","85191,00533015703","81956,83160021083","76008,08053068914","78492,43880944898","77654,14787127296","79357,66973045364","89197,36105658044","145358,48990835267","117638,95946912642","74947,1803159869","71414,06828332356","72673,44491809276","73870,5997228242","75860,9344215877","76334,11085622237","73867,20485741628","48622,07291604745","124156,94656257462","121569,17873802368","130887,53465480512","121569,17873802368","141716,63374286125","45647,281514541566","53027,58272712917","45924,07687519024","45502,02040825516","52834,51390609487","45147,76233134141","44844,25823696834","62009,66349685865","57786,23908297234","58920,235918380975","53679,66471764719","50988,47424787937","84240,49111217522","83115,30815661553","83437,59039375585","75882,64373080396","40893,98023792861","41039,93217312423","153392,3790005021","154444,11674099992","154320,85746648733","154265,74777109496","61503,99966458427","61008,08233787709","83810,14687792005","55692,66200896272","66865,09242177145","67276,13258734536","33448,34573445451","142764,42497086313","144000,8012364664","141541,5690825515","40678,4306163123","40072,03930588664","83261,84852453595","82366,7802368416","82987,82188074963","31830,587343747597","33179,612165681174","33179,612165681174","184772,25555556954","94185,08430736468","88004,21842965414","81063,88371467507","71119,58555241817","81968,84647567601","78190,64409221087","83023,64428550072","91376,55825238279","94788,3248038154","94871,03143776627","9333,607661257987","65647,62316446836","79143,33444203356","121339,52694858902","104142,63667503143","102652,46598127215","161268,80585385548","86182,06556912698","22880,790542638704","21740,42373168976","48479,7015771398","97274,66465302401","107521,97593239216","95956,43668588018","109196,15053223622","54202,347078834704","64534,56077494398","64601,687203083406","48516,93467666889","51947,88978530567","50592,54720720804","23152,61453458756","83579,56063346587","85406,04134990241","84327,92675501999","84701,524365772","84559,16637409445","143712,12420410075","141895,28166421683","92881,76627235272","92881,76627235272","0,0","91049,78400909736","91421,79794630516","91311,21663644815","85720,46561749821","86193,71970724275","36984,47470765644","36337,53771695196","50448,71622665662","36058,35033452963","79760,71302706691","82681,02358850565","82681,02358850565","84195,88494655027","84695,56702024899","82383,076430504","75473,55663353589","78814,15549313671","81731,22691386021","86074,71395986993","81720,71913531703","84847,73842180803","79899,33950401041","84619,02318201325","81131,27166160943","82481,28337826619","85842,46534546922","86060,1502314102","80220,10031463797","77843,75841117823","86957,98264333986","79631,61528965436","85658,21109913966","82121,44794311805","82773,19914740203","82220,82162822512","87544,33407830673","85872,5902395626","82787,6400442357","70941,54066297035","68722,87259482847","66145,64500588652","99519,2943205881","93000,2952434087","98810,4903821202","90050,36610016771","94137,09987522321","44951,79529144364","50188,751044194905","164883,4547328156","64963,38445829557","61557,15539034279","30013,297159215042","211455,75106715327","103723,73650409408","104236,62363036386","73015,15510656981","70399,35417437303","65157,739787157785","131890,71323099977","42029,85516925181","94978,32803142507","17174,558975082495","15503,430442206047","83641,34695617214","84224,07064447591","44311,399800751075","44685,118526086655","44685,118526086655","166671,9678113762","59374,68435012037","59731,76271517292","59731,76271517292","46263,6557023059","47319,53831982341","155549,4755386143","48257,60799640091","48890,953061249325","48522,32680388374","41887,32093068108","45391,890005496425","43387,1779150637","45516,36127045166","44503,67316998229","86072,99154263691","84891,65141636637","79968,09555131392","77719,07908496662","77757,44557263478","82700,44931873465","85613,00049756971","74544,02968980325","73484,41439033249","86187,21129063069","84588,20949498903","110849,63575670906","110843,76426893169","29258,539079265214","91148,87437059943","89327,65469510094","82715,37114138888","87686,39931364263","82349,83905066724","85261,97136537332","88897,25762084693","87160,0879544136","155645,44199617096","53244,5651811978","53934,69053906292","59591,100123462755","126636,86703762744","134931,37194609462","126636,86703762744","121012,91909487062","121130,7669119107","120669,48773163669","108688,6665254306","114793,26066746193","109669,83751312604","32974,11122853009","2636,5062911246596","2057,5330936578935","112427,28227012973","112386,03234755294","113081,52237608418","111738,42186974602","103293,55789581942","70045,01049700161","59821,44001597148","65044,36600811752","55056,11815152514","71088,47053023602","64428,961045951044","68811,49375450615","69191,78451433756","62323,65704513589","98112,5023589081","83726,33724134411","83150,31923604512","87700,48490037784","86668,77011050949","63683,529000045084","63683,529000045084","129089,39665254907","110995,92344539828","111036,77953731421","109292,92539805177","98117,86928214073","99770,3771149561","180300,92854433187","180300,92854433187","163230,09427467143","157322,54193923707","37672,47137296425","85740,68342739272","89917,90251188999","90109,046129785","10219,079481624654","33448,345734451716","79174,17052014581","88006,80829451306","83733,44882307427","87627,8192069265","96621,13142295516","83998,70131510266"
734070,"111928,27184409421","113165,56904807902","125963,39375741193","128455,21915990661","127908,12030123913","141002,98817151025","153982,47036854707","156748,98467553215","99281,49249115153","90913,78020322768","141623,017715819","136018,32041559703","136545,44647303064","110237,59167585816","85395,84147718272","83393,76341121558","122474,0246772229","280037,0565499857","173919,14686224706","175440,89907229712","45582,49682440342","54175,90959677212","55607,54792080855","55634,344739362656","53483,46276452539","55265,9765361279","225787,78041845898","194523,0580961649","22917,65665174456","22451,611205002126","26409,383196446","26145,230701818804","24847,170232687607","23181,677364733463","25756,806594326506","117698,61398984166","192618,80159753416","189890,8062465564","194325,35856435203","189890,8062465564","223233,10368122347","47915,38144265045","38577,12699273317","46127,17025100463","46075,1797753493","134830,65309441104","131671,56527573065","125210,90073767083","140738,69723759033","140205,00972993523","142080,89602825427","135879,42049326733","132725,5499156511","135567,83902360356","134548,6547081682","136018,63653476562","133190,01922487814","82191,17364385682","83178,74010519839","219104,11308628082","220203,58953847367","220518,72628654554","219565,09197221854","104983,3390117825","105248,49846585409","150839,86303343665","78655,11533079678","73463,72506428833","72736,89195558557","124475,288116669","218509,62897855445","220084,52656601067","216939,165526833","53245,58868524991","54816,40709202851","36984,47846611436","35005,491714499636","37500,896464722464","94581,42431500205","91020,92313348787","91020,92313348787","263136,24612041685","170992,1455836837","3519,4928283764425","11971,203387544996","24690,501099929243","9208,152065094826","43412,85126815068","58117,89538883364","146162,44529176483","185801,0963086646","185890,12196741573","85049,47716504628","103312,7562459129","116021,18967939407","200086,16398979412","175152,460182118","174555,61424594143","230596,0698734294","149430,328158711","68615,69371195354","70209,7863154144","76347,81079237859","150756,0829483722","154139,73296159567","151286,54778113932","156670,62746832232","48971,01875714111","41923,59534501975","41725,59821984156","49491,94355667801","45234,793126828044","45563,21520684097","86093,09601562338","124774,18516461905","127249,36068659827","124289,16003770968","125068,44646719363","126309,98316708695","211960,27853861547","210328,8741981202","161672,7778465665","161672,7778465665","91049,78400909736","0,0","7348,9509828776945","11352,761969228508","11036,47419215497","12612,841852919018","71095,53240611614","70589,9188681155","76078,70235617398","70390,58014346758","19351,105932057217","23883,95645496413","23883,95645496413","30959,51972707493","26533,282489338522","20604,208132056574","26074,910215521635","22317,613216274298","32593,127747248564","21342,157787905737","19118,45159730523","18908,989607137915","20568,910064914024","31351,390943580234","21700,801355361982","29822,42095219707","25020,929387211003","18667,892278852727","32996,32512030564","24961,704455918065","28206,82515220511","21051,43770995018","23017,435356061014","25645,386257882514","18046,005242103674","26635,00155182925","22945,39383500733","26345,98440359559","29332,638323729712","95611,03125865367","104249,7302906697","93458,51749141056","97964,39741627655","95845,56969342775","97502,78641878333","100838,47241776281","98595,30183678617","110860,24906867022","125119,49886687113","242394,43602737933","155919,1987052607","152566,401985411","118452,3033342625","297546,190017693","162848,867831767","163322,09156832448","157654,1250387312","155272,83836337263","147550,437138288","205028,10757082753","81593,64497041162","88760,45738978492","103612,674761162","103341,76366817081","170295,11288470196","171093,54097330006","134910,3532531353","135232,43645001945","135232,43645001945","241190,31125229606","66681,57071602972","65494,453007382835","65494,453007382835","137175,06653285836","138213,61049165964","242246,0561491795","58119,094480989275","58156,2281884059","58530,40509454405","62207,664432602345","57672,42320401854","62083,78688787038","57814,32538774432","59601,28980427986","35379,55442581936","35168,71432605969","37185,43817928973","30520,613591438723","31181,471832134608","39847,01902412743","34908,80811853534","31165,460894830205","35262,59555539097","42610,3529666698","36860,73170648335","188714,1718447908","189248,46701326087","79496,59474346788","12123,029155182123","17500,98261357347","17035,31265401764","20901,59362377811","16874,21936572999","17340,00033477789","14824,996564984009","13947,69268519896","233773,14964158612","37822,63364792377","37173,53255174537","33714,34602041449","215374,77899864217","223535,94097527533","215374,77899864217","211577,08450563878","211665,81680405475","211121,34415964095","171018,12174829893","180820,53696716513","176130,8819035132","118968,6917250775","92732,97878109205","89409,55782212465","200569,04386563817","200398,00706242115","201115,14307692085","195270,208420135","186010,03023269094","138933,50940538786","128768,8830109521","28666,122483628013","37952,63359198611","26695,72557680331","29928,765117957028","27289,257212946406","27255,724755451945","35918,633392029435","138639,063045749","9954,973265059123","11415,408781844246","122310,20130398493","121845,95161796724","50586,30287674773","50586,30287674773","199986,38791609602","115311,25695383512","114173,50498656987","114090,20133301051","185821,91761538884","187597,94268970616","253273,67335186063","253273,67335186063","237296,89078535672","229028,5447852191","60185,56115610772","165878,98010723092","170965,2186118769","171432,10706475182","97386,15984580945","58234,14518389227","102772,68565076406","102550,74827626655","66525,20013532147","80558,34641853732","75873,83606283857","67940,59371509051"
734071,"108636,4809547815","109798,78041868864","126673,09757315739","129102,86181132661","128512,26250773245","138399,71738284678","151447,33397164423","154222,3542042492","94687,19352193261","86971,41805946754","137923,65661622494","132567,926805849","133262,19481032545","108416,69803526773","87164,47658528251","85025,7281987497","119075,33170269447","282384,8140490471","173482,2944104977","174993,65957834636","39155,80163171492","48267,788090614464","49500,73825383114","49594,042036065526","47297,23778637839","48439,008288587735","223219,10999833356","191689,47143499803","19118,55181161189","20488,949201594944","22521,329691101313","21943,12870500979","20299,69964597259","18821,785314382178","21635,26933447092","115139,84876804972","188974,08222307597","186253,72596811404","190249,34453837067","186253,72596811404","220821,0686979327","50152,10808635529","40262,60355646074","47834,98025464799","47497,685454565195","133149,91701758167","130630,52699373031","123507,45138232666","138610,90333552464","138502,66532142385","140448,3592616473","134207,91208812495","131045,73557686612","131281,04540915723","130287,42198696586","131809,50794241857","129367,02180841705","79234,80079080873","80209,60549131822","215059,91265223213","216157,5493777963","216507,84181629185","215484,1716472201","100938,4150917504","101246,64617754343","147482,92082238893","74482,63411935695","68381,41502756349","67616,67888926202","124853,15345303871","215417,39651191086","217021,6092089851","213817,24681805927","52241,80187735975","53602,42328092879","43831,60920965393","41791,65721358893","44328,64061228587","92446,21137496158","88726,33227798987","88726,33227798987","260173,21528092492","168325,44404176902","6432,325958759162","17040,1782914958","29246,78738522722","10904,726827353506","49894,95760286278","64791,84146849371","141942,15538805266","186171,87767227282","186247,52214025144","86033,75746596394","98932,15670166293","111211,75414708663","197432,16871244292","171876,3826145055","171367,7870171531","226809,5395474277","145787,91435636245","69497,76456128819","71231,60690407085","80562,0133834939","146380,76541066932","149270,7088428252","147032,30521827022","151825,12707513315","45854,70062641097","37733,64050987124","37541,28542039166","52697,34757121002","48534,36525757558","48614,76762223694","88313,56505939178","120035,71932094824","122501,13690594121","119483,65965293646","120272,03257820975","121574,8355240283","208173,0177516934","206567,37494404384","158332,87780743543","158332,87780743543","91421,79794630516","7348,9509828776945","0,0","4029,4189811824285","6251,971720592183","6917,095504033201","68715,60117468616","68302,31410009271","72333,26568920536","68143,17467674796","14667,0023420514","17761,21842945973","17761,21842945973","24372,084383858306","19958,22192863539","14844,240167341166","21425,857035495028","17337,070855891336","26283,747172460437","14699,723689165829","13780,714239152723","12674,643154566944","15565,803076358468","24710,681283126672","16145,240840834755","23478,84928722241","18315,671615675703","12158,244453272247","26878,5273878725","19847,212818897733","21331,107131973382","16043,686330747363","16389,878373707827","19525,177005925507","12545,32783112649","20446,56407232457","16041,033366330914","19614,073242729115","22958,9338259364","90660,58239867966","99694,59023125246","88770,2676235649","91488,37712051133","89624,57764538091","91047,12958241871","94904,40201039378","92389,92049237812","108251,90643630056","122887,84278380722","239398,97446021828","156383,26197693998","152958,3335436871","119615,0703275499","299715,4240553598","158725,46049379304","159190,49685915225","156070,61897680227","153744,20445303814","145758,4937999464","201738,1711441683","85299,57874894756","82270,09279090873","104826,22346269207","104388,49980403001","168952,7802470633","169786,55785572244","135602,6718071184","135948,61264956993","135948,61264956993","237866,38779318155","71740,63052832396","70580,38277766784","70580,38277766784","137212,9964596341","138233,9092540641","240631,64829838544","61979,89115583593","62092,3099555019","62441,179173137665","59758,58769798416","55104,200666712975","59448,47406727979","55215,52136457008","56998,123554474216","28580,741959788855","28478,53056394257","31004,680915562712","24907,176901413422","25520,657112474702","33354,41472936925","28151,071806680065","26103,547734325948","30071,85008899859","35834,42000612591","30196,55143892045","186028,14879873997","186620,77143891918","82156,84349307195","4818,021109773361","10414,367917315496","11760,187449658826","14007,294614656153","11783,910900194152","11149,846577016702","7873,523790713438","7564,776610202198","230884,16194489627","38437,26126779542","37655,966650208444","32433,11735797939","214313,28160242466","222417,0413507902","214313,28160242466","211207,37282699218","211278,97916069272","210689,40154291474","167050,94610988474","177060,08986390306","172447,67696018453","118032,71525959548","93261,12625719783","89686,16612815895","199399,7255115979","199198,5573372518","199918,28802626315","193275,86661087954","183949,2589553373","135910,55840299098","125938,81076866236","27027,333240354503","36918,30674404744","23263,217432336092","28027,365241594398","24520,096819702856","24350,125574454865","33006,44514730055","133610,04050579818","7700,610742266189","8364,626996930407","117219,91593756946","116799,28361515253","55864,00643719386","55864,00643719386","196511,96635414995","108801,01749129857","107630,54825219752","107617,38179265424","184609,67551107382","186405,25366443396","249743,85398768724","249743,85398768724","233941,4131943903","225472,52692123537","62772,96871678698","163632,00215600562","168787,09101644432","169285,0996370924","97113,86830477015","58120,8280722839","97512,70252414794","96775,93082568717","60181,685422030714","74253,49383384733","69039,79683155389","61603,445168648905"
734072,"106499,71529283421","107620,4035177436","126678,03090206184","129070,2972598764","128456,62420362947","136594,10694293727","149666,16158451987","152443,43859615765","91881,1828416226","84524,0709918591","135539,54503204094","130319,18478600115","131100,92506621993","107071,31367879422","87832,7590818023","85625,32937785679","116868,09087906081","283201,8595598091","172811,6887365884","174316,28944256986","35496,44856401124","44860,83986568514","45983,994076045165","46112,37631659653","43743,917902549336","44563,90211784552","221380,02364128083","189724,75443165313","17447,269153084144","19915,38646265383","20648,174624160205","19884,144559212335","18068,01937803585","16781,890713646786","19640,56019680485","113385,81186299278","186587,7268207873","183872,53329838565","187640,7118790211","183872,53329838565","219065,4041440571","51257,99349381267","41179,11615270225","48677,6892538339","48190,00345803137","131844,4712166577","129674,08213586923","122202,04019316076","137059,1164917992","137179,50461970753","139160,6891882406","132906,19829837276","129743,31473558885","128596,73273838415","127617,12078330822","129164,96866459533","126925,63458879074","77339,60748755618","78304,64341170885","212458,91922114353","213555,2836431633","213923,38098146487","212864,35564913088","98412,82639406018","98743,39331185183","145270,64414482028","71939,97010327951","65364,584569006365","64581,37898738704","124678,59592931882","213307,1157233553","214926,01238069424","211692,0992837005","51560,9179243431","52793,91868190841","47441,73145681646","45370,77661923035","47926,26172891802","90963,04673339847","87165,62012283126","87165,62012283126","258116,21308410287","166462,0288578008","9959,8097098286","20107,519244870415","31791,92771807107","13142,676363302015","53279,76760490059","68263,74145952503","139284,3835300943","185933,0090846463","186001,27243539153","86274,73035736394","96232,43964918565","108275,15829439175","195559,13014158988","169690,2908428084","169228,17138704724","224336,62617602482","143427,41923408143","69745,78371346391","71548,13211373854","82597,99992378034","143640,40706298544","146277,879867684","144353,7133783508","148842,87951969262","44040,04667809948","35375,984299620366","35189,05148856069","54302,05807888035","50219,9545370479","50168,15322827248","89227,1354724855","117127,86075619173","119586,31203292428","116541,9212329588","117334,3108342219","118667,43591695331","205705,69870316194","204113,8575643017","156121,7618075023","156121,7618075023","91311,21663644815","11352,761969228508","4029,4189811824285","0,0","5748,284309143769","5154,386676362462","67173,65998257183","66813,0516639697","70028,56763564513","66676,77704342654","12639,033841236827","14484,801489754871","14484,801489754871","20687,395565489685","16320,92781088279","11954,886207199343","19085,322491672152","14925,066477291222","22755,97456257373","11097,572120097706","11300,64987018392","9494,088506850238","13232,41055682233","20991,390992829343","13355,897641004743","19955,553847162173","14608,55447599753","8752,498822555044","23464,633889071632","17238,326475116195","17490,181053111555","13678,722881932128","12765,736410842239","16210,999723178054","10024,357833427626","17067,54921293663","12220,576134315472","15875,714290144004","19421,609477323385","87674,07284432421","96902,3970106852","85923,63897008814","87744,81498790743","86000,62780957524","87313,02390698362","91415,30101922734","88771,70011198247","106481,78930820285","121298,75990827497","237330,9775223191","156218,963617218","152757,76257856103","119879,92970929845","300427,55804480275","156107,2381856998","156567,80614857754","154794,33142820373","152499,47597216113","144379,67258549924","199530,34385970637","87041,49517562655","78524,51921747086","105145,80988036205","104617,22657049296","167795,83541425626","168648,01902494204","135586,14700723815","135944,76939403385","135944,76939403385","235628,3545025388","74269,54501026856","73127,30952695366","73127,30952695366","136835,80817246085","137845,85372839158","239291,59118696867","63885,186540818235","64037,92064384579","64371,511234545746","58221,88950088886","53529,078136038115","57809,85658801193","53622,55782876431","55391,58504672773","24753,51653596339","24711,59099053182","27520,197229420726","21840,817622705705","22414,11034668167","29678,57900286142","24347,758625759758","23374,428677337917","27200,280794866","32000,748005741098","26437,45712381195","184144,00889331914","184767,07577448554","83330,31441232511","802,3144194557165","6526,569937395092","9511,409921647899","10219,520447714762","9693,272248289906","8109,858533353054","4237,743717885002","4752,671516207769","228874,44146859317","38804,64324277612","37963,82439426837","31858,64132695951","213280,40951700223","221349,5935888087","213280,40951700223","210550,0538176095","210612,32529857068","209998,56442950037","164508,6595995391","174619,42915754972","170049,32261012978","117151,33165308711","93231,22156457229","89528,13496092902","198316,4095767404","198099,14269622936","198819,8783124999","191754,2910492682","182397,5983758684","133884,4181900527","124025,6968911435","26384,733149879656","36399,21477995715","21656,635778270374","27202,357279938853","23283,687166906675","23035,57858559422","31472,979172454758","130545,16940489989","8639,260711068933","8564,2968569221","114134,97160156851","113736,76731427386","58563,73689921757","58563,73689921757","194210,5336666363","105035,8889331691","103851,37697331501","103869,20439513483","183511,9500255927","185316,92620900949","247396,3818452637","247396,3818452637","231688,2297242639","223118,43292823303","63984,25467392437","161994,61764565555","167182,6836820506","167696,92416825664","96635,6535640694","57887,78555896247","94358,66763768859","93363,70191247281","56524,582128730544","70600,63324497663","65148,98596646874","57947,71751829763"
734073,"102429,60063179447","103601,55028055489","121055,39267945063","123459,55143049842","122853,22929308351","132149,00746264216","145195,8140226051","147970,77201052714","88790,63280826173","80871,83160847379","131785,67511045077","126386,37919259217","127058,07635240434","102197,9132572694","82087,7304768066","79884,48706429187","112884,14740980034","277453,90906891046","167481,64790700434","168990,08413326566","34622,25530224612","43144,55454049594","44572,861431164914","44597,876264129605","42456,1127223837","44544,31077550996","216968,9810604272","185449,30761289204","12887,945722846822","14446,564781301056","16318,25538785014","15801,359428899086","14252,42351515168","12700,724414118422","15472,50188831249","108888,09515025308","182831,6668697876","180109,6496605885","184204,97713388898","180109,6496605885","214569,10010584403","45538,40894478321","35441,142648666304","42932,24684365679","42441,91795260486","126940,36115887326","124513,85230608334","117297,22976953043","132366,8822717698","132290,05599001772","134242,78964498654","127999,15316362171","124836,63038243029","125289,02586356118","124287,31156380626","125794,10644084265","123252,88229507685","72992,78848607643","73968,4992162353","209009,27360906135","210107,47838511705","210448,6722381364","209443,34291689508","94869,45803830156","95166,88963297587","141289,9837009409","68435,77139736155","62691,13591337216","61946,139083090115","119116,04524126589","209198,3173902027","210799,78130165115","207601,08058854763","46210,31711861098","47519,31605071079","44137,67894364084","42003,1161993646","44586,318554470905","86206,61942579733","82479,55619574472","82479,55619574472","253944,02440272112","162077,0785813459","8119,839216586188","16193,022210573308","26928,492371593376","8557,867363742991","49430,980732126365","64532,20221781304","135932,03442699683","180400,01285366944","180471,19512692507","80585,53122237806","92961,03436388836","105409,43090828211","191184,02568884334","165675,2320857769","165156,2484296011","220698,38895713064","139640,34201282903","64051,45809341657","65841,1801751884","77180,49702678346","140420,08654664477","143503,37994989136","141033,2881720766","146047,5960987615","39611,31870052536","31647,358368031262","31453,023107832727","48711,39647488252","44667,50193254257","44564,01604641102","83481,42375012148","114205,32259892284","116675,47118003602","113681,88333593962","114466,48721537241","115743,43679825647","202060,7293958172","200449,5197881511","152138,7802410979","152138,7802410979","85720,46561749821","11036,47419215497","6251,971720592183","5748,284309143769","0,0","1953,1304665833347","62468,63122501071","62059,619849071234","66184,39016637151","61902,73815260265","8614,515611227425","12903,060796448188","12903,060796448188","20153,87933208737","15771,48575247584","9571,705923949323","15425,984798825788","11460,654068000384","21625,26449393323","10781,366044397872","8109,754071663473","8072,424680567176","9683,853557195516","20584,624614921042","10671,983908975068","18882,10160929976","14417,280566439906","8088,018600273819","21977,294492875695","14068,736478807221","17754,06608502698","10169,656440283245","12381,529765805837","14651,52990419042","7010,657882968186","15655,663152321074","12701,215628169957","15743,084347607013","18409,422860025606","84915,91343069822","93785,18968584466","82908,2602266138","86982,6748936693","84813,83575651002","86514,81916847815","89812,36590051165","87562,15228795039","102000,54250195673","116640,52007549253","233171,9014834121","150655,69041843028","147207,73043801112","114190,08734595786","294683,4054883861","152690,25620316065","153157,6348935832","149868,25066660717","147548,5175856596","139536,475209549","195540,79293817983","81478,58650259663","77786,64424059103","99443,68702993687","98933,44866901738","162779,02801322617","163617,69083910843","129971,00755963002","130325,73805876578","130325,73805876578","231675,3264000944","69215,9666117484","68091,6928729876","68091,6928729876","131356,8793829887","132371,86777877546","234419,27380372697","58415,9268428949","58589,59707447437","58914,660136480394","53510,9952197977","48854,02226991073","53196,73095944049","48964,67568669634","50746,97547760779","24727,913637595568","24411,31689021069","26170,604925189353","19507,13145086121","20161,746879033915","28930,873490622173","24217,537696875672","20328,587754684326","24386,176604265973","31885,831746094667","26069,824925518322","179780,87089209387","180371,62929627055","77610,986871842","5819,214877480807","8183,365783674798","6020,28202582239","10746,862751743896","5905,392572386047","6540,37186060649","5667,18271223073","3828,89605236162","224648,6901816074","33077,22458723369","32244,361811468803","26426,960975322585","208176,8602126404","216270,3742188324","208176,8602126404","205214,74424861753","205282,13130954278","204681,73961140984","160976,00121330193","170939,41465607192","166311,03611946854","111940,99149757519","87614,419891936","83953,6583045565","193247,57673304647","193041,77645874268","193761,82056893958","187035,9819047388","177706,25307070822","129680,42742909501","119695,32003955562","20977,23584970782","30946,94315406697","17015,893375287273","21906,33859198546","18286,88503412233","18107,192621543083","26754,899524061686","127916,36186683115","3378,9821435357","2854,2419117365334","111554,02777654285","111110,81301835124","53709,06541995408","53709,06541995408","190340,70071417777","104336,69819898822","103211,30746596812","103103,60471731775","178452,76464734526","180251,1114138361","243584,74158568555","243584,74158568555","227754,52928340127","219316,66052333152","58276,72683495019","157382,63852951507","162539,7009412681","163038,84448465958","91197,31462896914","52329,69911782144","91934,8593351542","91550,071169989","55518,895280050645","69539,52167140547","65120,14797579598","56932,2038441686"
734069,"101817,84973288207","102966,26396605535","121575,32040346751","123960,66063041694","123343,17080126636","131728,10750846818","144789,506164985","147565,9143584495","87778,51102762746","80071,15963505793","131038,21198419142","125715,75147517101","126437,43165148371","102025,94932059881","82940,59609518106","80706,49859190597","112234,54031310543","278335,4600376448","167660,3782740262","169165,31304573145","32969,843120605656","41691,059319679","43049,03660031377","43097,898012167294","40901,86241207463","42764,12055942494","216534,93512364978","184944,7973332773","12442,42024178262","14782,370406487045","15753,80664314552","15099,642721439888","13405,505880958455","11973,377763136245","14813,68511686816","108493,05875488253","182089,9004181147","179370,5679547538","183334,67034830482","179370,5679547538","214180,27358251344","46640,762371334386","36484,7869172001","43918,00523770444","43356,61356379433","126790,48550519033","124548,08428723282","117147,19295777174","132084,77367122762","132130,82772098124","134102,4883645805","127851,2856774911","124688,33281950056","124363,96990023727","123370,34378847665","124892,83280757116","122470,41554544354","72510,14758671257","73480,62472026458","208145,9018494662","209243,45994973366","209595,06201976305","208569,0160839274","94028,89123916037","94339,66932524726","140642,56588425234","67569,99638867324","61526,86662124099","60769,26625680767","119548,193247573","208614,50747095176","210224,23956198143","207008,88632098597","46406,80113681412","47644,83154699335","46084,219121496215","43947,742849329545","46531,46154386316","85958,38917520696","82187,95651903737","82187,95651903737","253391,86838366563","161626,84010390544","9898,130926751062","18126,61277969404","28676,811063904333","10455,140247547204","51340,759067883264","66448,64151622422","135025,2506071795","180792,81315057413","180860,37195404049","81234,88861642136","92015,52734632106","104325,04039204106","190730,27834608042","165045,56684612704","164552,7022220657","219910,14047442586","138907,89803883145","64716,047079582924","66537,8786851707","78631,74186730564","139465,09055915","142395,8711074799","140115,21193786061","144947,16709027","39154,20164216108","30836,8146168591","30645,29819669464","50026,67287013431","46026,522627111335","45867,34703432355","84446,97927495129","113141,88991216704","115608,6001057642","112597,45827897453","113384,80765162304","114680,8067933519","201274,2347202697","199670,83025681754","151493,45651245108","151493,45651245108","86193,71970724275","12612,841852919018","6917,095504033201","5154,386676362462","1953,1304665833347","0,0","62183,6667923117","61804,325877734445","65459,328440750454","61660,30363044902","7799,704395773074","11278,858189789888","11278,858189789888","18394,302802917726","13985,533720676232","8093,411089540976","14516,771776794722","10419,975699175126","19980,788850123205","8910,287591639488","6878,310102979394","6308,828791630634","8649,40528227976","18807,629327226736","9315,961635789909","17210,141283771274","12570,968205735118","6207,527396819692","20410,95484094663","12941,434373851684","15878,540591606961","9126,745825609845","10539,074878576948","13044,76474209466","5666,338272872308","14026,863208004122","10778,487130404328","13899,88705172282","16722,48997939266","83790,08071798409","92784,05299611222","81867,79090410424","85351,66556909608","83268,50035385421","84890,59086726462","88363,93850369801","86022,72650344997","101595,5817865185","116337,06205633606","232612,81177338454","151087,9998231644","147622,66079789476","114837,44164819019","295516,628975518","151809,99911512822","152274,8243675558","149734,14690986637","147431,07961832307","139347,70037224685","194901,46277485695","82807,29964175807","76147,64493128155","100122,21458429386","99568,41325614502","162707,7175087678","163555,99750062026","130478,67951504332","130839,52119164809","130839,52119164809","231021,29568036634","70859,24014946564","69742,43071789706","69742,43071789706","131686,27898587412","132695,701379511","234252,2565201598","59837,382610149376","60026,936581825816","60345,39372263211","53226,40937618606","48545,44590019283","52853,3623667637","48645,796410441086","50421,053085760796","22913,32161841616","22634,130471022607","24592,123276411887","18145,564768596236","18780,81812993517","27241,409210752336","22415,379895656504","19205,84893976875","23202,528719803293","30101,247520262972","24308,286867153598","179320,3964908791","179927,89357332638","78698,45857453495","4957,375193232597","6271,7126466974605","4843,236389719203","8808,423628689072","4879,402279442348","4745,757931802211","3875,460725754759","1909,6969184657858","224121,42917905355","33856,86022865858","32996,11105337771","26709,417976066186","208169,5117586568","216245,12449847825","208169,5117586568","205398,498712138","205461,1921550916","204848,6544796795","160141,5138777891","170165,1569136007","165560,58421311516","112015,09564594274","88127,10876928763","84403,8289138399","193214,3398417629","193000,200504949","193720,7593805208","186772,20521073494","177426,11051506127","129136,49205254417","119213,26971147337","21234,61864332104","31251,522353915978","16642,656554531048","22048,467471261054","18168,40835521405","17936,292156003452","26453,90968566198","126760,16824794783","5226,730167073705","4352,071867007105","110379,80152336495","109950,47822232117","55429,51754476727","55429,51754476727","189648,0492576105","102698,47917439496","101561,78258798347","101477,74562226672","178412,20078619773","180215,40921672172","242869,5660068493","242869,5660068493","227091,7581333656","218596,26891894237","59402,85960087969","157055,49438009236","162230,6256433199","162738,54583494575","91482,75809123341","52760,83979423164","90707,70426111987","90154,52985695993","53919,46723659541","67960,79727158663","63355,87205217428","55335,91494916462"
835127,"42097,980539815806","43556,24190696738","69058,787278357","70861,60999308506","70034,62727311892","69911,4424277342","82888,23496517239","85655,83616891141","39185,1812483562","26624,336544053152","72578,75917473578","66237,09873651972","66312,30400243153","40059,22121628026","46843,95996464945","44320,790441039644","52756,1478938437","229811,12306076477","108011,98450214349","109464,16594671877","47799,47189875611","40194,84326800701","42457,86218964873","41611,87251463719","43655,58538222092","53400,51156542034","154694,62397821015","123493,02931116457","49745,50936794784","48690,46040029886","46542,455504952464","47394,16083049894","49318,859115262254","50438,95252680873","47592,88635604467","46606,242712043415","122891,83056195888","120158,6995668234","126014,76466949904","120158,6995668234","152181,79968036467","42309,08699126801","42177,389870618135","39318,720085504705","37631,56552237099","64839,14413431456","63859,80037223194","55220,20844686214","69903,76734368745","70135,36790232184","72172,89144938535","65905,3797408261","62748,029208874475","69527,06233482968","68398,74839714653","69505,09630700236","64827,940723186155","12531,032156583853","13474,764124921852","150471,69992757804","151570,53503730096","151758,70486216142","151064,01982180838","39402,84211421949","39344,24060790164","80659,30514710375","21062,218501897973","30316,466462845696","30630,305323173143","65224,1169389097","147675,49258579352","149217,518202546","146140,7504529759","20787,338134200163","18672,622727131293","79245,33028612833","77555,57179680251","79227,52129665611","23799,09155787347","20010,939077441988","20010,939077441988","192156,12647370083","99905,85061053841","67605,24746575025","64722,15791425566","59847,58325069252","62169,353098560365","77568,47374939994","88224,52348194616","79361,920136894","123876,9256907226","123886,59282413003","38861,01472628236","40552,215723887755","55382,52325425899","128993,77091389746","104674,60440340379","103929,6414365004","161078,47017490628","80068,05873671714","31021,34836578936","32704,32676141363","67653,1892523906","84680,10381434925","91242,73786327617","84519,93603197038","93488,61501543215","23374,7870042484","33465,50906500217","33605,54655271167","49252,145096755696","49983,850331425594","48217,20888333707","51855,11985669564","62632,78538827204","64985,29057847449","62760,441580317594","63392,04888247347","64013,46075710519","142530,2356004264","140832,43779486758","91383,070280172","91383,070280172","36984,47470765644","71095,53240611614","68715,60117468616","67173,65998257183","62468,63122501071","62183,6667923117","0,0","1031,291697281157","15351,118433253483","1468,4674627448048","54541,299154145105","54966,772105182514","54966,772105182514","53934,82935074584","55824,39059281899","55966,36176889919","48476,149258606434","52532,13753317608","51138,526322820624","58842,71979675927","56054,91764748946","58647,94346302758","54086,85139475123","54211,064543907545","54535,94759876022","52721,51448718074","57378,74467795467","59779,45574015388","49637,53461280773","50668,64260341398","57401,535383474846","53680,843255064276","57887,9176580938","53847,222934395504","57303,97186725693","53579,92409559102","59646,37014252253","56970,48956999862","53160,834981544744","40193,15469517159","42889,68638979981","35719,23524710153","64457,635815326146","58310,46873071911","63746,52044759167","57005,010338925014","59884,46555033154","39786,67056384438","54172,266714257865","171448,69013376784","95452,46127968091","91771,68803145707","66069,2693587188","245656,47109895095","95168,9155616097","95671,12279857024","87800,95607668022","85568,37383937427","77258,68798680702","134487,46106982263","64991,439853196876","58919,24910604214","54158,84557962745","52418,607865599704","101029,4680329165","101926,31547621687","77149,50279222889","77624,28843368425","77624,28843368425","170637,0377502459","72063,80681727007","71768,85365484691","71768,85365484691","74831,30866458079","75712,0532490908","172172,00231522357","56236,42785831823","56953,798506228806","56823,24990789249","8958,710915915928","13645,155923088567","9464,060427344079","13557,679516483451","11804,21972274886","54432,04160378059","53342,93088039635","48090,17699432652","48340,51737012823","48126,707067791125","49937,358405107254","54115,40849776219","45553,12788473037","43071,11894683056","52695,098117639005","52575,83876522436","117628,621999974","118154,205470466","52709,86713452728","66745,62878191736","63151,9325044743","57682,04337988593","60463,699676031145","57481,023890953555","59586,626462014145","63685,59135346524","62468,22387268333","162756,841826661","38260,3313301285","38269,76646864147","37671,11028663993","146753,26789229148","154714,06573410114","146753,26789229148","145541,62487772512","145556,00065745463","144824,5437790212","102543,6966275837","111511,87474108167","106622,87435356318","51982,893600016025","39614,743087839975","34960,92817308608","131676,902980932","131417,71378612545","132139,77818263366","124588,55612749241","115245,19350513113","68184,00392327935","57817,669697767495","42447,03946184928","33943,974550090265","45541,19806488491","41167,0698590615","44211,26223374358","44366,75206293389","35733,38912886044","77928,80303535641","61714,09650819739","60597,03226725697","63640,077155972685","62795,06384516259","67460,3522921782","67460,3522921782","129812,32413860953","77913,30668792549","77678,31733643552","76219,53343946517","116863,94577715705","118690,60876239096","183070,7279796437","183070,7279796437","166801,1472504612","158939,29888981878","45112,85861382793","94922,10347653486","100071,50867061547","100570,34644874859","36434,880018119","23164,125740431027","49188,33152452984","55854,4306393417","46806,213531897236","51075,21842858177","59641,097858806366","47034,72459702453"
835137,"42863,6022970298","44336,87307824745","68674,14187985181","70504,30874649544","69683,90911847257","70441,74487808658","83396,9938454683","86161,89210484334","40210,64447313284","27635,185245701","73361,47969792769","66977,78595903414","67014,32378943973","40327,66376632265","45954,60702558378","43422,89409037371","53515,26437990896","229438,44547333787","108043,05523951032","109499,94022162145","47981,3702972341","40550,247879828596","42849,82183355862","42003,85975875606","44001,16706338823","53771,40179184124","155199,6616937319","124054,84939400981","49373,67875247943","48209,86129081973","46199,5251281971","47071,753447988194","49007,846856516124","50101,713127407216","47261,57830318385","47139,26412628053","123608,60543162773","120875,93827166357","126804,32583434577","120875,93827166357","152657,12543115957","41337,77672266593","41319,45979536927","38374,52315051196","36696,56863023125","65115,26003163644","63946,358364004256","55486,230125668735","70309,0603378482","70424,89671081475","72445,90514743637","66180,45869468681","63020,58032449406","70426,84184864345","69296,72720647037","70391,62333150032","65651,99330228186","13431,323910480845","14362,42004266832","151240,2701285067","152338,81070819902","152521,16598000008","151838,20855625268","40359,116622175265","40292,83097175672","81357,43211417687","22053,319126564573","31141,932093343723","31438,485344813147","64905,14716482819","148279,69251676614","149815,88227536707","146750,87837678991","19941,29650483462","17836,3263646054","78377,20303468223","76697,59237393632","78355,28831517938","24154,12383120807","20447,64575120424","20447,64575120424","192727,893703593","100439,81549967497","67105,8296032351","64088,25823366872","59071,69704828936","61634,1449783636","76648,37563332824","87251,42714182178","80230,82882947165","123755,79382313628","123768,34658145181","38038,832196628064","41554,25083470041","56387,99681254936","129518,56861804563","105333,75255281765","104571,51235038727","161799,5003435211","80826,83882563845","30015,17585514642","31708,50595925121","66628,50020582753","85565,78300039883","92190,0517017495","85385,88862686694","94429,83387589557","23143,0447230847","33339,77109549281","33475,41142416922","48262,65329404695","49022,88780193833","47255,544751440706","50939,588152989214","63614,30048258123","65962,83342618721","63749,41767951345","64378,66117032611","64991,52292166061","143260,30245787898","141559,00866655173","92066,03274996021","92066,03274996021","36337,53771695196","70589,9188681155","68302,31410009271","66813,0516639697","62059,619849071234","61804,325877734445","1031,291697281157","0,0","16342,372471475928","437,3138458613539","54188,899544822525","54734,82062885976","54734,82062885976","53842,12177189932","55656,556938887974","55673,74489968598","48184,10957002649","52221,17164167053","51058,17507136276","58598,36616331303","55727,79906902433","58353,622661731744","53759,62003363719","54128,171900726826","54247,05414762554","52595,03379313366","57193,332209127184","59492,27066581553","49551,796478448865","50394,25765125049","57276,685174101294","53358,54056540572","57667,78322445675","53640,92576114376","56972,12127195544","53392,54918229767","59437,742066442996","56807,66952972518","53027,8821706844","41221,874046151934","43902,664355509434","36750,196973501406","65375,79363863475","59249,2801854785","64664,96542205355","57994,95135739384","60838,991945182606","40344,13331130875","54601,37917164258","172029,66591292832","95245,0295791788","91569,86271686696","65545,90399738187","245325,92797125824","95997,11768205809","96500,09806222595","88078,7380339048","85830,1945104111","77579,77119130235","135132,91222558395","63988,01860466901","59775,47069474166","53510,55787114029","51796,231220221176","101261,83079715911","102151,27088697067","76814,849986035","77285,99823034035","77285,99823034035","171275,96547120027","71036,12585077624","70742,75060030798","70742,75060030798","74655,93099588981","75545,09111985403","172496,3624399879","55214,17370608775","55931,86842062713","55800,32159574392","8608,615094267772","13320,614114099419","9284,089090101812","13252,875529748926","11532,729853066356","54429,824897158425","53331,63655066242","48087,05671497844","48176,75021865505","47977,0554371661","50005,496998109404","54102,64325146787","45355,79935017163","42950,108235372965","52828,449963878185","52594,861623090444","118162,12261672466","118675,61386078673","51730,448682433365","66394,90172554392","62869,29430046443","57332,15586389831","60223,47813696467","57123,32810109357","59271,155439191316","63361,25596454227","62118,16073688547","163320,2678839203","37470,80679208717","37497,85486775172","37095,101561707634","146958,43494842897","154935,12763250765","146958,43494842897","145604,0543367487","145621,96231590072","144899,11928811387","103335,79066154003","112258,1924901973","107359,20910745545","51986,85940510366","38963,39260743485","34306,14036208018","131895,13064936904","131642,15056169406","132364,13039605648","124978,06761289769","115646,97234108619","68820,94653104237","58417,82642887297","41928,80659421938","33307,78487644848","45166,01481660532","40667,895157616236","43786,499411818026","43952,77434199982","35350,61174842778","78914,57347757318","61255,37276550076","60155,2233007483","64654,055244581454","63807,02862501591","66477,80323508928","66477,80323508928","130493,97958742338","78892,45103377942","78650,80563481858","77199,54185815706","117080,6298429637","118904,44655779396","183741,15103861093","183741,15103861093","167446,66743886046","159622,18047446842","44083,01316501788","95362,34118729511","100496,60833371332","100988,4677477783","36036,10329864265","22157,137518244737","50217,71813802936","56861,45479916336","47408,338477996695","51880,50752446726","60317,41062837772","47661,45233682989"
835153,"36655,40563540874","37681,8878733984","79588,95561001747","81070,85079858785","80181,73704213256","67841,31313035825","80908,82374753467","83673,81733866452","25717,11617187677","14967,03297517742","65603,29592975073","60293,52175005109","61150,60465473035","43437,645868756386","61872,165597982384","59396,871367638036","46874,938483518206","239536,3072857016","112984,15606052984","114358,27406906924","43301,39673829209","33551,912773800555","35093,54724915405","34303,19395611179","36925,24860560962","45806,529401397456","152081,55364100303","120100,11334754192","53360,38312355969","53957,89365065174","49886,21202388515","50393,51462996951","52056,34687338429","53511,93811923499","50712,9159085095","45394,588394075865","116647,28653422526","113925,3089471144","118291,77963547606","113925,3089471144","150082,7206699455","55474,25332821886","53380,357571514396","52028,916573988245","50215,47725604571","67008,33119032861","68757,64413735205","57855,81018085167","69928,0692897452","71962,93366602561","74201,26121945835","68060,36776938452","65031,568281246036","59889,978877630354","58828,27285462735","60203,29491921096","57114,55834126247","11385,60036063325","11903,720864134126","143048,54730049786","144148,49006957395","144452,1755299658","143525,24281663733","29078,113572135055","29281,392243930793","75259,0271526968","5711,2017002506855","16882,77612786102","17457,851329338304","75087,31284262222","143371,8156541999","145009,88331925528","141739,10274963762","32755,01199955911","30689,56486233264","90063,19779813054","88205,19196119031","90120,48438008664","27767,057635517678","23649,12172886682","23649,12172886682","188240,55044814697","97234,62814085568","72568,78317070285","71839,39991034371","69331,16989535133","67815,05318119268","89375,8054948929","101079,17817561429","70328,23331314926","130763,46497528933","130735,49703692066","53535,62330539667","28393,320747009104","42697,10640768034","126201,82133376268","99690,53393268626","99275,9961476252","154544,5075868758","73456,58538205836","46346,44342621809","48050,812900139856","82810,07177996502","75173,99987377223","80083,46157705573","75486,75402869417","82478,82675093149","27440,671961148277","34653,84082784372","34841,7141662021","62716,546196647876","62847,36370214906","61115,77961948168","67003,6526220567","50743,16793809675","53194,664097557186","50607,66871525454","51314,32692233524","52219,76208570459","135906,6075641344","134285,85934944983","86108,21790025017","86108,21790025017","50448,71622665662","76078,70235617398","72333,26568920536","70028,56763564513","66184,39016637151","65459,328440750454","15351,118433253483","16342,372471475928","0,0","16767,40036236341","57669,552092605125","56286,270751589764","56286,270751589764","53228,609917013324","56155,93394602627","58149,68384202557","50975,038016345985","55125,34801853536","50377,63627099995","60201,07946526706","58749,34473593706","60759,74239143304","56858,17000788457","53346,94629229301","56719,323190532465","52570,87953768093","57911,507097274996","61746,00508446337","49031,67631946946","52802,479863239285","57031,56848021466","56395,06817251634","58919,18402312077","54831,85491865611","60023,90958235225","54295,08277014521","60443,199942745036","57182,392896793535","53086,540625559384","25418,57774574651","30116,004823820487","21273,83600382322","49459,32405324691","43167,65007299783","48747,26601190131","41653,93482112501","44642,27345232737","38613,47893425958","54329,345712654016","167446,21403361807","103647,56303654306","99933,16792796325","78067,32341097845","254845,56523548393","86871,13699422519","87351,04154834445","89459,0479974325","87503,95128424688","78443,39589147693","129512,39787846559","80322,02601222669","44530,856774043445","67423,7518963697","65476,806892221975","103191,02082071072","104187,8958867299","87031,88118198002","87542,4265749503","87542,4265749503","165600,4741202714","86545,99380320121","86173,30614133511","86173,30614133511","82875,98112120414","83640,985986917","172419,8969075278","70531,92086894438","71234,68976337765","71141,23763686838","18621,519725685655","21216,098341399684","17549,717687866763","20961,861886475846","19552,080637954994","52358,2500293971","51452,33245546141","46340,937978433205","48956,6290988699","48545,884564552776","47027,60468823143","52212,39589475008","46818,41114564432","43372,5255549848","48677,864331706514","50269,036227154575","114778,86693780986","115508,33672469627","68056,72999828059","69461,9905482159","64943,09461483636","60658,58635160342","61704,71548212755","60581,40708951134","61983,22273344964","66088,00876580067","65294,01023238172","159099,42785375373","48527,975444511525","48274,2124341338","44871,60915119506","148947,73623169962","156627,94509133013","148947,73623169962","149812,8549784234","149777,30297097267","148927,94321130167","94948,56037002814","104774,0891089417","100128,44962248835","58322,59381380468","53072,777878128225","48519,45963577178","133771,00552442772","133420,64974875472","134138,9227776295","124080,28758562487","114620,61739432636","64230,67267712654","54876,064691656255","48556,62526125201","42216,629791652165","49408,6608448349","47069,43351529462","48871,39895378066","48861,70975747198","40342,670513372264","65718,48459922924","66204,81791217544","64863,459803790705","50467,12394279653","49724,40709286235","80633,55184957736","80633,55184957736","124192,59484064032","62572,44136883782","62353,89691777303","60877,12338824747","119097,64453851405","120950,81574183232","177411,19830899528","177411,19830899528","161659,68780648877","153139,29032933668","59800,69232189063","93902,61640318652","99232,63435150648","99839,26799094598","47778,339508431454","37361,744407353646","34406,20507477395","40554,143203526844","36026,50344467393","37354,730467823676","47481,1480796472","35882,9439590198"
835193,"43182,81103604619","44662,38689876714","68502,91292325911","70344,52245681046","69526,95021121799","70658,68950425176","83604,19680483056","86367,84432628365","40644,02283798031","28061,578549507867","73686,63245241299","67285,0085432396","67304,92466836117","40436,26243742809","45572,69982330777","43037,54910806878","53830,99199501513","229269,45703159372","108046,0896198334","109504,93022080298","48077,79770929972","40720,04270254111","43034,3620877219","42188,53727611281","44166,35856528966","53945,942051626815","155403,89598889402","124283,84548673077","49234,063613713326","48023,09772039514","46072,81931899482","46953,80079164299","48894,56503155379","49976,97633240957","47139,755293922004","47359,04676606655","123904,37560168433","121171,94043238973","127131,64284885411","121171,94043238973","152848,64491543468","40931,47316032025","40965,65326653253","37981,08482498159","36307,50559658005","65224,27705841774","63974,97841320111","55591,76174003882","70472,70345409017","70539,26908236422","72553,13649661234","66288,96080607755","63128,23598468582","70802,96837804097","69672,08295177063","70761,94463203027","65995,23748231342","13812,444383809709","14738,006168854114","151558,27144997695","152656,67683470223","152836,50221154618","152158,65067767617","40760,74041677987","40691,07729529276","81645,89140179298","22477,972162482663","31503,140364994473","31792,885816699396","64761,906567788705","148526,61812027005","150060,28008545254","147000,37204625437","19595,85203308173","17496,15238229957","78017,59400872393","76342,5801236196","77993,82923292986","24304,107040369512","20633,872571341024","20633,872571341024","192960,5090237355","100657,30980787247","66909,37243784907","63833,14341271364","58753,948988760174","61422,41127446446","76265,23614285242","86843,76976759118","80593,28323401108","123693,97714926745","123707,75038228893","37685,377402251856","41976,36464891228","56811,58382491207","129731,59431727743","105604,90687061597","104835,24284553576","162096,78790085358","81141,46221338704","29586,263925431704","31283,610169460888","66192,74218463995","85935,50926667875","92586,98319693955","85746,97626140293","94824,02945873135","23070,924561162534","33309,02810108912","33442,75095231453","47847,55315265658","48621,296895909116","46853,660573485315","50546,74642786354","64026,82571963387","66373,54011576812","64165,33806194457","64793,49805980936","65402,47264759645","143561,6421487079","141858,84697315327","92347,703087263","92347,703087263","36058,35033452963","70390,58014346758","68143,17467674796","66676,77704342654","61902,73815260265","61660,30363044902","1468,4674627448048","437,3138458613539","16767,40036236341","0,0","54057,17440670398","54654,908284678946","54654,908284678946","53821,82176535062","55604,012252262444","55567,663073740296","48079,11319767326","52107,53737472097","51043,45837689474","58512,76073199844","55606,84200552313","58246,5602656242","53638,80722045533","54112,01826334434","54142,71712433481","52560,4806096543","57133,11724397073","59388,18082537621","49534,97773663272","50296,59085067477","57242,333200143185","53239,89561637789","57592,65209916239","53572,12963083307","56849,00764424243","53331,88430129293","59367,38158737781","56757,15313153007","52990,51816519297","41658,84576500342","44329,86792608507","37187,5053119304","65771,8653609421","59653,470090068615","65061,15955420058","58418,59307908994","61249,21668192993","40575,12503083084","54776,26882272142","172266,38692998906","95147,47539133989","91474,80758403147","65316,34028546968","245174,5644420611","96341,58672736256","96844,89756041451","88187,26162172621","85932,01562129718","77707,18072486321","135397,74983973315","63559,91306398459","60147,25503072505","53229,11403671795","51525,823663062314","101350,57665352707","102236,83858016698","76664,29911244397","77133,88904040672","77133,88904040672","171537,6733530202","70601,68302951394","70309,21097321894","70309,21097321894","74572,82664397337","75465,49941732961","172623,09386399298","54782,75275098445","55500,61784966179","55368,539291329405","8506,455258163263","13217,6702162951","9254,61527255119","13158,7470336028","11456,674259211773","54447,89217206623","53345,97860783363","48105,51833897485","48126,82358585293","47933,19014396565","50053,82855360571","54116,27611166557","45291,908945011426","42919,24741732374","52903,90833650274","52622,12675514376","118379,06013749886","118887,35752646481","51311,75458353861","66262,91878285764","62766,888612648996","57201,22363326381","60139,504734673545","56989,04089016425","59154,904559663606","63240,863811426025","61986,76402985737","163549,50759940696","37148,34166495212","37183,33545717187","36867,98091989093","147034,65860221285","155018,01021830086","147034,65860221285","145619,62814455593","145639,0351212981","144919,859703405","103664,45556626807","112566,88681686505","107663,64677326435","51981,603903842806","38681,98003105256","34023,9281221384","131977,15449883614","131726,82220211255","132448,75327190474","125133,25653398986","115807,58123040965","69083,56687392539","58665,26172968524","41726,367384086916","33054,65157299056","45025,48407967489","40473,99433482573","43624,6265841022","43795,56972697997","35208,52741110409","79328,93819201276","61076,98104717158","59984,257879847384","65081,641410442055","64233,65108361502","66065,83342933818","66065,83342933818","130774,49210737043","79311,935000795","79067,76416401264","77619,36015312532","117162,2930089653","118984,85798583296","184016,3897732604","184016,3897732604","167711,24829985094","159902,96285778895","43647,240780613334","95539,87803131167","100667,53532348308","101156,40110530717","35862,47685227086","21733,963209902537","50654,83459942713","57291,329844522734","47678,509569659356","52232,30596487273","60616,883419620506","47941,60318091391"
734075,"94018,5407896647","95166,60222039698","115205,275206597","117542,5718912092","116898,93474188128","123977,76456379327","137045,3754935921","139822,3331897801","80177,67151519997","72308,0990102381","123256,93815303921","117918,45141436195","118637,76712307397","94469,05702276243","77599,61006525187","75271,47218332873","104435,41007353146","272905,1601480632","160558,80038958343","162057,3620973425","27311,471258545473","35066,98791567754","36684,0024659391","36638,33692561438","34676,90193499388","37864,15754681546","208775,20708740555","177161,239305079","4917,9130649785","9147,032651831487","8009,4656036525985","7300,981133019501","5644,65227863199","4175,341221816468","7024,955853129493","100758,17461864204","174307,64094332757","171587,49647212532","175612,30314088587","171587,49647212532","206441,9194263912","42483,985477117865","32260,344171522538","39326,26667011143","38502,892729076884","119248,91851422079","117236,32678356423","109608,1335046317","124421,18902860425","124578,22348217259","126569,30161582543","120311,57020300694","117148,98097033669","116680,45408950254","115680,37588410339","117190,96497340509","114701,3093163532","64740,15455107712","65708,50407161756","200419,3855853983","201517,35513566577","201862,62563116607","200849,4788722357","86286,710172936","86590,25274140501","132843,47265739","59841,46067149641","54142,62956046391","53407,42365196874","112973,36226507649","200816,43530822403","202426,9616526088","199210,16800472353","39493,47229327715","40588,77351288374","48524,17021260909","46337,151165859344","48907,26507058992","78334,59477911712","74528,95278089434","74528,95278089434","245597,4484873453","153862,10640720042","16080,854921601576","21012,740207734332","28745,82138582152","13669,964829349228","52785,37783569838","67885,54441371535","127327,65196896385","174095,35831701828","174155,1996080296","75274,37050931627","84348,73033948382","96811,90969145719","182963,24762826078","157245,91249579485","156753,4613406222","212144,78801209116","131122,4456016935","58859,07498391348","60767,470668619164","75892,67604678827","131807,25589466176","134912,8678161356","132426,35523077814","137454,18570363036","31410,259927863484","23070,603905573276","22877,681716259758","46803,2155252939","43083,71141158783","42643,064684697696","79492,77996749856","105601,01725535432","108072,00934966063","105083,95014745524","105867,59762271807","107138,8678721376","193507,99186696464","191901,43269142043","143694,2955006192","143694,2955006192","79760,71302706691","19351,105932057217","14667,0023420514","12639,033841236827","8614,515611227425","7799,704395773074","54541,299154145105","54188,899544822525","57669,552092605125","54057,17440670398","0,0","6669,028961917703","6669,028961917703","13972,438349193266","10276,379796177187","3663,4834050222744","6811,712620096916","3013,4665337896945","14596,46940684722","7564,566855621392","2092,354069315492","5319,0934092792595","1467,622082319227","14515,86223890741","3523,476247302651","12174,910556714502","9807,486848346076","6490,626570066206","14549,966445971802","5658,700208181242","13011,859782513115","1868,1114050403044","8224,853704910709","7981,04339156588","3012,5785295116484","8985,670371275259","9734,913692562935","10858,446297776838","11835,133863137245","76338,18601232102","85171,25001677347","74299,86197583559","79348,88207138356","76893,46240330466","78855,85906532199","81641,09205451404","79621,4319147318","93856,30793186987","108659,85302680905","224817,46523752567","144490,3622261554","140988,57795635427","108806,35921707083","289928,7747096887","144093,78026068097","144560,33738552628","142204,3223660077","139919,85987815514","131764,12679761028","187102,13229231292","79400,9141064242","70199,51764474038","94201,46559116659","93526,83911823074","155246,54090018364","156106,21943655104","124070,48518383125","124445,79912386349","124445,79912386349","223222,94597827035","69386,15554985432","68331,39219639647","68331,39219639647","124881,41563057344","125878,91426261837","226679,29237650766","57063,35432449933","57339,17703449336","57617,95747966362","45592,6955977955","40896,16116935716","45171,24587028115","40987,61522418636","42755,039370825994","18759,30516357609","18131,853069635366","18674,753834317842","11444,922435128667","12134,916372347972","21913,196180269315","18158,729977726984","11814,378348296188","15915,012688939822","25428,900907064777","19603,12120580453","171551,1379853523","172165,14021246857","74233,13879702853","12206,003386792601","9595,236109919402","3145,4555641211914","8835,444466861893","2953,010910882433","5501,992665915802","9313,786488576212","7929,6080712458015","216331,82493562353","28687,73777235187","27750,22586924727","20216,23139923006","200780,96945732765","208832,59923174235","200780,96945732765","198295,98171194253","198350,76981247647","197718,13466594237","152397,65386873583","162393,7205472343","157780,7963198495","104768,65598335899","81786,96450943814","77919,27731223004","185794,7420514797","185570,22825430092","186291,3233348241","179117,18925587882","169759,14993369815","121344,8903740791","111438,74441924994","14852,02538461976","24723,26253864954","9087,855794766607","15337,551488274943","11008,969317377276","10681,316695031437","18875,173241085537","119351,29699410885","9630,45254328591","8069,1717063747665","103002,10827647347","102549,7801609375","54688,06821766051","54688,06821766051","181854,39023158813","96709,85717828265","95630,33691416726","95430,95900572074","170985,73919818396","172794,73163515245","235080,75031259976","235080,75031259976","219294,19230721274","210808,55249053036","55212,341421870544","149356,69246894252","154543,7639729658","155057,8908967489","84627,15675545872","46337,26770865756","83429,18574959309","83272,54369335537","47838,41738771764","61747,93843720726","58201,68670016268","49235,24057875007"
834006,"92912,98124074753","93966,30576190696","118095,32252870414","120361,54909473937","119682,96080542769","123516,59504335622","136612,0705568527","139389,4096921619","77515,5943798523","70532,93890042989","121563,41901127475","116528,18868387163","117436,67540696752","95023,41510636052","81759,65893502436","79354,14393182557","103154,61424396254","276718,8859340443","162171,56126857002","163655,31369801707","21719,22438021037","30508,35792614523","31792,915476974875","31861,017286190374","29629,786907123435","31795,313351996818","208155,65682909338","176312,17401774882","9095,133000479014","14723,791235923429","10191,039256377371","8917,60297158693","7027,106330294202","7217,94725094634","9011,721885436336","100457,38218393663","172580,54000238393","169872,58443012595","173399,8158143312","169872,58443012595","205987,87616467517","47784,97560850092","37659,09642241016","44384,129614930986","43384,79904134942","119794,76148236253","118448,57803298095","110183,50566722255","124471,41815125798","125075,58562247008","127129,88492833855","120861,65759355403","117706,68554349433","114307,80879049317","113340,64436020685","114910,66887941313","112886,59304135732","64285,721087592","65226,0428890807","198219,93226547286","199314,96121171568","199699,18108564263","198608,61832308024","84303,92942103115","84659,94329793376","131516,40131889406","57856,95964382464","50900,05962450619","50111,38500720386","115578,11723508022","199656,0792766951","201295,84192629135","198020,12137164772","42029,61498020152","42836,701600762986","55094,721311996065","52911,37180513053","55487,21480750558","78690,66022259617","74745,47592970454","74745,47592970454","244526,38696134163","153240,0579423413","21010,080128638125","27378,825818773672","35402,667334518235","19795,526068195883","59447,76935009389","74551,84623408347","125014,03142286347","176415,1253761986","176462,6609472677","78810,14883389595","81948,69754502975","93829,78633110758","182294,36406461685","155954,12742856806","155559,70846791385","210221,02053538407","129474,9582567023","62614,06686394578","64600,61323056699","81737,40812512513","129301,96777410082","131809,06750145284","130063,76932049941","134376,8676178334","31595,007740690875","21911,779545921407","21741,58416841581","52562,05724720849","48993,745534916845","48434,2802920664","83981,62484373347","102693,59931691534","105148,39789412181","102093,02981500636","102886,92111079983","104233,10025536736","191600,55228988684","190024,1463256976","142359,96270159315","142359,96270159315","82681,02358850565","23883,95645496413","17761,21842945973","14484,801489754871","12903,060796448188","11278,858189789888","54966,772105182514","54734,82062885976","56286,270751589764","54654,908284678946","6669,028961917703","0,0","0,0","7495,773310134769","3615,4490650340244","3502,5221815191494","7221,078496991384","4923,793534126583","8722,205607796632","3932,957239846665","5409,600991988709","5087,000423824251","5302,299718253989","8001,512841161175","3150,588803154115","5996,736084695151","3550,0801152274485","5737,290625165","9145,776591324016","4863,322742133959","6415,748622662941","5105,04667039812","3000,904705504532","1770,702726179795","6084,508825002174","2753,1418299876746","4874,414877205967","4325,552000337206","5548,970488825598","73213,6922321879","82543,87070654114","71533,92812301357","74086,87037228247","71995,44636391933","73622,21536534472","77159,56609133528","74751,62817052614","93543,23194943288","108675,00127006433","223732,24265054028","147001,11285201088","143449,331960289","112140,3695088821","293577,80133427447","141866,2753075611","142322,62345030866","142751,41709806686","140531,45234694512","132136,9095074966","185747,01238622333","84915,92065719116","64887,60897450588","97705,16783515037","96893,03416718818","155992,8940227782","156885,18251639593","126889,35329550238","127283,80117142707","127283,80117142707","221790,63244136522","75691,29492594623","74655,54791402582","74655,54791402582","127096,81454685434","128072,25138729956","227001,7791350488","62960,331639522046","63270,42643257837","63531,73643113829","46153,302368914265","41452,42577747849","45502,96550187171","41499,948291642584","43202,33745648846","12259,34820655466","11753,085727211583","13316,435132800276","7448,106003544377","7975,6432601670585","16043,680087394856","11685,545894434397","9551,829925048884","12974,290848072176","19192,18704732754","13335,017791640134","170869,53090856504","171544,1463625494","79116,90034478523","13784,280230204397","8688,536726053195","7203,290914517884","5513,4095464047905","7544,101471845293","6630,451526736147","10265,415039026724","10203,06706964339","215367,97156479815","33514,02412786992","32539,130465732556","24008,697708894724","201689,365910052","209669,8966008055","201689,365910052","199870,11733258978","199908,70231051315","199235,03293919715","150337,9363514993","160553,91313345934","156034,906099856","106167,79843526588","84824,24290463736","80776,05884665721","186629,94326049968","186376,3816118014","187098,38270137797","179140,8827899174","169735,57748292672","120428,74967777755","110778,59407296531","19146,272894016663","28260,207843914013","11948,601344943207","19156,826714852254","14551,747533317119","14073,120125451365","20461,28626158972","116063,08897975192","15099,445968439217","13574,120355093462","99651,34227338804","99255,50499294809","61191,40203339052","61191,40203339052","180305,14718312336","91438,34808630141","90309,81967877393","90210,45538515672","171815,3972255298","173638,87487008626","233417,47219017654","233417,47219017654","217831,78782213686","209137,73419766323","60383,322783549615","149192,4986582422","154437,08709573257","154982,2959336273","86872,77041083985","49530,95634842065","79875,38126087266","79014,76581358736","42641,94840331964","56681,98554358483","52311,5695815855","44057,934518122274"
834007,"92912,98124074753","93966,30576190696","118095,32252870414","120361,54909473937","119682,96080542769","123516,59504335622","136612,0705568527","139389,4096921619","77515,5943798523","70532,93890042989","121563,41901127475","116528,18868387163","117436,67540696752","95023,41510636052","81759,65893502436","79354,14393182557","103154,61424396254","276718,8859340443","162171,56126857002","163655,31369801707","21719,22438021037","30508,35792614523","31792,915476974875","31861,017286190374","29629,786907123435","31795,313351996818","208155,65682909338","176312,17401774882","9095,133000479014","14723,791235923429","10191,039256377371","8917,60297158693","7027,106330294202","7217,94725094634","9011,721885436336","100457,38218393663","172580,54000238393","169872,58443012595","173399,8158143312","169872,58443012595","205987,87616467517","47784,97560850092","37659,09642241016","44384,129614930986","43384,79904134942","119794,76148236253","118448,57803298095","110183,50566722255","124471,41815125798","125075,58562247008","127129,88492833855","120861,65759355403","117706,68554349433","114307,80879049317","113340,64436020685","114910,66887941313","112886,59304135732","64285,721087592","65226,0428890807","198219,93226547286","199314,96121171568","199699,18108564263","198608,61832308024","84303,92942103115","84659,94329793376","131516,40131889406","57856,95964382464","50900,05962450619","50111,38500720386","115578,11723508022","199656,0792766951","201295,84192629135","198020,12137164772","42029,61498020152","42836,701600762986","55094,721311996065","52911,37180513053","55487,21480750558","78690,66022259617","74745,47592970454","74745,47592970454","244526,38696134163","153240,0579423413","21010,080128638125","27378,825818773672","35402,667334518235","19795,526068195883","59447,76935009389","74551,84623408347","125014,03142286347","176415,1253761986","176462,6609472677","78810,14883389595","81948,69754502975","93829,78633110758","182294,36406461685","155954,12742856806","155559,70846791385","210221,02053538407","129474,9582567023","62614,06686394578","64600,61323056699","81737,40812512513","129301,96777410082","131809,06750145284","130063,76932049941","134376,8676178334","31595,007740690875","21911,779545921407","21741,58416841581","52562,05724720849","48993,745534916845","48434,2802920664","83981,62484373347","102693,59931691534","105148,39789412181","102093,02981500636","102886,92111079983","104233,10025536736","191600,55228988684","190024,1463256976","142359,96270159315","142359,96270159315","82681,02358850565","23883,95645496413","17761,21842945973","14484,801489754871","12903,060796448188","11278,858189789888","54966,772105182514","54734,82062885976","56286,270751589764","54654,908284678946","6669,028961917703","0,0","0,0","7495,773310134769","3615,4490650340244","3502,5221815191494","7221,078496991384","4923,793534126583","8722,205607796632","3932,957239846665","5409,600991988709","5087,000423824251","5302,299718253989","8001,512841161175","3150,588803154115","5996,736084695151","3550,0801152274485","5737,290625165","9145,776591324016","4863,322742133959","6415,748622662941","5105,04667039812","3000,904705504532","1770,702726179795","6084,508825002174","2753,1418299876746","4874,414877205967","4325,552000337206","5548,970488825598","73213,6922321879","82543,87070654114","71533,92812301357","74086,87037228247","71995,44636391933","73622,21536534472","77159,56609133528","74751,62817052614","93543,23194943288","108675,00127006433","223732,24265054028","147001,11285201088","143449,331960289","112140,3695088821","293577,80133427447","141866,2753075611","142322,62345030866","142751,41709806686","140531,45234694512","132136,9095074966","185747,01238622333","84915,92065719116","64887,60897450588","97705,16783515037","96893,03416718818","155992,8940227782","156885,18251639593","126889,35329550238","127283,80117142707","127283,80117142707","221790,63244136522","75691,29492594623","74655,54791402582","74655,54791402582","127096,81454685434","128072,25138729956","227001,7791350488","62960,331639522046","63270,42643257837","63531,73643113829","46153,302368914265","41452,42577747849","45502,96550187171","41499,948291642584","43202,33745648846","12259,34820655466","11753,085727211583","13316,435132800276","7448,106003544377","7975,6432601670585","16043,680087394856","11685,545894434397","9551,829925048884","12974,290848072176","19192,18704732754","13335,017791640134","170869,53090856504","171544,1463625494","79116,90034478523","13784,280230204397","8688,536726053195","7203,290914517884","5513,4095464047905","7544,101471845293","6630,451526736147","10265,415039026724","10203,06706964339","215367,97156479815","33514,02412786992","32539,130465732556","24008,697708894724","201689,365910052","209669,8966008055","201689,365910052","199870,11733258978","199908,70231051315","199235,03293919715","150337,9363514993","160553,91313345934","156034,906099856","106167,79843526588","84824,24290463736","80776,05884665721","186629,94326049968","186376,3816118014","187098,38270137797","179140,8827899174","169735,57748292672","120428,74967777755","110778,59407296531","19146,272894016663","28260,207843914013","11948,601344943207","19156,826714852254","14551,747533317119","14073,120125451365","20461,28626158972","116063,08897975192","15099,445968439217","13574,120355093462","99651,34227338804","99255,50499294809","61191,40203339052","61191,40203339052","180305,14718312336","91438,34808630141","90309,81967877393","90210,45538515672","171815,3972255298","173638,87487008626","233417,47219017654","233417,47219017654","217831,78782213686","209137,73419766323","60383,322783549615","149192,4986582422","154437,08709573257","154982,2959336273","86872,77041083985","49530,95634842065","79875,38126087266","79014,76581358736","42641,94840331964","56681,98554358483","52311,5695815855","44057,934518122274"
834009,"89824,16015576583","90771,41483733445","119396,24882357755","121568,96360711523","120850,68837308859","120987,65867259071","134074,95868762987","136845,56271304516","72899,963964581","66889,32769163052","117747,51133854061","113040,4781582408","114143,21926610508","93730,80690987887","84794,68178411959","82307,36913742985","99831,34490590135","278941,5014225889","161847,8539120776","163311,608537261","14809,06332036574","24506,83736568983","25406,2949767677","25592,342536878095","23122,124969057822","24393,336762498515","205299,30983423546","173255,8187362665","15001,611399225536","20765,459228421885","14512,264202942282","13265,475032540558","12075,984782093674","13131,011689219762","13589,798182487173","98193,91423700716","168628,55992908333","165936,69582411408","168965,0020360611","165936,69582411408","203308,78317715315","52561,376905045916","42703,281813989255","48900,14017736885","47701,5387347704","118378,98139840919","117786,51802874671","108838,55699110164","122493,27904006263","123587,65182961631","125705,41442557986","119446,75754216839","116311,8076583491","109827,67901960932","108896,08921379548","110520,77946717502","108973,41231358882","62137,21125187931","63035,28755800139","193770,5590566956","194861,67825293637","195283,51424555018","194118,57574114023","80343,46651658251","80751,7817200628","128050,66396382154","54126,210411026754","45927,26825919423","45093,20648100273","116546,18411901103","196246,505284061","197914,5189744287","194581,88330907663","43668,55774910051","44128,7808023308","62496,22179048137","60309,42726392275","62879,70127640032","77291,62811960891","73226,39336490627","73226,39336490627","241167,3933098851","150463,23484261666","28267,543084038673","34861,51730753998","42443,14910623607","27291,272844871648","66667,85426770254","81736,22336210693","120564,15840759869","176892,1643916781","176925,02050274558","81093,51210233814","77573,04103282448","88817,20567377213","179418,420912756","152471,82695763532","152179,35961136813","206030,98185650166","125684,73990773814","65307,33775362006","67367,33166480997","87059,81438391123","124653,50813042797","126581,32849320649","125553,80060821564","129169,50679097655","31011,68416109493","20532,85558633701","20408,57331210142","57904,64016415035","54579,01508260891","53856,303792407","87422,09661971216","97723,03301912251","100154,51512530095","97043,41217462641","97844,72622618823","99259,3124269116","187445,07543938735","185900,34145798668","138860,9627164616","138860,9627164616","84195,88494655027","30959,51972707493","24372,084383858306","20687,395565489685","20153,87933208737","18394,302802917726","53934,82935074584","53842,12177189932","53228,609917013324","53821,82176535062","13972,438349193266","7495,773310134769","7495,773310134769","0,0","4430,447674171426","10994,94359015534","11477,776358817817","11567,245118901361","2860,705867914198","9677,759309971487","12901,212985963446","12091,413431726174","12524,59754089049","587,6903084143806","10493,837694699265","2142,7974989659756","6078,855755106589","12303,196714548601","4308,31787839627","9928,020755414524","3865,646882161161","12214,542032634958","7986,707430692454","5992,69932000839","13548,477912869901","4990,600830849093","8566,909706839073","4836,829859562809","2245,152246506533","68160,30492156858","77934,33958284577","66852,38283046175","67118,34583556683","65314,13339030191","66675,46021294895","70813,99399998879","68085,97462081173","91303,35819950316","106717,97717939803","220375,77411462078","147763,45633757414","144160,65849121154","114003,22460913147","295578,8447412802","137465,46137813883","137910,86071934892","141267,2567714131","139124,6572231446","130489,03828508774","182154,45284280626","89738,5310030845","57901,104250878714","99837,73119109999","98861,01759329288","154699,48655695666","155626,28840243755","128075,426284404","128491,73152631412","128491,73152631412","218081,73310540649","81793,87766217896","80795,85960277595","80795,85960277595","127563,79013678854","128510,18584718945","225136,57501971978","68437,97495391511","68798,1839218021","69031,79932331033","45458,20598866446","40883,763668277374","44567,21929226085","40880,43465048505","42458,95822857335","4788,07369049296","4273,402868513093","7296,549677130762","6651,254661249807","6486,49853654664","8992,183596012046","4197,087031879484","9841,667256050552","10959,287757631791","11744,700892941399","5916,2764214796725","167997,58850128116","168735,10885831728","83098,31724480302","19911,38678384412","14225,65622065676","14672,408503904218","10487,757639728827","15030,73301589049","13648,801695583008","16522,22424585993","17028,3193744098","212144,64759706045","37973,37245008172","36983,15888953764","27761,5615881431","200501,48798599295","208392,6167219369","200501,48798599295","199440,9066952488","199460,7912090889","198740,8336126279","146088,03993692776","156506,6209237637","152089,47654836136","105770,12144538408","86464,03852146097","82229,27217241883","185380,96325797934","185095,31655285013","185817,25208620887","177009,90860512425","167568,92031278668","117425,1514186147","108081,82103302171","23731,98143390317","31510,729656997843","16320,868447840667","23302,682981860187","18990,36507238097","18462,062032412705","22290,24692752511","110693,63662382183","22547,793929437994","21039,693278594146","94265,07255499742","93923,94278187203","67725,01789106548","67725,01789106548","176522,19958065543","84438,1908407321","83276,76987249641","83247,92975943083","170584,29434148018","172420,79230291117","229466,96556548728","229466,96556548728","214095,96658105345","205200,2669122274","64867,44409198974","146914,34457461943","152209,7245216204","152787,4263224264","87562,56588474094","51749,661698271004","74368,3502225459","72859,97754322072","35837,87001559439","49913,91571518395","44967,57441557926","37260,899324905535"
834017,"92809,33955282606","93807,9613994505","120045,6613280796","122274,35351483901","121579,0177295709","123716,91777068713","136813,17944628783","139588,02844728713","76565,89914519142","70116,27741879203","121086,03332037917","116226,63429328571","117238,92205096567","95812,06599197257","84363,82608588232","81926,19942695613","102934,22854717763","279066,6851356798","163437,73559681373","164912,87114852894","19199,896990195397","28647,044473594426","29679,139160067978","29827,99294338368","27426,76753165593","28779,81964930065","208208,84745138726","176255,9674695906","12422,93030002761","18154,406296831727","12931,05011801624","11622,996785749641","9955,3204450754","10506,86010897551","11819,608874101259","100778,93869172058","172040,78212917998","169341,28885070793","172586,8978927235","169341,28885070793","206132,0904275681","50945,26770935021","40884,067205359","47456,48447986945","46389,737637973485","120539,89386419178","119545,23662211468","110957,32634344503","124946,68007393103","125788,67767205372","127874,16919289823","121607,71352956895","118460,75759321298","113455,11469850627","112508,04232127238","114109,92092132344","112352,42080137618","64627,13610085736","65548,14262178869","197401,89498360676","198494,78765596004","198900,78519079558","197767,06035815337","83727,95695559916","84112,93311330145","131232,14097634482","57376,09110463857","49713,17417241926","48896,55781373365","117388,91132226068","199416,56191449965","201071,68865337665","197764,98884850967","44020,96702315174","44686,69882576292","58609,179411370045","56428,928667561944","59007,98255902033","79413,80910738853","75406,82589957523","75406,82589957523","244319,15834596232","153323,753522764","23872,998839693268","30803,340037691618","39016,76950249246","23147,771601082593","63036,5499991756","78146,294538602","124182,1873807738","178037,37696753858","178078,59917643535","81127,40240715558","81139,39392098603","92656,03988736143","182333,25845339752","155667,68051558078","155327,7812497094","209552,8255364652","129014,3223345821","65070,24621234496","67087,34956971733","85080,01834906216","128356,17073777916","130515,610604682","129198,70192838444","133096,52933243517","32564,28547019553","22410,152302599403","22258,927044264157","55892,995949756034","52385,63857480601","51782,786120923905","86733,61047579031","101548,71435855715","103990,40818794206","100900,32805047587","101698,99643327235","103086,85345944313","190949,66609494525","189390,91571711886","142061,10957301385","142061,10957301385","84695,56702024899","26533,282489338522","19958,22192863539","16320,92781088279","15771,48575247584","13985,533720676232","55824,39059281899","55656,556938887974","56155,93394602627","55604,012252262444","10276,379796177187","3615,4490650340244","3615,4490650340244","4430,447674171426","0,0","6925,124969922032","9800,3358168365","8412,673820299693","6507,556936506336","5258,500578899312","8883,327535931274","7699,093026050593","8917,698589349693","4822,732142445268","6764,550352204132","3783,9563605956682","1828,8678705090726","7872,903968495268","7453,968782367674","7658,717312387998","2867,4260914634397","8711,50207114358","3569,05896284872","2880,0845084135335","9357,894341691697","2486,9988601000696","4452,566392913787","1181,6615204357945","3234,451258669837","72003,61221816322","81601,25244284284","70541,30262343498","71540,5086612371","69690,46600078409","71095,29688879348","75109,8380788579","72459,59275187878","93871,70104192427","109152,84819151262","223524,2102277516","148737,55599771324","145162,9721915344","114315,1333008502","295841,09601110243","141067,00519492308","141517,1738213848","143473,0607894655","141289,2890934746","132776,05872186343","185406,73680732562","88119,84253633727","62324,316311319526","99978,21977865908","99100,81850085284","156809,44515902596","157718,32504194503","128796,13845635","129199,79016402055","129199,79016402055","221391,69421858204","79212,58607075982","78183,73114991852","78183,73114991852","128699,67657877672","129662,98502638239","227556,50840933868","66334,63192888047","66657,72630749262","66912,12394431281","47142,177868535444","42481,80668103044","46378,67384254219","42506,29099728943","44158,591145569015","8972,18823015947","8648,618515622908","11287,571458027116","7485,068706536755","7744,218674330803","13396,361433915163","8448,798690333018","10390,006908309553","12927,019282833597","16117,819953880422","10329,015941735617","170908,26594627355","171615,53122845932","82051,88035368723","15554,445200669637","9928,303850409442","10478,032006232586","6199,83788153106","10875,879965993527","9244,494963896439","12127,455392164402","12598,2227610136","215229,83144139085","36541,58457133475","35558,33087305742","26738,07643230518","202565,77103586326","210505,33177763497","202565,77103586326","201096,76053639746","201126,88304353395","200432,0957761673","149626,6456845116","159958,81805641582","155495,62890107153","107377,95978839597","86891,5122883599","82763,56450867203","187474,74424438484","187205,94213513308","187928,05395692962","179556,86073678697","170131,8128683408","120384,30010208717","110887,74586331849","22140,725765845644","30827,892244729013","14757,755899198555","21990,61203100637","17437,082929953274","16931,475241413813","22378,000515716514","114677,77117244776","18277,58359771345","16799,88516736554","98250,71487080185","97888,9014656123","64778,98601291953","64778,98601291953","179860,07712942836","88863,98674321058","87704,75237984085","87670,40021335732","172665,4801972101","174495,52722509677","232886,25141168598","232886,25141168598","217417,6587121118","208611,233820181","63466,95939352452","149527,88691003274","154799,3039285387","155360,84388663582","88546,4884868613","51778,65551040013","78390,5986328806","77101,17250196585","40229,31425633202","54303,78389750653","49370,636684457124","41651,6823955595"
834049,"94686,57200864636","95783,781802446","117831,22999900846","120138,9372873597","119480,10761610021","125004,15836350406","138090,6673385295","140868,6284282873","79956,63691118838","72589,71441318537","123614,11784265254","118442,32783547862","119265,73857024325","96001,29456029636","80718,54371982823","78360,27379359372","105013,60756023202","275923,90582679916","162625,59988730232","164117,5421244132","25110,951438047377","33606,042717626275","35003,416852144626","35035,07449049315","32884,650291164624","35286,29619010972","209736,08524673904","177994,95007106385","7577,021872437146","12610,965256684734","9803,095431248885","8726,955636490451","6728,336996439276","6049,468131416267","8634,096281664793","101858,17754440903","174658,26106889054","171944,5046794851","175686,20932103787","171944,5046794851","207489,89996358939","45962,52060984222","35756,49252768092","42727,44559562549","41845,25454004355","120789,00464535422","119101,49137727128","111158,86669006132","125712,95677021822","126096,10112572453","128119,39484708208","121854,17794977287","118694,1480797758","116647,46198896797","115666,1614301907","117211,75796050875","114987,20151452177","65729,07899053847","66683,97669805653","200504,27661532204","201600,67783658122","201968,49943998316","200910,44087011943","86462,78464948913","86796,28306646831","133407,23710518167","59990,27898866041","53547,890325693275","52779,1724976978","115475,61169868668","201485,22383903718","203111,91460915504","199862,51638391276","41891,4263081813","42858,73204385439","51684,05444148963","49503,86236467102","52083,06540233754","79755,432332578","75875,59444551128","75875,59444551128","246319,78151360422","154812,23711194593","17628,780674447582","23905,01597443679","32265,021072568245","16298,294008169365","56159,765936026735","71279,72292858358","127332,43538961682","176486,65847933944","176541,04475049427","78149,74654932214","84283,91000507561","96409,9833573212","183894,20532010563","157835,31677187592","157396,47817628062","212389,285127808","131507,9407895135","61809,03689813407","63750,09794353055","79512,9735314292","131701,4223271385","134449,81659755667","132404,1334962568","137007,85090122398","32638,429279000484","23527,42082639508","23344,625844417857","50400,54092099659","46708,97796744333","46245,44437256213","82731,25121940703","105247,81818885682","107710,04432222567","104680,28961425554","105470,4254766861","106787,26398534596","193759,48868397888","192169,84599170118","144257,0988153489","144257,0988153489","82383,076430504","20604,208132056574","14844,240167341166","11954,886207199343","9571,705923949323","8093,411089540976","55966,36176889919","55673,74489968598","58149,68384202557","55567,663073740296","3663,4834050222744","3502,5221815191494","3502,5221815191494","10994,94359015534","6925,124969922032","0,0","7490,324723470486","3587,5050482472047","12135,182713688035","4014,281876778335","1960,4916822318933","2682,638533842974","2706,6343939117805","11493,80598618526","1443,5791433366353","9465,085233265432","6218,5751723704825","3829,065890859061","12412,987480243764","5378,232950311714","9521,180916564563","2830,0126844001866","4562,398580088011","5161,006861939227","2611,376956744169","6190,661892206136","6106,1108712897","7350,793789202382","9035,876804383752","75838,18002841405","84974,07756325851","74012,89788753388","77434,67116703812","75242,49334953472","76962,61874255937","80279,60432539663","77991,39971462834","94945,84986554676","109927,17439373938","225530,065508263","146960,35681871098","143435,8274992222","111615,39103221215","292885,03320586827","144152,90756474828","144613,66990854935","143752,47937944296","141499,44274536378","133221,9902736529","187662,0761354929","82951,5594766511","68245,24330558922","97073,81364158867","96343,17132135383","156896,58528654228","157772,4935032242","126668,76045349515","127052,3586197998","127052,3586197998","223744,78147764952","73049,03070255896","71993,53843338093","71993,53843338093","127215,29531604546","128203,19029735333","228129,42788319825","60689,85587341244","60971,37692049643","61247,37228720448","47065,83003910023","42353,33113075138","46527,99936604154","42423,02675228351","44163,265409441614","15747,295630991564","15255,361253885989","16608,30252745057","10069,986852376385","10695,50120090417","19487,51424459144","15179,562640209484","11419,964405397228","15276,839512442139","22692,81810394351","16835,067701592423","172473,32770093292","173119,6400201513","77602,0796902135","11342,190776937783","7215,596155779502","3716,2581365104024","5457,152036454209","4042,495313105494","3848,230734730333","7939,13143437999","7338,585310489528","217109,28325798467","31992,615004987772","31039,380803076452","23075,38134522684","202518,32933450403","210536,29103335354","202518,32933450403","200350,86960088112","200398,0861845269","199746,1379423469","152555,21767133594","162678,56219213072","158117,74045234636","106717,64146579716","84460,38549555918","80513,12222583595","187494,17360387556","187255,39515097087","187977,0481634741","180409,0098499488","171025,01454055647","122128,35468496806","112355,00702324643","17874,910759243532","27502,39441888734","11299,90738073868","18160,147558864406","13625,601509236052","13216,268443440977","20693,89746656898","118771,16884571615","11613,24040889434","10079,769711214689","102377,95145027782","101960,2804529782","58322,8501213223","58322,8501213223","182305,86984890446","94792,33935203448","93675,69729494564","93551,32525572383","172679,91807072866","174496,3343264084","235474,90978926292","235474,90978926292","219798,9115391997","211195,9443185754","58661,331457106826","150545,5845663669","155763,6250188416","156293,89375830328","86956,39560899601","49039,24237086008","82669,84402960763","82061,25172970214","45957,19558753013","59970,38469157626","55784,788834703715","47369,06474333818"
834041,"87414,92019986162","88539,37999407797","110895,68812447593","113169,4104864836","112494,65888368092","117588,37440768589","130670,1588116911","133448,00679703045","73366,23917413685","65556,18961066315","116534,30871132931","111254,5753582436","112018,8175010858","88511,75852202642","74636,38525739753","72215,21530389455","97792,42869364822","269516,05563129584","155253,47707997763","156742,32565750965","22146,941417158385","28864,709657849377","30683,037996520547","30558,303149768486","28820,0268827485","33158,931366780336","202346,38379464357","170653,3074099819","4184,459841443459","9550,703425643493","3141,2813104793213","1837,4066825517023","1254,4613554064347","2985,1280870255678","2114,8878328552296","94419,23200091248","167586,34889009598","164868,06395262535","168825,73217100426","164868,06395262535","200071,73582789773","41275,869935971874","31310,48684775709","37720,33802741424","36619,15434108116","113299,32353517052","111661,65962369271","103669,71343335159","118237,42373997372","118605,89608772102","120629,95305072509","114364,56219797271","111204,659177223","109877,71317587675","108879,52789269746","110394,31833435236","107957,15479589274","58315,29286115776","59274,845012824466","193635,30049053958","194733,02927633954","195082,26476241698","194061,47880725728","79512,97727529559","79822,94850363792","126197,58093385723","53057,217978397675","47388,826415758944","46663,29711852067","108412,91584687812","194222,29716477692","195840,7663140133","192608,09988689073","34839,132304495964","35689,244769113415","52793,6283079847","50604,2240008278","53128,330234022564","72266,09174606674","68390,6592971707","68390,6592971707","239031,42273618432","147423,9051473533","22730,332263032127","26281,306834582312","31867,53988010008","19571,897302185014","56300,113013076516","71231,97746074325","120529,51543444047","169309,61361779945","169359,7358285951","71597,69727075635","77541,58239514797","90010,97379043416","176514,3007614755","150612,95640891974","150144,8011255102","205394,93158855633","124409,52616418441","55429,215228420006","57425,75664649866","75634,33266295068","124999,15838560423","128116,6318163909","125625,3501307049","130655,74084628435","25155,766072236795","16329,483270259865","16139,354474343627","46461,34982488139","43104,626005947415","42397,77230897679","76950,10570972065","98794,9340529408","101266,50497670007","98282,55606654748","99065,47274464309","100332,58490206313","186759,35199427992","185157,17241865385","137048,9021576165","137048,9021576165","75473,55663353589","26074,910215521635","21425,857035495028","19085,322491672152","15425,984798825788","14516,771776794722","48476,149258606434","48184,10957002649","50975,038016345985","48079,11319767326","6811,712620096916","7221,078496991384","7221,078496991384","11477,776358817817","9800,3358168365","7490,324723470486","0,0","4160,308496604854","10736,052766188572","10699,450123528191","7785,38328515408","10171,833027227962","5883,9732709553655","12062,247732641768","6063,845307573116","9335,904475656294","10559,005130181984","11309,279946332043","10043,960152091982","2370,7364594738474","12534,97281793932","5420,177522094229","10185,063841763993","6955,820660447429","9061,782541486225","7398,539107244702","12071,61075069441","10892,394355080345","9299,841989131184","69554,24175641664","78359,53989132842","67491,19459861475","73426,40753207837","70711,41644669326","72911,27307359925","75222,57336689332","73416,57311397525","87508,78669877861","102454,38442530624","218245,87284817852","139855,81920522085","136312,3631771705","104919,29448854344","286362,6422577419","137303,7744632091","137769,47872622265","136262,81230435835","134011,12354360847","125732,34207022101","180458,10228185955","78468,51631914542","64342,012907302706","90488,5810778551","89672,39041705258","149413,4257349546","150291,0645258142","119698,00645149399","120090,4231452806","120090,4231452806","216564,5517533136","70347,87058735259","69358,4734898901","69358,4734898901","120006,34556230958","120986,92927543088","220640,74935023344","56978,65539321629","57332,84591774844","57569,78844561035","39576,47652977494","34863,91432664683","39039,24426895791","34932,97180601775","36672,955604596114","15792,156969832587","14846,353234686263","13651,443853873838","6160,195417577455","6818,093651780222","17346,628357513353","15150,460443082527","5282,642836815292","9374,278734395675","21358,91311688845","15923,117895104193","165096,14180924126","165730,74190584628","72255,37480885549","18554,460480427366","14690,416891523977","9690,590956967255","12337,910229588859","9641,954800757612","11172,12837658472","15302,302639175778","14336,544276062788","209794,01772039515","26790,89679755861","25804,438791216668","16946,09673063875","195045,50519402107","203058,32601616153","195045,50519402107","192970,18546770475","193014,19358351248","192354,34964807937","145625,60525706402","155652,65621021236","151054,47783599157","99306,76106100947","77609,58322192274","73573,40370079593","180016,10847144556","179775,49871763212","180497,20547993778","172935,23431094893","163555,0415499622","114804,64489568683","104975,43805206976","12410,465511151855","21102,076868840482","4977,547148219419","12193,685727551694","7671,06645503494","7156,010928380633","13358,66741729373","112575,4388178915","16206,227434720917","14684,665958616464","96237,93147838568","95778,05620916006","56462,73291663334","56462,73291663334","175167,42912611933","90765,0515833042","89727,88585015207","89447,02920704316","165201,52073920515","167018,89008957474","228375,63393283382","228375,63393283382","212628,8561189054","204100,46522266648","53727,56993493141","143089,27517858974","148301,31354683914","148828,596781146","79763,40643873687","42310,3885815465","76707,26194150063","76755,98357215307","41980,12701008063","55720,4354912081","53030,763293344564","43352,15318351083"
834042,"91574,91107058972","92698,14832274869","114260,84826563411","116564,67107014412","115904,1104328218","121730,92651252358","134810,65928388992","137588,4173873106","77373,80034448393","69683,20718477297","120673,20439312722","115408,84761550986","116177,94181476114","92543,72201852128","77317,57556773763","74942,64850493048","101949,66738220255","272457,0277773795","159058,3345726406","160551,1506897858","24401,162617889517","32053,60712669079","33678,591465662634","33628,500177805974","31682,1225919958","35064,683563883875","206495,96594501944","174811,01827753265","4253,443737112889","9800,293031332158","6218,161697389197","5176,523734365933","3213,453318140178","2516,5879477970943","5056,62113770558","98551,87038546894","171724,94928059587","169007,40425391227","172918,83040809687","169007,40425391227","204212,4228287968","42946,23116979703","32791,76249086751","39602,646981809485","38652,2224947031","117331,6246293427","115565,0603276955","107697,59087726801","122336,44830569102","122645,64834234599","124659,66437763303","118396,14980599357","115235,128317802","113944,01837059735","112950,40980507004","114473,63983916704","112086,44099916938","62460,679069593796","63421,68078991065","197731,11732519406","198828,54261832373","199182,31504470407","198152,32721268645","83622,91812474442","83938,35167805747","130354,18365098802","57158,96291118611","51232,13995419878","50489,3725115471","111892,67842547875","198382,3095864521","200000,9630738759","196767,83462701572","38306,09641991841","39271,489543491276","51087,02549043756","48896,613669442566","51455,80731030234","76329,25866665412","72472,9923011067","72472,9923011067","243191,7087223821","151574,2157394396","19077,195390498993","23810,19673613637","30879,139396582552","16600,647427472555","55112,92282814016","70172,41767367454","124605,63827353723","172899,20369192545","172953,5594762928","74639,64568204984","81596,34621620558","93958,80253934744","180666,2512249436","154770,7636248864","154304,32993719436","209519,35136851436","128551,78035470546","58330,60273323409","60284,72830230573","76820,26444118527","129047,44779435497","132047,3673776249","129695,24475620213","134593,22038934156","29253,021973550163","20473,752830282647","20284,831838865583","47649,245749396614","44070,75450746183","43517,776712838764","79412,10520619465","102762,47078747262","105231,29969148853","102231,44157554381","103016,93863987368","104300,95296241289","190884,68034996698","189284,99674690922","141205,47540179754","141205,47540179754","78814,15549313671","22317,613216274298","17337,070855891336","14925,066477291222","11460,654068000384","10419,975699175126","52532,13753317608","52221,17164167053","55125,34801853536","52107,53737472097","3013,4665337896945","4923,793534126583","4923,793534126583","11567,245118901361","8412,673820299693","3587,5050482472047","4160,308496604854","0,0","11854,512688278355","7354,145063338972","3626,0583203223396","6195,267148314609","1780,1853002537105","12136,750076927829","2342,119109670794","9619,397076438716","8445,154042071765","7383,332948100488","11681,432353132634","2650,826063752317","11271,719380067532","1296,395632402104","7370,280092942621","5728,668323215744","4902,247125518745","6630,926135177503","9172,949640462346","9235,536722871257","9350,349653439263","73456,22173508823","82375,81950647573","71474,8441616666","76357,2638996072","73882,19744365927","75861,91294348337","78631,4921956218","76609,41321690618","91642,70508877489","106557,88324952616","222406,18074896888","143375,14356927044","139849,68673903903","108081,64612433947","289392,191734335","141392,88945377525","141857,35001800823","140294,27983754704","138032,16170838638","129790,36913050679","184614,58569567942","80045,16866958863","67214,05630788114","93559,88277808845","92812,75726191222","153410,967565487","154282,71277400237","123094,52678437151","123479,12669201719","123479,12669201719","220718,91415186567","70802,19439748117","69771,92681094116","69771,92681094116","123628,05648350032","124616,1263804329","224704,09828316522","58038,713106390176","58347,50500000061","58609,43000813157","43612,76428237534","38902,13722871297","43111,04530453047","38978,45475987771","40728,2779735982","16307,035708724326","15583,374739240167","15756,738442095324","8446,929110680494","9139,92454395278","19094,981031743304","15686,703122737435","8871,491112518637","12949,869795834788","22740,42958614173","16969,34220363863","169248,71848223824","169880,7577043865","74408,8529289588","14396,18357201871","10761,245330729978","5577,16165809583","8915,992677942366","5581,125679735427","7057,147450406631","11174,847620203242","10176,99247760229","213953,57244277452","28780,93410751373","27814,812332065558","19602,15976747822","199012,3945338779","207038,68715072575","199012,3945338779","196785,75141916654","196833,98180693344","196184,70168097652","149734,63797019818","159782,55486275183","155191,27555251954","103165,56556206533","80899,3980345751","76940,49472195555","183997,04690239416","183761,82592110825","184483,3590185758","177035,76634775026","167660,73714033372","118964,01679567424","109128,19011700616","14509,60891551023","23990,49284992849","7725,684966839528","14692,744214040096","10117,315636689185","9688,326722292622","17135,361269366564","116455,80053683545","12642,705088958724","11079,832810601969","100095,04760708047","99650,50819505662","56397,79994856193","56397,79994856193","179316,4660538327","93717,16994793942","92642,18757468153","92434,27424833478","169183,64110812687","170998,27791512053","232519,37133599157","232519,37133599157","216782,09249848488","208243,41137084443","55583,69916014026","147208,97084441807","152415,5772700818","152939,8446296144","83369,02357854886","45490,22242410613","80491,78607332589","80272,75997168187","44848,47725803135","58744,94082981201","55323,44873029628","46243,120994807905"
834043,"86981,48936269755","87934,42108516564","116868,8774300563","119023,87253149608","118298,86648132686","118129,14014270659","131216,90879958723","133987,70069029694","70216,48566169073","64078,39356691427","114964,28953350116","110226,321466053","111315,07924595257","90899,97451651054","82693,08151311261","80186,02158942373","97003,4739992309","276569,6095788664","159082,3238423397","160543,9488093568","12997,111848029876","22144,08522380243","23232,83463202654","23356,683010385266","21014,122590187293","23271,783987215505","202452,42327502277","170417,3868249086","14666,524961694453","20274,910132921057","13521,518876823902","12379,527922747477","11583,274056950882","12922,768266827008","12768,494545907266","95333,25982196537","165865,69309368756","163171,72959045292","166269,68142767326","163171,72959045292","200455,5653398671","51131,47756388971","41436,16496477445","47380,4627066709","46110,69731760607","115538,47394238369","114996,26085087688","106002,5820771708","119634,77891640161","120743,46985910891","122863,86528163847","116606,19206044993","113472,49670884863","107132,10770629163","106194,53783722185","107810,88424212675","106199,47734677642","59279,289561433165","60176,55436708319","191079,4489988057","192171,28004970422","192587,0329455897","191434,23291725045","77568,47714887951","77971,07032572471","125236,38691774065","51317,23554890826","43294,30954614371","42469,24319180377","113961,91781093998","193432,07946725824","195097,9841050415","191769,6529505569","41308,03325253107","41691,93310297816","62923,9590145983","60732,897300421595","63287,1842942223","74458,41808519275","70387,9159277142","70387,9159277142","238350,5673778756","147611,85203036043","29730,06487049937","35606,71380666212","42418,96117676245","28212,76267160362","66786,22640951537","81787,99519346602","117865,57694969201","174219,10781950245","174249,95197934474","78800,6429093174","74852,12572932956","86219,1352869973","176571,68611931417","149660,87367713437","149360,43406974882","203301,24485232116","122899,84634858125","63142,71952679493","65218,37618539487","85791,94884796553","121989,80511750934","124043,30950403147","122865,94078623652","126626,76954512403","28309,316973534707","17791,16756085232","17673,767407009997","56707,299206022595","53512,31625063084","52711,098978946604","85436,54770232446","95118,27735797859","97555,5409707492","94456,18811170437","95256,02216017642","96655,66957564549","184709,4691846219","183160,35359865185","136050,3389806512","136050,3389806512","81731,22691386021","32593,127747248564","26283,747172460437","22755,97456257373","21625,26449393323","19980,788850123205","51138,526322820624","51058,17507136276","50377,63627099995","51043,45837689474","14596,46940684722","8722,205607796632","8722,205607796632","2860,705867914198","6507,556936506336","12135,182713688035","10736,052766188572","11854,512688278355","0,0","11658,692000434208","13900,974062004796","13708,461581921585","13130,169559337712","3074,1665053152","11326,874178173111","2805,678769930703","8317,715164448846","14125,543558658816","1526,7284900812888","9722,987766393748","6667,842810746977","12745,33764554399","10002,037136943467","6983,45201988418","14746,50995294874","5970,096807637778","10923,39832795996","7237,873540501505","3334,5022588064335","65562,81739346706","75251,90337984123","64177,78996202682","65371,503424023686","63351,011913630195","64909,806064535696","68661,09759635516","66113,46306171222","88442,86384249559","103860,39234376722","217558,1565970841","145136,97516427384","141527,2536146511","111589,21862838611","293157,42921293323","134761,45458198266","135208,64479997082","138422,0547207871","136282,9337394014","127638,3429907154","179354,82014288218","88244,87121522769","56169,41184504374","97491,98254725104","96479,13145469328","151862,2053996166","152790,71265766316","125524,16084466212","125944,17652279258","125944,17652279258","215294,8930783467","80950,67278752821","79977,24264766675","79977,24264766675","124899,03120210774","125841,11476055704","222278,31504326448","67277,97633867247","67662,34833265966","67881,60536680618","42704,31885143549","38152,825583035774","41790,03374535262","38143,50371704733","39704,946916421","5205,581393301384","4154,276447264257","4781,5000639901655","4942,414932014933","4528,687580503818","7362,671064483696","4578,66047082301","7892,615008013965","8298,6989592002","10890,894558527569","5213,695885224481","165150,3373865928","165885,44424699896","81294,56898219175","22002,025143059225","16425,315050037418","15846,25087551211","12705,353425313608","16138,774062452698","15276,292665279538","18532,590574072146","18792,226022877032","209317,4375548093","36496,02674474512","35507,71624350924","26133,28333693232","197667,48454011139","205553,80055118777","197667,48454011139","196661,95359462497","196680,1345197669","195956,086780669","143362,25867722603","153754,47130424602","149324,50280723095","103007,2528055254","84022,55610901542","79754,26709534311","182544,3880905622","182257,15184503363","182979,05489831636","174149,3065753909","164708,2450537001","114581,13447626279","105226,29518962474","22490,447065346336","29667,338986535644","15243,1211581018","21899,043156177784","17823,464348231842","17295,313470966787","20166,95892488959","108190,00958132288","23728,78670114746","22180,30138149951","91762,0089724036","91405,85827436535","67192,69636411553","67192,69636411553","173740,92457968474","82720,40108959381","81589,10083603681","81497,07701271331","167749,32988181504","169586,42005871725","226707,20996917124","226707,20996917124","211311,70083388867","202437,87642385962","63281,980672175276","144053,7348979902","149349,02338205877","149926,7309347058","84948,19600357905","49497,10455068255","71892,71182872886","70618,37604644184","33949,315461942555","48005,21837821704","43683,54220535011","35367,790955003045"
834054,"96834,0656715237","97882,50302202406","121513,21589874776","123802,20135041747","123134,09635444055","127449,37644943864","140544,78703328894","143322,14402723915","81258,79716904934","74410,76520496122","125435,89371600651","120428,9412927415","121350,11299384305","98901,82009541304","84659,58813855579","82289,98672388287","107064,78821409853","279810,860753","165914,10051768136","167400,74147816846","24457,491453229664","33779,1371761941","34887,07525021629","35015,35844359243","32652,201756454888","33924,85824910193","212087,38913990255","180238,87824853853","11522,672885196225","16619,06189048321","13401,646475301746","12213,254389686675","10215,304091699916","9870,732198990409","12207,567008807293","104387,32342826153","176443,23349072092","173736,90159924934","177195,25538567966","173736,90159924934","209920,83338840646","49974,15609157959","39765,01188622361","46740,97681255012","45853,097589353645","123678,08469312964","122251,12011214075","114062,68274035877","128390,20998974766","128963,89679204446","131012,74275131813","124744,72639580483","121588,6332076637","118087,60359697578","117126,37158736135","118705,85270482967","116747,22580635804","68216,35769834841","69157,28498409143","202014,8156361055","203109,2600015713","203499,74583414898","202396,60652226157","88152,38743400841","88514,7449082272","135420,2049447162","61719,61179719914","54544,83441173162","53744,03587321138","119080,7077518922","203567,1592852898","205208,6590845546","201929,36234301535","45490,83735123228","46377,338094779945","54398,24603471675","52234,186898976564","54820,31260355015","82582,82820490478","78647,37722903884","78647,37722903884","248441,5381154724","157172,25872709966","18799,207004439653","26423,25914720473","35630,48679144966","18675,361245953685","59208,45057301856","74344,16582482337","128801,05495862308","180005,5851822064","180056,22605783772","81982,50783554777","85736,8941752226","97492,89920860904","186225,54476846513","159858,52401387444","159470,7190276531","214056,15426122776","133351,03195880353","65683,8647321226","67638,86270882322","83455,46988841586","133053,54004444103","135425,2487989288","133841,18671323085","137999,12431488952","35467,93689946851","25843,633857856108","25672,995935065544","54366,779955475926","50645,48143535138","50207,277549414466","86712,32423572704","106369,6657323689","108819,53910939068","105749,5788868708","106545,55481983203","107908,8288518471","195439,31004663985","193867,005801981","146262,2682569938","146262,2682569938","86074,71395986993","21342,157787905737","14699,723689165829","11097,572120097706","10781,366044397872","8910,287591639488","58842,71979675927","58598,36616331303","60201,07946526706","58512,76073199844","7564,566855621392","3932,957239846665","3932,957239846665","9677,759309971487","5258,500578899312","4014,281876778335","10699,450123528191","7354,145063338972","11658,692000434208","0,0","5559,109489621183","2950,099598468561","6720,817816021768","10035,293824379958","5012,61792922633","8860,16858491379","3680,3421223280907","2703,3416501368406","12409,694045667327","8351,823166473641","6972,857942485745","6817,11774796534","1691,1098601129513","5411,118978160896","5357,629352720296","6117,765596644141","2254,629858971004","5008,244495309504","8324,60287787289","76857,44092936502","86290,5197644864","75260,91678534055","76795,61330681054","74941,58783325957","76351,67491691116","80317,92994653496","77709,58992042571","97473,09040967384","112594,29874380866","227647,08173221123","150537,07656240484","146998,17228349278","115404,80298156822","296740,7610444925","145663,99514256627","146118,60262048623","146637,09160870474","144410,92341570256","136036,11012621227","189644,8339343934","86946,37086038616","67578,66393174592","100899,90280626518","100139,90688330255","159860,1521567827","160749,00045838562","130331,73976740742","130720,38735856714","130720,38735856714","225680,25264030587","76816,32646159364","75749,31837944684","75749,31837944684","130704,95229387979","131685,95316102318","230909,2196707853","64624,203650049356","64896,92577707457","65177,35824775567","50007,830044131006","45301,88913296177","49380,567527939835","45354,47589144921","47066,00628851335","14042,39277543512","13837,015159141394","16426,882280245143","11290,294835574285","11769,753368795533","18654,761505274266","13566,691312229694","13484,140223208966","16856,113640278967","21268,225769249395","15540,629374786567","174800,6305867644","175476,17216522","81611,56575670656","10344,001060615004","4884,793718455917","6328,09584928345","1641,5458949977553","6815,65471173797","4291,646745134082","6881,428776003303","7395,175512868065","219289,2362446804","35996,45054530713","35040,81004087083","26956,262282530555","205541,58082703792","213530,7352362308","205541,58082703792","203623,31836338172","203664,7946228715","202998,27881609128","154160,03811693256","164404,3512232989","159897,05667396655","109937,81649488238","88181,04909119739","84188,65775388245","190489,72620569426","190239,38635248184","190961,33227473858","183063,28756640613","173659,6475273543","124355,18518399732","114710,98062242368","21826,6497596532","31337,413483041964","15027,366161961227","22046,088487576926","17469,995517699066","17035,53666678715","24057,378843657672","119634,9943680808","13580,734477860431","12209,387036765098","103213,81991375716","102834,31342123722","61936,226589562204","61936,226589562204","184186,07759154247","94115,82587003453","92953,10437572381","92925,31994528002","175674,78846361022","177496,75738796743","237283,45530535915","237283,45530535915","221718,86237944986","213004,15053556315","62675,38505434143","153120,73977027932","158363,70760589535","158907,86447481843","90459,83468372835","52799,71215208297","83392,06802342966","82272,487800466","45485,885168214794","59559,61934773937","54531,82526456518","46908,063338705004"
834044,"95200,28632387119","96324,15818022695","117168,80929007837","119497,74395943272","118849,66193990239","125330,5103612827","138407,84103076765","141185,47156304176","80906,49659979779","73295,03381356297","124291,15627586044","119034,12844143312","119803,8750430951","96038,295147477","79672,67238721276","77339,76390699255","105575,66757456216","274964,2020097482","162341,93614191635","163838,15789471666","26824,48470076678","35062,785733371085","36545,552586378835","36548,159921916405","34465,82369083995","37121,616352346005","210103,15161720372","178429,1581427437","6780,641240577855","11238,331937770705","9556,508118326477","8662,324776207239","6783,153837995885","5648,055249038624","8467,384012615203","102141,31840125393","175342,53465767988","172625,4175444262","176507,11833437666","172625,4175444262","207809,31830317026","44567,45850981851","34341,492891113114","41417,77878588668","40595,049040729864","120824,3257779851","118941,5592749098","111186,97399267863","125891,73692225837","126144,8895329214","128149,48967901064","121888,11964837449","118726,29319244268","117515,01948388925","116524,60572801957","118053,57216589233","115698,89196083567","66064,59741491388","67027,125102996","201321,03672208512","202418,24482691844","202775,11814006406","201738,81849117868","87223,98349060923","87542,81597921684","133980,07709599857","60756,27561310552","54658,085040949416","53903,8159652737","114900,29630701314","202007,65149865227","203625,9427960681","200393,46897787598","41374,32147204178","42426,46526207339","49726,61482792598","47545,957329204284","50124,77535421179","79854,0083335288","76015,64535244915","76015,64535244915","246815,56321718742","155182,49323955682","16025,536456870785","21970,005324056092","30342,95082661853","14397,010457412474","54204,32677579554","69325,9303336103","128183,08772310035","175989,99719327368","176048,09035887817","77300,11202862367","85161,15191832064","97446,80498985732","184276,4388465061","158396,81220462226","157930,09956377285","213128,21118232558","132171,53179054143","60899,94546803045","62815,35117205956","77911,53619226122","132605,28893778738","135519,14427881516","133268,2448246328","138069,85428074165","32818,88550099646","24096,472982119278","23907,98613852823","48843,17582902418","45100,36851657737","44679,994347480526","81580,0892183329","106263,80258796371","108730,40208048726","105719,24325482889","106506,54106105049","107802,74241821906","194494,18693941477","192896,07201978087","144831,36098140012","144831,36098140012","81720,71913531703","19118,45159730523","13780,714239152723","11300,64987018392","8109,754071663473","6878,310102979394","56054,91764748946","55727,79906902433","58749,34473593706","55606,84200552313","2092,354069315492","5409,600991988709","5409,600991988709","12901,212985963446","8883,327535931274","1960,4916822318933","7785,38328515408","3626,0583203223396","13900,974062004796","5559,109489621183","0,0","3232,1552928604146","1968,2109099710647","13410,848890653475","2614,4567598098733","11294,759407220881","8148,394946351302","4416,628284421924","14069,01281156304","6066,499158590179","11474,285196415409","2386,977160776923","6399,296628871715","6986,162788256402","1276,4112911197367","8020,91494599113","7774,956968895391","9303,563675762865","10889,25387764633","76914,81641930154","85914,00476900469","74991,7518258302","79078,18894256408","76791,99883740535","78598,83944801218","81720,34768089654","79533,7655205274","95233,66111982486","110118,095434611","226030,36717998137","146408,84096632758","142899,84725820864","110818,18360324057","291976,01972316805","144978,8882229985","145442,49089271744","143784,85807612858","141513,1797982054","133306,27983526158","188240,44666587037","81463,0700517991","69900,59166702749","96227,6910141501","95539,70826392648","156869,45467825944","157735,7202072111","126026,50908962815","126404,2220913295","126404,2220913295","224344,17828816624","71280,0114138561","70217,3311775762","70217,3311775762","126755,45956199146","127749,8365872261","228222,53718409172","59077,00367417436","59346,0789694969","59628,22339751865","47121,98505643731","42415,273033395664","46650,19089053461","42497,46897446481","44254,554562166646","17668,94732148425","17147,371109286145","18257,50712630186","11402,914363645601","12063,1073038813","21263,63905789943","17093,99105972371","12327,67059340783","16332,692927958164","24560,34613898233","18703,24494208761","172859,73485801878","173488,59503051042","76325,30864812851","10781,106893494736","7606,993515365494","2089,666987022563","6762,629110370798","2270,4386184898403","3603,3698831556376","7634,204062618141","6551,173890244855","217575,0464150129","30778,01258789675","29839,36652952896","22221,788616472015","202440,59847254114","210479,11200730188","202440,59847254114","200076,04111766326","200128,08018538653","199488,3830503239","153333,89856213547","163395,03669645445","158807,8795943425","106504,6655570379","83761,58984314886","79870,81199608376","187438,8144830876","187208,5938441794","187929,938410249","180591,27100787716","171221,52425814953","122585,18805088432","112739,73143711747","16891,703123003477","26711,41388543348","10829,733669625577","17325,770162334455","12918,116622687612","12559,955589447745","20511,204385225","119891,30080143848","9838,98356028453","8283,34274739435","103515,40887470442","103082,34119265119","56475,893942897506","56475,893942897506","182939,5512228483","96439,52556994357","95335,34325662747","95185,36375639075","172627,13096978393","174439,1636650324","236139,70844497968","236139,70844497968","220406,95560909866","211863,34961732084","57299,49067637703","150784,17269251103","155985,19786686057","156506,42844823576","86496,36529928115","48314,26944199567","83862,72130656223","83442,82645143922","47579,734895160516","61561,82354201221","57582,62121853982","48987,01709174226"
834045,"97317,85683758688","98407,43287259713","120297,39552074549","122616,97642907518","121963,96544137978","127672,85425962435","140760,40295443762","143538,36781338268","82393,15600978828","75157,46888975381","126188,0161163977","121048,29150102077","121888,6630181174","98680,95671991815","82902,1207851395","80566,81174740201","107630,05072016807","278184,6477988739","165251,56472273095","166744,72099433324","26680,797595265485","35595,25372101177","36863,74414616581","36940,28029287076","34686,0386280543","36475,19362119382","212397,2815685978","180643,1806072399","9911,56117849966","14452,120746299848","12401,939505747638","11367,750196653778","9381,864392644746","8565,416374927387","11250,101847721873","104532,66696618356","177226,84442705804","174514,58107301831","178189,41981138376","174514,58107301831","210158,6194785782","47749,62852372928","37518,930445416474","44628,36728141429","43817,873709161584","123468,80321089094","121756,09836827859","113838,1113875461","128394,62901449838","128776,71012402062","130798,91435399122","124533,8981809936","121373,7284594325","119128,55126556299","118152,56312346066","119707,31414341203","117547,09496024848","68398,61202790735","69352,39632558142","203008,79866409552","204104,73075266232","204478,3745627789","203408,64755083615","89003,3124407375","89343,59210547163","136018,75444866135","62534,222792059176","55878,23542030455","55098,15771565546","117987,84800094042","204110,45230475272","205739,5311421032","202485,26678773863","44424,40486654776","45427,63853907504","51455,55858519946","49290,18622808984","51876,11478123724","82437,63157574057","78558,22678337326","78558,22678337326","248951,9227174079","157473,51818293871","16177,757583964623","23489,813843889548","32736,276500865875","15748,622323965692","56261,61171495056","71397,48279514423","129822,15544657738","179036,81670645555","179092,81205832463","80493,98413108634","86763,98704076988","98782,29289317872","186552,93780749087","160449,6171237742","160019,358628629","214932,5565414475","134086,79205081277","64107,71974600421","66028,67220417608","80950,34510528123","134159,49226837128","136791,67915071532","134885,78506882623","139355,2255765769","35321,024994515144","26162,7657590996","25981,60102367469","51928,951881438355","48143,136902640894","47761,14783585027","84811,36419561552","107633,94572779817","110092,60206133519","107049,52829267619","107841,66558153136","109173,51985913776","196305,23676721976","194719,5349297789","146867,72619205597","146867,72619205597","84847,73842180803","18908,989607137915","12674,643154566944","9494,088506850238","8072,424680567176","6308,828791630634","58647,94346302758","58353,622661731744","60759,74239143304","58246,5602656242","5319,0934092792595","5087,000423824251","5087,000423824251","12091,413431726174","7699,093026050593","2682,638533842974","10171,833027227962","6195,267148314609","13708,461581921585","2950,099598468561","3232,1552928604146","0,0","4948,6358379543735","12514,55661842094","4121,077815101292","10922,478098411173","6402,632416118506","1212,4125669178586","14220,633864333277","8044,321073868914","9790,896482537251","5229,189283578318","4378,96611255226","6853,434702345693","2594,877922211658","7793,794231738139","5163,072986070738","7714,684218479189","10426,46294010937","78185,08634842928","87415,85557149856","76431,80148607465","79065,80193723466","77045,18502240696","78608,4387480682","82243,34955703898","79804,3617211917","97619,99666129753","112608,45225597896","228161,20497702248","149484,98727114018","145967,70389927604","113997,66981055739","295187,08652068576","146655,00954920307","147114,20232995626","146432,2428602372","144177,90239661382","135904,06145942266","190270,11371999682","84590,45567445918","69858,32358269862","99421,37834263628","98720,69054791146","159571,50627028756","160446,3975369699","129146,40308433001","129526,7692633818","129526,7692633818","226344,92096174488","74094,29952382154","73018,37348054438","73018,37348054438","129780,00682787952","130770,55711313027","230811,8350407615","62109,52016684607","62365,86547932867","62654,23021971305","49745,47217698843","45033,06910641774","49210,34960976157","45103,48955518916","46844,60828458851","16659,219223999386","16341,765766763774","18373,491730811926","12349,561789676505","12930,914182282042","20938,109494794662","16145,609610865979","13970,090007088618","17721,594866167874","23814,948322085853","18007,31969654443","175131,43066292853","175780,88931321938","79540,23968164949","8833,730799693365","4566,5204114065145","3436,6861610409364","3716,2387979457767","3937,3778493695695","1569,6394986802138","5356,074056402033","5116,870929690324","219749,5524171145","34006,61177040786","33069,314849582646","25406,809900644363","205187,49470727172","213208,1479475819","205187,49470727172","202979,71737186649","203028,24459174788","202379,54499977018","155081,42704274904","165233,66573143745","160684,45664750415","109360,5706315808","86904,10172277738","82988,79665951483","190166,1319521375","189928,36379874023","190649,9852444935","183090,35673357276","173705,71891586724","124772,72302622818","115014,66267093626","20104,90259900802","29878,872939957644","13823,898402187766","20500,765412669323","16038,385205125525","15656,639747137539","23330,540503389908","121073,20132780015","10700,001220402624","9293,682499628261","104667,8123974032","104263,47187502046","59120,150928694915","59120,150928694915","184894,37376633793","96408,18768806448","95266,52672078402","95193,75318208997","175352,09319231656","177167,98999581995","238050,07118809762","238050,07118809762","222396,0440451336","213770,51918582388","60491,76634176978","153223,61985027953","158442,89075092375","158973,7473304144","89519,42384625785","51463,73999725788","84914,52824879132","84101,60527119877","47657,7768891697","61711,78857608471","57058,30400487478","49076,18877718235"
834046,"93282,41777304426","94412,70651411395","115348,97056977623","117669,39677170137","117017,06028748301","123377,70301264466","136453,68730438227","139231,24106141526","79152,79225495648","71435,72181276065","122417,78512740652","117135,10588919984","117890,73784277153","94070,55614164325","78059,65489531809","75709,36657055348","103669,25629141813","273297,7724213849","160409,56827166287","161904,9807458842","25867,59571747156","33729,58790446782","35310,45642512041","35277,31559202513","33285,29417659494","36399,177011959255","208154,98649824868","176492,36770815152","4968,902583164283","9913,957483002272","7595,37079076469","6695,214775505912","4835,666937673777","3691,844563176149","6499,730683867544","100183,88377068068","173469,80544767334","170751,6467922942","174685,54834761395","170751,6467922942","205854,82178955345","43259,32418850408","33056,53611821707","40020,93324828175","39141,98972472269","118856,72140079568","116988,76598341634","109219,52619696221","123925,85991264558","124177,00597437419","126182,04854186784","119920,55392889617","116758,76394074614","115716,71799215092","114722,24417445254","116243,70504952337","113837,7984257127","64115,080385507834","65078,63845058236","199497,0730975711","200594,59178775267","200946,93748046365","199919,72446716778","85383,61059576001","85696,77734686557","132075,3261181607","58922,31452274622","53007,42335039304","52263,270273068156","113046,95982303904","200088,94223227593","201705,27736684447","198476,78743419616","39495,21306264284","40522,667399116915","49976,40583339824","47788,787375187385","50357,543927058505","77885,93822426363","74048,57574205875","74048,57574205875","244890,42186979373","153235,3315880594","17356,642042702315","22480,182547368593","30104,294499261603","15119,88069596157","54196,09025479187","69288,72681574916","126376,4500990663","174111,546219705","174168,48771548676","75566,8975772657","83370,73619890992","95738,85397279552","182330,7721522741","156488,42208135902","156014,76895867952","211273,66882023928","130293,43567151754","59198,684553014755","61129,458081522636","76865,06283900511","130822,99437420508","133826,91165964017","131467,3389060657","136372,9725509543","30855,980594279514","22213,303728900286","22023,279293732794","47736,05813069174","44069,33753657381","43585,08566151939","80044,9919258994","104542,65229479934","107011,48495490395","104011,49738989114","104797,03152279167","106081,13215132373","192638,4784603042","191037,35474829347","142926,6560263767","142926,6560263767","79899,33950401041","20568,910064914024","15565,803076358468","13232,41055682233","9683,853557195516","8649,40528227976","54086,85139475123","53759,62003363719","56858,17000788457","53638,80722045533","1467,622082319227","5302,299718253989","5302,299718253989","12524,59754089049","8917,698589349693","2706,6343939117805","5883,9732709553655","1780,1853002537105","13130,169559337712","6720,817816021768","1968,2109099710647","4948,6358379543735","0,0","13072,101675061242","2160,9609094627267","10710,930336125017","8578,561854457133","6160,993475059509","13099,467893644152","4396,129856191818","11696,689311415581","485,83150771198706","7142,244172720026","6538,505476272285","3225,6241560279714","7534,727540452543","8782,006247253576","9563,49971087385","10376,228486050473","75234,81876385811","84154,29443069024","73254,76076925524","77950,13489046232","75535,55224193605","77460,06185588297","80337,16458578705","78267,45131980976","93276,8949149611","108152,98671836738","224106,38970328914","144547,9135788587","141033,58777599232","109059,35839683343","290279,44823543314","143160,6399905814","143625,4321146882","141817,39729620988","139546,32166954657","131338,06908372714","186335,88984690775","80262,42851646387","68794,22762058202","94493,57632865025","93783,44553318458","154904,6353121204","155771,5007629785","124198,76003677229","124578,8364677417","124578,8364677417","222444,8147997366","70535,42643202127","69488,88585441084","69488,88585441084","124865,08413473972","125857,61436557944","226254,3273644862","58049,86386469891","58338,2915579185","58610,757588067405","45153,775894574326","40447,078278945264","44683,07188498528","40529,3672917254","42286,67611984991","17309,292340495726","16671,26958675685","17236,25086430516","10070,946631877297","10755,325204265564","20451,4115189674","16705,986651530267","10645,071838629203","14713,352048460001","23961,53794441333","18137,159744063632","170914,84151490682","171541,02295797956","74897,5884685634","12729,763322152436","9462,981099974359","3810,833674262653","8141,670072014097","3801,139960148013","5547,616358588771","9602,085914558664","8479,77056328184","215643,89747944305","29292,32262317676","28340,864698762947","20478,611352341977","200479,6603516657","208516,52625301963","200479,6603516657","198142,31529518796","198193,4445371344","197551,48630533845","151495,9602506002","161533,6151710536","156937,5499447366","104559,10642390166","81955,71376179889","78041,21385721712","185476,0129865868","185245,17022924675","185966,5391094185","178625,32857724503","169256,36230812687","120653,80943292312","110795,62595555773","15222,299812237188","24938,26821349161","8912,181164294254","15567,39062291529","11089,846780707172","10709,169242774242","18553,136804432328","118232,73491299749","10967,471608549962","9399,166411067557","101870,3510076941","101427,00790862169","55931,539186797","55931,539186797","181050,72040793335","95312,01611360122","94227,20373447498","94038,52510486226","170664,07907185677","172476,44522415215","234259,60716473544","234259,60716473544","218510,06212917593","209984,42281089327","55955,38746799562","148821,97891457877","154021,69643478916","154542,31076372354","84604,68014520848","46516,41562351289","82260,2868507114","81999,60294707154","46439,22261302618","60367,13179543639","56746,76770991231","47838,54258867444"
834047,"89923,74903883196","90861,56187466641","119801,67628686309","121968,7572158584","121248,26369598681","121128,10756829502","134212,99947547485","136982,72685702756","72861,58351464289","66947,51884526909","117776,67615607377","113100,22156235545","114219,9989706692","93971,99331877482","85293,47033270985","82802,90999258222","99908,13898055111","279390,1827881263","162147,77047393267","163610,06197831067","14520,82172598353","24346,666576967895","25187,188483688118","25391,027980985265","22887,742740010875","23960,640952505506","205405,3139601141","173346,8034303021","15588,113600726085","21352,75932956474","15091,78264245843","13847,51924090921","12663,622789012115","13716,141093677146","14173,691243556168","98359,92827767477","168639,8821574062","165949,71359933802","168930,05035398397","165949,71359933802","203429,66024629364","53128,07748847712","43278,048958642925","49460,59770589085","48256,52148634369","118606,40566210472","118068,00702670934","109072,77865272954","122677,41764213028","123808,95835731691","125931,14643085729","119674,08622529793","116541,09696557334","109794,33302694782","108866,42973636524","110496,26892668035","108994,91768755722","62324,965249950335","63219,21566408924","193732,71923797336","194823,39832371334","195248,90599535374","194076,70901570746","80367,08985894558","80780,21085207128","128110,20805048","54183,48578463431","45865,441576164834","45027,0640119938","116932,57055276568","196305,34309045936","197975,75892171974","194638,27678970978","44115,28341610866","44556,9630890495","63036,77252611704","60850,5271759818","63421,85387418744","77529,79016274666","73457,18759048819","73457,18759048819","241228,68328466636","150579,7220985153","28691,85053209184","35377,90629579358","43014,84463585649","27792,06607628782","67229,93796918959","82301,47458711968","120532,27379613368","177243,25191658168","177275,18253842296","81557,56471692704","77557,30966177084","88732,7648877126","179524,2908557782","152527,2805648302","152243,88386612656","206017,6732994344","125715,1820313622","65794,84273880157","67857,62118094678","87636,28815819773","124601,20056918715","126467,78138586468","125515,31362126963","129057,92199963077","31345,540500461728","20844,314394661953","20723,82096968558","58483,261313702424","55161,878231670504","54436,68498621161","87937,90834790832","97641,28171784215","100069,84218819003","96953,32678390027","97755,29232208272","99176,93905468537","187436,01759310393","185894,38346631028","138916,26855592753","138916,26855592753","84619,02318201325","31351,390943580234","24710,681283126672","20991,390992829343","20584,624614921042","18807,629327226736","54211,064543907545","54128,171900726826","53346,94629229301","54112,01826334434","14515,86223890741","8001,512841161175","8001,512841161175","587,6903084143806","4822,732142445268","11493,80598618526","12062,247732641768","12136,750076927829","3074,1665053152","10035,293824379958","13410,848890653475","12514,55661842094","13072,101675061242","0,0","11027,234550216317","2726,3586474306244","6395,939967914123","12685,023968220183","4577,427199431525","10514,682124069499","3903,8999655366956","12768,164679563613","8347,242728068157","6534,951780789263","14032,341230987251","5543,146745921784","8819,871357647738","5115,978852653865","2829,8727335630524","68077,37387536079","77894,93929734147","66809,49399001649","66778,90621750137","65023,693173033535","66340,05278688307","70572,19239746846","67797,39954046195","91472,90333646335","106906,35468983793","220438,11324348426","148134,25675320116","144528,65005077372","114440,42655923162","296015,37262086326","137436,46260825236","137880,73977259087","141486,68010572635","139350,06222046772","130697,42494792394","182197,80244035335","90302,60153009233","57560,090824446655","100290,92331014722","99305,80141151177","154931,7078602648","155860,95702955293","128473,27374417163","128890,80467243637","128890,80467243637","218112,6878847056","82381,13899599978","81383,29402734227","81383,29402734227","127918,33372348579","128862,8045461024","225321,40666962604","69018,305572015","69379,34335722661","69612,48343985857","45764,67954834597","41203,55784262195","44858,076320583765","41196,84461575706","42765,23771308223","4259,442516246947","3827,2793725922797","7252,290623065021","7159,141954220572","6962,648903568779","8699,749247857428","3685,918261054321","10336,89291391019","11302,735361022398","11301,317819953538","5509,598590044966","168104,61017238908","168847,35374478815","83635,73527890793","20210,591985459967","14505,411240547874","15156,825898835692","10775,957191626616","15522,809444099888","14065,004648004478","16848,46462283509","17409,777875942418","212218,98615467988","38535,606547693176","37545,38273702363","28310,085305284887","200738,2823374644","208622,46933531004","200738,2823374644","199731,29650855192","199749,90152983813","199026,8077231949","146072,90861615812","156509,92301854456","152102,71430942978","106071,6413536569","86893,50801222149","82649,46573955195","185614,16174777065","185326,1809863206","186048,06691633395","177176,63488427503","167733,51892193418","117526,50169799454","108210,57163466353","24305,035575900387","32038,942966808587","16898,203586625667","23866,493001705418","19565,23223623318","19036,700905702677","22776,770824837","110566,2411099868","23019,749230203277","21518,645655591637","94138,33939669719","93803,44448704344","68311,29594030071","68311,29594030071","176548,6191203538","84090,69049371984","82923,24737490527","82907,40910601027","170819,7964204593","172657,11222421585","229475,2403713065","229475,2403713065","214124,6480792949","205210,80030573276","65424,02317313233","147071,8991622882","152370,81411908678","152951,04234635955","87937,34889113993","52220,05118559052","74232,25972689393","72643,77528601652","35538,39993377268","49613,72715366453","44548,25441477256","36961,74452792233"
834048,"93249,47117373784","94348,79282286027","116576,06506833826","118875,5009653896","118212,67556503504","123560,58105692595","136647,11111649973","139425,07247263374","78594,25557605427","71173,85800461152","122195,21056875115","117012,57384314087","117830,8413153542","94574,7089062873","79652,66168659953","77280,16825146895","103580,68413999854","274799,0480655561","161252,4432630585","162743,37351363673","24221,003118763347","32475,128675637057","33938,46562162402","33946,53676346363","31853,53476595894","34578,93618014013","208292,87903706302","176553,7231420174","6540,692656881648","11885,265676638972","8483,922021458277","7363,694234961146","5355,350178732952","4858,476590838815","7300,8842345442845","100415,08149545724","173240,92472273178","170526,64740698732","174293,76774070616","170526,64740698732","206046,32403700036","45159,69390194564","34981,05754095098","41856,8173366505","40930,16546243579","119362,09277307852","117703,68471191394","109732,95162891633","124273,76611333755","124667,63190937256","126692,95928870748","120427,40386658862","117267,63015385317","115264,80995152275","114281,33906314913","115823,15403685138","113573,48161802636","64285,51044914149","65240,39766217287","199111,13319424517","200207,71398168462","200573,22683621323","199519,81318084194","85056,9343987637","85387,79993661532","131975,67031194892","58584,07559400947","52236,66095949175","51473,457244889185","114188,49930045876","200049,4930031242","201675,53202638766","198427,47678701204","40596,84753169754","41536,2905542649","52012,340675597006","49826,83087166661","52399,644850590405","78322,97239250495","74439,73618894117","74439,73618894117","244882,17266412947","153369,03285925457","18634,29119874028","24391,953699672733","32252,388156548586","16902,996785141662","56308,66792328236","71408,94400959926","125946,02598299865","175171,08055258202","175224,3040506859","76979,99320448455","82902,66820762577","95075,02666841149","182451,2764311162","156402,82042537013","155961,4781857731","210981,07960355567","130087,21444386318","60672,71679750585","62626,530824653084","78900,22035905831","130328,05434386987","133126,95636250102","131020,94665063969","135682,451388918","31202,214112631766","22090,594896204064","21907,3253345703","49750,65266172787","46118,845583890856","45607,18616818427","81730,27702892586","103906,29416701217","106369,99846560684","103346,29697796355","104135,50459867269","105445,6189410099","192350,43718729995","190759,33040854556","142825,7637712401","142825,7637712401","81131,27166160943","21700,801355361982","16145,240840834755","13355,897641004743","10671,983908975068","9315,961635789909","54535,94759876022","54247,05414762554","56719,323190532465","54142,71712433481","3523,476247302651","3150,588803154115","3150,588803154115","10493,837694699265","6764,550352204132","1443,5791433366353","6063,845307573116","2342,119109670794","11326,874178173111","5012,61792922633","2614,4567598098733","4121,077815101292","2160,9609094627267","11027,234550216317","0,0","8778,526859990221","6442,5971452589465","5245,480833201779","11458,579483067171","3935,623533947588","9535,759604370127","2027,1374076122786","5132,749388441055","4507,643846929568","3670,6325985290273","5531,892419315578","6881,997862868113","7404,07261076118","8403,101901734455","74516,17317984848","83609,13565241366","72658,64612375725","76463,79076209354","74185,17841384355","75984,38270079404","79140,69541367466","76928,23173767052","93502,6917547342","108487,43088121297","224092,7302943744","145663,54133280227","142133,94378055754","110417,08831833531","291733,8047681219","142761,23081657526","143222,61868986054","142325,5806661477","140074,72899153866","131789,87828391037","186231,4177891963","82218,91172776684","67286,60030870118","95899,60416826347","95149,20549070444","155476,8547271015","156354,06083737276","125405,33857829635","125791,14713500706","125791,14713500706","222316,54245696598","72665,120630895","71621,78512878872","71621,78512878872","125889,9878239628","126875,8952920043","226695,93089347915","60096,642604624336","60392,76566730289","60661,32680243285","45639,70550876174","40927,12211060976","45095,08791801348","40995,38804647268","42733,602537056344","15281,235266342548","14695,192218847296","15644,903395363152","8844,14867146397","9492,454153436543","18686,83072335637","14689,035388313481","10025,842390921647","13932,006809346502","22059,215136718653","16210,593408649984","171030,4811161439","171676,4347442534","76690,32593704641","12756,766565627739","8627,339961624022","4670,201138140896","6576,925990044616","4884,533105377415","5265,5183795029725","9374,133528339942","8696,431130330437","215669,7225291372","31062,783150402942","30100,64431320906","21943,74691953764","201105,36911662293","209120,23721957745","201105,36911662293","198975,08590605797","199021,21716567504","198366,56153708856","151153,91041166475","161266,19916156336","156701,1622102605","105330,6685481963","83222,8374374681","79253,82402821709","186078,04258650405","185838,05194604502","186559,74194512027","178969,34987873863","169584,64353804503","120687,98330011833","110911,99583382907","16831,448023403518","26331,512263026558","10048,039222072288","17033,507502945035","12459,37880416093","12029,008598221428","19320,28751481193","117466,88021288432","12443,855641591732","10883,666974490698","101080,08801801104","100656,31996131335","58088,60884166179","58088,60884166179","180881,5655826465","93825,17206464053","92721,45441797267","92570,92168220277","171263,56260036145","173080,58989845673","234055,0420216235","234055,0420216235","218371,6511871636","209776,3466538492","57822,99906230202","149103,51798145857","154322,17695032223","154852,82514687802","85633,76997783515","47821,15484158933","81394,5986732383","80884,32921140421","44965,36419711785","58949,32676813921","55009,03735443287","46372,76967325396"
834057,"89212,51369647961","90193,08960403173","117734,24399834347","119924,87038255004","119213,7992418044","120223,71193907577","133317,39961040902","136090,6980648251","72793,29211465592","66436,37791436775","117380,6686092152","112564,7878604322","113606,37005640367","92621,61638390142","82847,39326898265","80369,79574228133","99297,92244351491","277138,67046644475","160529,59980144876","161998,16694946255","15760,351285079609","24925,059029641274","26037,50445506979","26157,18157934351","23819,626236397777","25828,694918706133","204647,98508641607","172660,175094622","12907,904652193762","18657,403920257635","12371,134285987888","11122,757175679038","9951,966100340504","11055,043793562207","11447,398978139707","97345,00991354097","168318,73401039545","165621,023290733","168823,0586583905","165621,023290733","202605,0517439935","50439,105929675454","40567,28447041027","46790,997696413055","45604,94746000068","117312,29356941346","116534,93173412059","107750,09453766372","121576,00492017412","122541,26683233435","124643,45325454506","118380,229530797","115239,02663519187","109689,17425454689","108744,37522095461","110349,92110735898","108636,14507362341","61226,64764315854","62137,60707951804","193636,93853611225","194729,5788228694","195137,99409691067","193999,6222412139","80007,93685266978","80398,72114941334","127572,7812298937","53686,52327469377","45929,90244720532","45112,82984012737","114945,88030168606","195763,554890396","197422,86292012324","194107,7960918753","41889,92311288295","42409,886532156204","60667,149858374374","58478,088241068814","61042,63345856454","76197,8873563785","72159,78422762653","72159,78422762653","240673,03098183867","149779,5762170213","26996,87606654025","33161,56717913903","40452,21586492675","25675,210957969248","64727,606780203016","79777,40942804489","120417,96190763406","175402,91148706235","175438,80789091764","79250,94557941327","77381,43132176797","88872,16366460569","178769,4558570333","152005,08245475407","151680,20222506352","205807,21818704339","125311,76563639753","63395,575365709126","65446,93179312652","84921,3033366423","124581,09472296723","126733,95265498891","125430,72029387749","129314,40755594871","29625,345708940215","19257,091922409945","19119,80117937772","55763,89277684478","52436,24456116976","51714,19646188274","85425,85766561051","97765,10272064534","100206,6110311196","97116,37267143308","97915,04070881935","99303,20863786551","187207,286756971","185651,44389973255","138396,55202043225","138396,55202043225","82481,28337826619","29822,42095219707","23478,84928722241","19955,553847162173","18882,10160929976","17210,141283771274","52721,51448718074","52595,03379313366","52570,87953768093","52560,4806096543","12174,910556714502","5996,736084695151","5996,736084695151","2142,7974989659756","3783,9563605956682","9465,085233265432","9335,904475656294","9619,397076438716","2805,678769930703","8860,16858491379","11294,759407220881","10922,478098411173","10710,930336125017","2726,3586474306244","8778,526859990221","0,0","5612,403644828837","11320,867527097897","3675,088657747376","7836,721032892262","4681,857419529848","10365,940721411842","7213,447433454294","4311,002629049382","12068,679560117685","3276,9231737381488","8235,54791853803","4657,837571580838","549,6107063144498","68219,65745587926","77828,80237645269","66765,80295038168","68144,60379630254","66152,56745734219","67686,29769977849","71464,29173799152","68915,75895448947","90443,99148803367","105788,85298551653","219878,75536515546","146211,33717778625","142617,95349421972","112240,87225679592","293813,2680916982","137305,77868091434","137755,19704669094","140225,0659278591","138062,09479107833","129486,33593348457","181728,07978160356","87620,88402634274","58938,637302442854","98026,72894895161","97076,25121138539","153611,86350766558","154530,17819436913","126437,06887465171","126849,39899444184","126849,39899444184","217697,31055351958","79661,10949791042","78665,01058874725","78665,01058874725","126066,56609315868","127019,21604126482","224207,8777349793","66295,88191329697","66655,66920174101","66889,50613751991","44147,52428990808","39531,85878522321","43311,2813410187","39540,18692910791","41151,91919649219","6702,229860656099","5971,297671051637","7567,066820061611","4769,465513348232","4745,701347773252","10050,272585690545","6075,088540252139","7967,590489076349","9651,568375009196","13280,690686099493","7434,842416341142","167345,56273345454","168064,53290086085","81043,69972027652","19204,12969999011","13652,443288220196","13180,809068032284","9949,172927286974","13498,553538314296","12491,736748991992","15729,604240571189","15994,520735062053","211605,3167241318","35860,95417737061","34870,833519147985","25683,62573054188","199394,9338401023","207309,4289334439","199394,9338401023","198152,47828364288","198176,6674848737","197467,30702286484","145876,67244155073","156227,11134647724","151774,586437042","104452,5954712162","84728,94718355234","80524,39990100283","184287,6213016969","184009,9980498011","184732,0572199903","176147,18529735671","166714,42018508315","116800,14292300458","107361,71409941878","21599,254014964932","29487,30797380672","14182,143094513174","21188,42082641273","16855,024718854187","16327,130526844841","20401,840591909517","110900,87661246807","21078,323345249657","19542,389177733592","94474,39089510479","94110,25903047982","65627,86681957616","65627,86681957616","176157,17068841882","85489,18478908727","84351,67116218415","84272,05541163203","169484,0850464009","171317,64247145917","229163,62530856274","229163,62530856274","213719,96239777075","204890,25131563912","62766,385461075464","146086,59178149118","151369,00043436504","151937,80329243984","86004,10472818415","49893,081791228906","74620,54344828434","73412,51420056398","36740,558414933264","50800,886318773715","46320,85922796463","38159,910460551015"
834058,"94566,6913114284","95572,80288580622","121226,07712510659","123471,79654011653","122783,82616105127","125428,59200244647","138525,44991505897","141300,87648647543","78392,58672296851","71908,69129424621","122887,42638555272","118010,31712861899","119010,37648563017","97393,64051151901","85190,05131082128","82772,41900161916","104707,65271486179","280052,60304792353","164885,58944737347","166363,60842005766","20887,91888241545","30443,302978025033","31439,227905492735","31600,92401177013","29173,032334701104","30245,264081193745","209947,9915111533","178010,6780414735","12642,900741316278","18238,21359618633","13619,89502315972","12325,429930977682","10504,139643535058","10767,972070634993","12459,589582017643","102466,30774088879","173848,5019447825","171148,3069529041","174410,5546746277","171148,3069529041","207856,4561806249","51334,90898001528","41208,117499981425","47928,20085000504","46919,58714590528","122135,06223879571","121043,48106457712","112544,39904435149","126604,75520719092","127392,20456947913","129470,11208185315","123202,73668130784","120053,50900852653","115279,59202396372","114331,75233866046","115932,35286334988","114158,27174742048","66304,89424005705","67229,9483258003","199225,91420701193","200318,89327601367","200724,04550388362","199591,9282940217","85535,69967376997","85918,41138696573","133014,51760255103","59172,96665705737","51541,98789635176","50725,21209068325","118630,23628373731","201195,51044770158","202848,84910164398","199545,7234002611","45165,82938691392","45894,38616248551","57718,95753923522","55545,77242312467","58129,34398550355","81009,38259023023","77016,73236766647","77016,73236766647","246094,89222557558","155056,5687622279","22467,112725846313","29809,604120137337","38483,292316741085","22095,072650849226","62329,2640201112","77456,13823086035","126006,05851588365","179358,76871230648","179402,43917679237","82121,68493005117","82961,27772720657","94484,55812536471","184074,03612489274","157451,07717812527","157104,8686010798","211369,70029370798","130814,49375998949","65983,67320242675","67983,24369484409","85264,40984333101","130183,49449914935","132341,18222033614","131023,82612314665","134922,48623162464","34071,54767463072","24021,870621357277","23865,880532315194","56094,39953798353","52506,742299879246","51962,37977272111","87461,27935341916","103377,43331844051","105819,01282703354","102728,54958387751","103527,27788684377","104915,55696236424","192765,33540842542","191205,46145346857","143845,49278396828","143845,49278396828","85842,46534546922","25020,929387211003","18315,671615675703","14608,55447599753","14417,280566439906","12570,968205735118","57378,74467795467","57193,332209127184","57911,507097274996","57133,11724397073","9807,486848346076","3550,0801152274485","3550,0801152274485","6078,855755106589","1828,8678705090726","6218,5751723704825","10559,005130181984","8445,154042071765","8317,715164448846","3680,3421223280907","8148,394946351302","6402,632416118506","8578,561854457133","6395,939967914123","6442,5971452589465","5612,403644828837","0,0","6374,997465335558","9282,759655137743","8264,561140715148","3404,8435666056766","8467,977233092637","2035,8665219517552","3722,4210492160805","8394,799011695013","3801,4701621029412","2623,7335796079074","1329,4713716169674","5063,0090352786165","73831,91265830884","83427,87973348412","72368,81967468678","73174,81816102381","71392,77064013286","72735,91000883229","76863,81635639186","74164,3829268468","95556,98043425976","110809,11439313972","225299,77784513327","150012,0458355991","146446,54424574805","115387,67131226289","296873,22916459164","142889,79681102658","143340,22835411754","145075,62958584112","142882,70813184165","134397,8690976239","187196,58749844015","88464,99357272159","63955,93333377949","100998,52798902853","100155,11443253238","158388,67580750707","159293,2680104547","129996,74524110998","130396,33229895725","130396,33229895725","223187,9035198844","79107,52422060749","78063,53058892177","78063,53058892177","130025,85432918477","130993,88231894518","229201,2023299378","66478,2778978866","66783,32745436775","67047,3382978691","48655,90156944052","43980,79637136916","47923,62428627215","44012,02760464863","45679,815967928655","10362,069029237786","10173,323703808783","13092,134362760378","9097,000448788667","9416,861700087818","15070,334808070229","9888,398521873065","11847,362625349393","14616,251949211292","17590,460161983443","11885,166218301358","172648,7552384602","173350,92482777953","82642,15493668121","13832,82476421329","8160,944140145864","9483,531207319542","4421,283735343397","9924,2230296407","7883,257601121132","10452,709556056698","11075,004883255597","216996,4886579346","37050,73602757598","36074,30228451405","27464,394254202387","204130,93780402595","212081,58575386007","204130,93780402595","202558,88023682035","202591,71352674314","201903,61756003875","151445,3147450164","161770,42414039205","157303,02957778831","108839,83197720573","88013,87253870926","83922,65399186008","189047,83358280742","188783,02400618995","189505,13152419133","181229,92490042193","171808,5662921492","122135,20882828403","112614,17613457887","22671,072482298576","31660,34360213178","15409,643399947618","22640,518395953288","18043,475163212293","17555,822520894882","23529,117619408764","116499,95380193014","17097,799179273024","15669,483859301494","100072,57006375398","99712,29811878245","64491,56460264273","64491,56460264273","181659,99961015972","90485,3478168476","89315,84990801878","89303,2401974531","174236,6227462916","176065,0022613644","234694,00184494845","234694,00184494845","219215,2574645731","210418,38826768537","63929,40340237147","151215,8603481327","156482,2525629188","157040,57014705392","89840,57941015849","52802,70059681817","80208,7091583646","78876,46210759864","41916,34816187353","55992,41470666528","50852,94900132124","43339,42945163228"
834050,"98326,43000604007","99406,54273733993","121509,80658722525","123829,333463592","123176,23778242049","128738,49592590414","141828,07308744502","144606,01312006539","83222,08286932125","76098,73749987161","127132,14876492186","122026,12643917742","122886,05672113478","99819,89508603266","84087,80303674939","81756,13394036681","108620,25388163366","279380,1918339032","166441,3418652551","167933,98434676445","27027,165929785067","36152,48125434794","37346,3525439662","37447,95237975564","35139,0539674939","36608,775216318274","213447,7526175712","181673,05545076635","11122,859945815222","15598,09285650045","13597,223253588812","12547,731104025543","10554,211631110195","9772,175841450284","12439,954076974453","105612,06502010007","178164,39317516232","175453,65284168476","179067,17832758257","175453,65284168476","211223,55477606526","48858,16046528156","38625,15115281344","45763,65139494204","44968,42020097575","124607,17327889937","122929,56494623546","114978,27135107873","129500,12368656578","129912,1063217426","131938,16238603374","125672,52285641608","122512,81787085657","119989,85998167233","119018,32405541281","120580,64758658616","118477,95482885532","69467,64492935537","70419,08030849799","203887,16973242484","204982,6775997313","205361,3552002118","204281,59355151202","89917,91566454507","90264,3556356372","137002,39927434674","63455,01812050808","56635,39164497841","55847,75334644872","119199,09072695533","205109,24189786447","206741,272961667","203481,0377863144","45633,67601391552","46632,26483221027","51871,52344121037","49714,28269759992","52300,88863996154","83564,45963968188","79676,05046871296","79676,05046871296","249959,07615146562","158524,60655660258","16096,253330248805","23875,40687786153","33451,00146315093","16119,989944020155","56810,57302669855","71945,20549912279","130690,08567485701","180244,8566777862","180300,6525552563","81700,30137344518","87626,96741106368","99561,13690460588","187599,32695307428","161435,94053635467","161015,8551652751","215845,33514273312","135035,61118398892","65309,74158311276","67228,29851547495","81958,70082919972","135001,30873286392","137545,55491251432","135746,77418512912","140112,9213244685","36438,986225177265","27187,127239668298","27008,033165460736","52969,61710218329","49158,80311502536","48799,80002510222","85978,87995002777","108422,1134812469","110877,92404089484","107825,3350814807","108618,8639638535","109961,65291229903","197220,60680163346","195638,61846779793","147850,10282649676","147850,10282649676","86060,1502314102","18667,892278852727","12158,244453272247","8752,498822555044","8088,018600273819","6207,527396819692","59779,45574015388","59492,27066581553","61746,00508446337","59388,18082537621","6490,626570066206","5737,290625165","5737,290625165","12303,196714548601","7872,903968495268","3829,065890859061","11309,279946332043","7383,332948100488","14125,543558658816","2703,3416501368406","4416,628284421924","1212,4125669178586","6160,993475059509","12685,023968220183","5245,480833201779","11320,867527097897","6374,997465335558","0,0","14749,129097086576","9132,278300477956","9671,978437282674","6439,368784577406","4353,90042132403","7458,6936669739125","3642,0109324453697","8328,988534860508","4677,361315485029","7704,389921235348","10802,62530995489","78948,40196397007","88248,2447132456","77248,1204336909","79396,19183712086","77470,83506451086","78946,92877143786","82760,45060856675","80235,00974728448","98698,65639890505","113711,63650104713","229167,21574863474","150695,47326651454","147177,60116430154","115206,81585974981","296387,96140851505","147532,72821791994","147990,56527842925","147570,65288670658","145320,18754852016","137031,55685992964","191248,81818495246","85655,0053258807","70182,20872311285","100627,79424631219","99929,576020808","160721,58335891902","161598,29809311108","130358,76676292137","130739,16085266927","130739,16085266927","227314,43988398297","74981,59740638324","73899,18123958327","73899,18123958327","130985,93788899455","131976,06509871501","231935,7474032966","63116,425523706974","63365,34283441128","63657,25893228847","50885,05241236379","46172,4668145874","50336,41103480964","46240,392760074436","47977,697543571565","16733,744576471297","16500,822671945738","18852,524678945054","13143,317163717138","13695,631509369017","21244,657039569363","16249,788189171062","14930,299067301019","18594,511323590974","23948,21585257524","18194,618372315377","176176,86158734362","176831,7335128848","80678,90604524793","8047,09953712308","3386,556115475366","4306,7276005600825","2913,0698154174793","4811,86436267518","1719,8493269048367","4528,124474886558","4725,5022899316455","220767,74023207562","35167,85373046629","34233,81577548064","26614,30505270304","206346,46519671535","214363,31933002436","206346,46519671535","204168,29115434465","204216,230209197","203566,00821526107","155979,91154000946","166158,44447007705","161620,52076129388","110541,85567148351","88116,26692170961","84201,15661025324","191321,1620923335","191081,80381378435","191803,4759687146","184193,4450448928","174805,3701201228","125797,88065591488","116063,6011738662","21303,99962464818","31088,99798537529","15032,05635172493","21709,602550414562","17250,656384058515","16869,022110526595","24514,151364913323","121799,99555012326","10966,69431668176","9650,222617106283","105387,67467436039","104992,58816195278","59928,32305283956","59928,32305283956","185851,97074512512","96725,90378875473","95570,99006815856","95526,14354045995","176506,8010621972","178323,48643073984","238993,31909370382","238993,31909370382","223362,3327501834","214713,45326408904","61607,93579228974","154312,77231115598","159536,40866164686","160069,6202417376","90725,47098088222","52675,52668316804","85606,47258759753","84664,16255337259","48041,61184273694","62109,10806272264","57212,467775450335","49462,44559323386"
834051,"85655,1120474779","86620,94731952542","115348,93777028621","117502,10089446227","116776,47252107771","116749,06266239185","129839,27351120957","132611,02761021646","69118,26541835997","62815,909147631166","113739,388543835","108954,60547798997","110018,4194233927","89422,52771996423","81264,78671643288","78752,41012728878","95707,99362268327","275072,45107673545","157570,37244917723","159032,63567168987","12775,725022300532","21403,563445872103","22647,139489411915","22719,847954898265","20491,1488190859","23401,744695172187","201112,86915602346","169098,3530255931","14112,293195551307","19585,049106859824","12648,848002328923","11577,801570087993","11002,538377173545","12463,792341419981","11993,292551970275","93925,01226789335","164666,08583508697","161969,48664893245","165149,7185392144","161969,48664893245","199097,27583057366","49945,6433826584","40325,153833558674","46161,69806634381","44865,2707157188","114071,63316612093","113493,00808723895","104530,3987684423","118207,03485968382","119281,61981588019","121398,36182343248","115139,42356677531","112004,16860448592","106015,32080898201","105071,18404422265","106677,9803604768","104987,89626280058","57849,84820478467","58751,00052678278","189963,25896861052","191055,8300621865","191464,9494753708","190325,32683914996","76358,09817772792","76752,69498020936","123963,84379354706","50060,37749831483","42260,63781275852","41445,517371614194","112437,05056357331","192157,67721908665","193820,03157462977","190498,886215777","39819,52060846588","40187,90735379593","62598,125894380675","60406,67400888581","62950,39506813557","72983,3204247134","68918,66139820933","68918,66139820933","237071,60516836395","146260,11700212766","30039,44400519335","35491,38420661655","41884,90262310955","28218,71572712683","66297,43668285038","81257,04920369202","116744,57412594194","172693,18847318017","172724,13529228658","77323,15920049499","73710,47900919909","85205,71516603169","175232,80181410685","148393,04372682676","148079,271708058","202141,29120753962","121672,1931489611","61699,20853107717","63778,873412936126","84657,28179496921","120906,04013861573","123081,39381838334","121756,35117241729","125660,3048360721","26784,531163838506","16270,891852857685","16152,232511103402","55612,98063576438","52475,61476704353","51641,41783110029","84042,358195575","94096,89469142313","96539,44351128397","93451,88764355336","94250,17889539267","95635,15366057778","183543,03747186353","181988,72051275743","134783,43879893006","134783,43879893006","80220,10031463797","32996,32512030564","26878,5273878725","23464,633889071632","21977,294492875695","20410,95484094663","49637,53461280773","49551,796478448865","49031,67631946946","49534,97773663272","14549,966445971802","9145,776591324016","9145,776591324016","4308,31787839627","7453,968782367674","12412,987480243764","10043,960152091982","11681,432353132634","1526,7284900812888","12409,694045667327","14069,01281156304","14220,633864333277","13099,467893644152","4577,427199431525","11458,579483067171","3675,088657747376","9282,759655137743","14749,129097086576","0,0","9348,446036014037","8007,201183562651","12682,339727394272","10804,333538115308","7375,107998657538","15009,95995499564","6432,01857070096","11906,493209618475","8319,121894139076","4222,680362603896","64554,87184637559","74153,78497329443","63090,764118983076","65025,35274346101","62857,67767298446","64551,380487150695","68026,48929793751","65611,80686047363","87031,06035438585","102428,72738153642","216278,07809856226","143610,35452631884","140000,55032327387","110085,77458931644","291651,4392699149","133633,3253223177","134082,48812396862","136961,68971081363","134817,64248289456","126187,58698169963","178103,98558591845","87021,07787678395","55840,34728263438","96002,02700760987","94981,97652602923","150391,45738820522","151318,07487956036","124001,77788632002","124422,13221785938","124422,13221785938","214062,03849798243","79997,20656018736","79035,0032333458","79035,0032333458","123372,71606986142","124314,9650697251","220848,98756045758","66193,79581553857","66588,12392112301","66801,26293233076","41188,31818727407","36632,00369419884","40280,91275427254","36623,73326562707","38188,8847241279","6413,252200018018","5274,724366917929","4195,586918611189","3961,078360429693","3413,8571159227304","7437,785379421935","5817,907483478637","6636,656172070789","6773,1613278839095","11322,171957106852","5990,386819431461","163810,2303185701","164538,61626019186","79960,03323911846","22728,267011274995","17254,166952444157","16081,522584127888","13580,599035377352","16334,029727640356","15773,592179364201","19227,532789693236","19335,778781372683","208020,42281553958","35304,09471166044","34317,80442049405","24897,33755733395","196193,184143048","204084,81719776033","196193,184143048","195154,43255211564","195173,2338806077","194450,74302252906","142208,83831425378","152568,8389404323","148122,69917408464","101494,34925153338","82515,06855523483","78241,63368090069","181072,8367038453","180787,40910977047","181509,3498059925","172738,75429035013","163300,06306452557","113250,35171112535","103860,85021608202","21430,735518155947","28342,64038197558","14306,96031514568","20769,786769129092","16822,849524940055","16298,563252229218","18758,438811954555","107260,84660447753","23901,79481571861","22339,864644379566","90835,95447011366","90466,38160672181","66386,69312150324","66386,69312150324","172516,60828633615","82384,5591045148","81273,51722536319","81139,85727560644","166276,03537381446","168112,50346925462","225510,2826694421","225510,2826694421","210082,5102660343","201238,01238095437","62030,13394874956","142653,50419038782","147944,8358298262","148519,80302177917","83421,96402035933","48032,67771029121","70995,853153328","69915,03549212802","33544,24432309022","47563,263357537995","43653,90922506864","34956,37395128015"
834052,"89319,54133690389","90422,41740764913","113266,37860321032","115540,09759090106","114865,21471535946","119628,97414514853","132716,25622448698","135494,2210986959","74840,00209077576","67288,4237053163","118301,30697200136","113095,89824722301","113904,50160933123","90718,96591668559","76930,81330317113","74517,83306359552","99658,00283499714","271857,5544898409","157572,1941724215","159059,83036467255","21947,52370962422","29416,34945614097","31067,007160539277","31005,937548274","29092,19348553478","32741,295098312043","204358,0612683084","172618,52122789266","5073,816395578229","10842,894454722702","5355,594989773818","4065,652705515956","2297,853805492834","3227,1813784493497","4198,583633012882","96489,17919963002","169349,85794189316","166634,46542447997","170459,7884581598","166634,46542447997","202114,75711206123","43290,5314884083","33248,9237084436","39798,84881319775","38741,672642255995","115504,26520655878","113946,04011524381","105879,04947806346","120368,0023399891","120803,97254223308","122836,66536282812","116570,04789280171","113411,29574362573","111456,30165068622","110467,5818452869","112000,12533346447","109691,33895270394","60354,46298697666","61308,54945932703","195275,089324871","196372,07784712044","196732,15613196968","195689,70608675075","81194,1396551988","81518,7685732997","128055,36864446515","54722,71466644052","48626,77394212565","47879,142223550174","110781,5371874993","196121,54429742132","197746,51827232662","194500,69215032583","37209,60821245372","38054,407954035785","53255,95095732675","51064,47635879564","53611,27532314503","74445,79588668924","70549,10975562363","70549,10975562363","240951,231876078","149434,21358226857","21727,9306635719","26226,936108928523","32711,412965426793","19147,850787259224","57064,051428481005","72073,46866654577","122127,86282475304","171669,3455536653","171719,00072877412","73946,8854094869","79100,1385305388","91388,57987560978","178515,97824523717","152480,66580835287","152034,83927362828","207110,046523204","126189,22437575577","57757,99650710304","59748,36064621866","77499,67032871173","126541,55451193551","129467,21612546376","127210,39297436168","132016,02610935824","27314,601464662737","18162,752128495584","17978,55647158766","48312,372370769495","44868,51638527799","44219,74100387285","79199,66726839921","100201,81590682868","102669,00981409149","99661,17313730877","100447,89905679907","101740,65286138144","188477,6570352175","186883,26052262887","138905,8489496992","138905,8489496992","77843,75841117823","24961,704455918065","19847,212818897733","17238,326475116195","14068,736478807221","12941,434373851684","50668,64260341398","50394,25765125049","52802,479863239285","50296,59085067477","5658,700208181242","4863,322742133959","4863,322742133959","9928,020755414524","7658,717312387998","5378,232950311714","2370,7364594738474","2650,826063752317","9722,987766393748","8351,823166473641","6066,499158590179","8044,321073868914","4396,129856191818","10514,682124069499","3935,623533947588","7836,721032892262","8264,561140715148","9132,278300477956","9348,446036014037","0,0","10471,345840720434","3911,839150853121","7815,823513746748","4779,145238931309","7311,90751988493","5384,001914453877","9702,60172533151","8697,857713281679","7686,796305110753","70867,73956655142","79847,59322419103","68926,43277183324","73767,83734435122","71253,88268886966","73268,68152402129","75982,58843448682","73978,55058871285","89576,33874422245","104579,3669240978","220162,2112432832","142221,95403345424","138677,24375069528","107281,28995406374","288714,4867565109","138929,80858083855","139392,67810393398","138467,26375987672","136224,3046101635","127912,49324949791","182312,6336879505","80470,47905550768","64634,932962739455","92842,00337086954","92032,21183209897","151643,61860753078","152525,2990815986","122068,67537410904","122461,13747684626","122461,13747684626","218402,37116221196","71921,45025227325","70914,17135496391","70914,17135496391","122362,96634892926","123342,56117576554","222812,4097898141","58789,20719086446","59126,34720111293","59372,94014298468","41790,6611601856","37078,92371059549","41218,9992293016","37141,49976286851","38871,19361555508","14503,317735194832","13666,280724485674","13313,411017312606","5878,097900592661","6575,9119391600625","16785,617382574947","13867,048415133031","6269,804146843868","10319,15022976084","20585,550411860026","14923,85613329684","167095,09513316958","167741,6166460038","74428,25548408965","16660,218358435835","12488,456104909172","8112,484033926991","9992,713043584572","8167,306087029739","9184,874853013593","13305,178313044418","12530,4696025047","211736,15481273967","28887,599643093785","27905,42484548909","19199,985212293603","197294,4143413483","205298,7073692931","197294,4143413483","195284,98801564486","195327,67544855495","194664,43630362555","147299,52690580758","157386,2926514605","152811,9225286637","101609,7758521893","79978,31371285982","75944,00174799781","182256,59605384","182012,47082274887","182734,27561946452","175061,1671370245","165673,28917299525","116753,55303534372","106976,80833518459","14486,59604362979","23412,211811428628","7150,089121890725","14387,928782931547","9804,552751783644","9308,073080967933","15709,93802110027","113856,4949948874","15289,003415304263","13727,74039263346","97488,89197454829","97049,29886133663","57797,44057250413","57797,44057250413","176975,54590280188","91125,36993803988","90057,62790623953","89835,87323998177","167441,62158257692","169260,6987671251","230158,13398044082","230158,13398044082","214459,4404196582","205880,13022987585","55809,19647767125","145183,84084315726","150405,7135369355","150938,23519407195","82123,08568913655","44670,19407859234","77867,86680632427","77622,02246348813","42264,41593957418","56136,28334706402","52889,51923259939","43655,1887954149"
834053,"93644,52891511987","94600,67462476334","122255,87318267267","124461,66293332713","123756,57256079576","124756,01847385806","137846,3939445456","140618,1898269097","76753,8753346785","70742,02462760826","121610,65818969694","116891,44756261304","117982,92088868201","97289,1204077287","86940,54818804619","84488,06586607882","103671,31651970015","281486,436886885","165207,27241753208","166676,36882158444","18232,330971207597","28224,747834088656","29001,364817058973","29228,557843195813","26681,04677101649","27110,24941796683","209110,66725340206","177082,77645815292","15287,416952316811","21021,82766203286","15675,9148668289","14369,467925468012","12768,625365459313","13370,227728074038","14591,416172812333","101921,81903932203","172494,1162633282","169802,1620406615","172820,89897929705","169802,1620406615","207102,41576298032","53758,72885776355","43717,83340462128","50243,23315916391","49153,66874052563","121971,05185865448","121216,78169936535","112413,70171740711","126184,93564355857","127194,89780428413","129301,19604163927","123038,97289005405","119899,21487797165","113684,1687606257","112754,14388563903","114380,78309139202","112838,04547539314","65829,05015963399","66734,49030591069","197625,10718306724","198716,0090585323","199139,6034345941","197971,04469252648","84207,87149354295","84615,27679460202","131901,5889592544","57979,84793724617","49766,24767723303","48928,863229458766","119516,68216727486","200097,4179860319","201764,0204728539","198434,16508392894","46314,90573807452","46901,1724567513","61114,778457890265","58940,37442656862","61523,34570964222","80861,54700293466","76816,81783063944","76816,81783063944","245016,71612078414","154263,15136441425","25755,17151774479","33213,797361070785","41751,71789831185","25499,75785794039","65678,44213962612","80800,1036401581","124421,32165603226","180033,864359703","180071,09656086797","83559,05092141296","81435,56920586889","92636,66455120425","183230,19901852112","156324,81207443212","156027,10326392384","209894,34775833302","129547,55165687385","67582,79155806644","69613,90922268535","87935,50980970693","128499,63811059433","130366,63113933631","129407,9060394117","132957,40428016076","34299,47128142183","23938,137454433876","23801,328926831946","58747,708032616494","55249,481971267014","54640,79404650525","89379,44707695351","101545,15278322423","103973,7395714984","100857,02393583956","101659,02998793701","103080,82420748644","191309,28161039596","189765,04502355965","142714,11375048343","142714,11375048343","86957,98264333986","28206,82515220511","21331,107131973382","17490,181053111555","17754,06608502698","15878,540591606961","57401,535383474846","57276,685174101294","57031,56848021466","57242,333200143185","13011,859782513115","6415,748622662941","6415,748622662941","3865,646882161161","2867,4260914634397","9521,180916564563","12534,97281793932","11271,719380067532","6667,842810746977","6972,857942485745","11474,285196415409","9790,896482537251","11696,689311415581","3903,8999655366956","9535,759604370127","4681,857419529848","3404,8435666056766","9671,978437282674","8007,201183562651","10471,345840720434","0,0","11518,957130463787","5411,930874873584","5714,487343388","11786,26273067839","5136,470714943101","5290,518190012104","2170,722429809752","4267,3614506913955","71981,25506816269","81787,77349120278","70703,87815776271","70278,92557258342","68674,57211134437","69854,28978141048","74332,14978657555","71452,3976358354","95025,51825654563","110402,12233827774","224224,52477789714","150811,0646098389","147223,24415535733","116656,36812028836","298212,7392942433","141323,86031843716","141768,80767683923","144877,90815597662","142720,23975289435","134127,17530515508","186012,9156357965","90941,30608119798","61058,929650413214","102378,35350773632","101465,40122723034","158276,08709783637","159196,21170672763","130977,98316321499","131387,00774905842","131387,00774905842","221944,22692355124","82073,8914907516","81043,3892152445","81043,3892152445","130695,64170552422","131651,03037257184","228823,20323355508","69195,82164907135","69520,60298137998","69774,11854739397","48828,099675629055","44209,01959000391","47992,99899408615","44218,65104308084","45832,84496712525","7263,52237986631","7297,848918347527","11142,078633186968","9299,56646465925","9374,594974274753","12438,0169815265","6873,6345671390445","12427,961388905878","14330,468096906918","14511,914747438625","9024,343087757126","171808,2394621559","172539,7819872334","84778,02223158533","16695,80340553392","10963,644316962262","12881,595477380319","7330,435756073603","13316,593605943102","11242,702912367065","13468,013264730625","14302,033516242358","215985,27898333519","39319,097079848805","38333,77767661468","29420,4720446209","204063,4323357031","211973,17035596876","204063,4323357031","202832,75430574807","202857,23199065038","202148,45783257257","149950,91591261612","160372,17902088093","155954,93519055995","109130,93059377786","89182,7441649398","85011,63117743754","188953,36995818123","188674,0297991034","189396,0680709424","180732,88550845796","171296,01378153954","121242,83530712985","111867,29104574017","24924,378853141367","33434,49285818089","17510,625541775695","24723,10026523831","20200,446204100772","19688,673917928194","24718,66363807888","114459,4238226443","20490,781510693138","19070,59068894716","98032,034651826","97699,92458364092","67607,15036969093","67607,15036969093","180385,82354778145","87555,65576377412","86365,735973677","86398,20151817352","174151,10829462702","175985,26628854682","233332,6032629586","233332,6032629586","217959,03562703062","209065,8479692869","66252,93691010057","150654,4252969756","155943,5182160761","156516,7380140825","90604,86447473131","54196,58107946394","78121,36766196416","76447,95104092555","39181,18912174334","53244,4494565052","47715,9932335273","40604,03532512512"
834019,"92828,27500233693","93956,15254831892","115081,19561781909","117396,89296464394","116742,1849958547","122943,66757589662","136020,89470855685","138798,5215731246","78670,15772001244","70965,4080421353","121950,56081733237","116674,52030322328","117434,84697352529","93673,70936999029","77888,8590605718","75531,56181421364","103210,98430118483","273101,5757109485","160065,77151050666","161560,4253320493","25443,44040914343","33259,89327350207","34850,039370141756","34813,29390739902","32831,00595807208","36007,378927071935","207717,15339925126","176047,17137388993","4752,175677480734","9889,114894033773","7226,132933602838","6287,035416244181","4396,31843369315","3344,8363554844536","6110,377203426062","99754,46387173614","173002,51359633022","170284,58356851546","174209,49409191165","170284,58356851546","205422,35915279252","43204,40640209955","33012,66567309615","39936,511563571614","39037,695108450134","118460,60408135477","116623,17243018303","108824,30436597587","123509,95732376787","123779,01007805626","125786,80253289308","119524,65453321792","116363,07825057229","115237,85808098648","114243,81114102405","115766,116534255","113367,99406546794","63678,22902831671","64640,97838650636","199021,35841035485","200118,83637052678","200471,80151255","199443,37246904222","84910,07251762116","85224,16055974562","131616,56195155025","58447,632318411335","52521,598614963674","51777,443516604784","112760,1326991953","199635,26401536312","201252,39214079652","198022,3128719266","39195,30877092335","40205,12064233753","50304,59067107215","48116,08006293458","50682,5486136831","77479,78971009668","73636,56618931546","73636,56618931546","244439,46689112423","152796,73833349402","17833,58876262028","22861,55282442771","30341,0991473192","15538,070265042506","54473,97388025022","69558,8119389455","125898,51257730182","173808,48767676047","173864,67817103778","75343,89851138127","82890,99718401732","95254,08813225786","181891,11630876997","156030,9027158991","155559,7454779441","210802,7580109097","129827,30696894079","58991,48027391782","60928,9500938945","76886,7423886313","130342,63417294779","133341,72837802191","130988,78278993849","135887,91388332896","30434,231301608495","21747,305746857866","21557,66251952997","47743,78083543246","44100,56680286004","43597,50353209455","79904,78878757507","104058,39256872241","106527,13829965286","103526,73729708526","104312,33218475351","105596,89398010043","192167,76677513774","190567,20540583922","142467,8921873567","142467,8921873567","79631,61528965436","21051,43770995018","16043,686330747363","13678,722881932128","10169,656440283245","9126,745825609845","53680,843255064276","53358,54056540572","56395,06817251634","53239,89561637789","1868,1114050403044","5105,04667039812","5105,04667039812","12214,542032634958","8711,50207114358","2830,0126844001866","5420,177522094229","1296,395632402104","12745,33764554399","6817,11774796534","2386,977160776923","5229,189283578318","485,83150771198706","12768,164679563613","2027,1374076122786","10365,940721411842","8467,977233092637","6439,368784577406","12682,339727394272","3911,839150853121","11518,957130463787","0,0","7123,4497318438225","6246,004829423617","3658,543608897396","7225,155777426647","8817,339355699907","9405,238629046782","10046,109424483338","74749,31267703866","83672,07117729411","72771,15263229137","77499,08106503084","75071,14548341339","77007,81580381494","79861,96240067008","77802,05927703684","92846,7426344467","107735,22776287582","223654,91576538078","144256,11165384817","140738,53405014708","108822,99627381955","290070,12628211814","142684,11871817693","143148,7618185406","141422,00730110423","139153,65081611363","130935,10445978465","185877,12140795367","80237,12187544102","68345,94427737061","94269,38056561383","93548,73874205333","154518,25619618734","155386,6030359253","123926,48759184316","124307,86788654573","124307,86788654573","221984,44455203693","70641,23250934258","69599,01526351042","69599,01526351042","124554,45843360532","125545,70236424424","225850,84862714264","58079,38694239218","58373,385696288635","58643,007316257965","44751,61318059105","40043,508046629475","44271,48080321465","40123,999455532554","41879,12799530506","16993,09429028315","16333,711643807626","16807,306628475533","9608,793315145816","10295,16914596933","20051,632681048864","16385,17030033993","10159,240374876039","14228,156879408692","23594,996004405068","17781,200873362435","170474,64640984294","171102,73802304934","74797,18749477842","13166,545321718464","9774,570346758881","4285,361107732951","8286,992917441292","4284,972118162555","5922,465794199645","10004,81655296265","8926,52051484399","215195,74879137732","29179,526666973514","28223,693411264023","20261,116064218848","200101,41519690052","208135,10825364833","200101,41519690052","197797,10969158972","197847,38144302412","197203,2530428099","151022,20514873983","161063,957328653","156469,71565074287","104202,347873965","81696,29838187696","77768,98645365363","185094,1919942029","184862,024379131","185583,44510807344","178209,55130715418","168838,6667425594","120205,71023464577","110354,8643254682","15045,25084768943","24703,14490103967","8596,395172087845","15346,509506189823","10836,007296113623","10441,58961810913","18183,63284165922","117746,98455442092","11433,412275698278","9865,997271220109","101384,52512619007","100941,22726040814","56089,89359154597","56089,89359154597","180587,33653340506","94860,64739383834","93778,05464389641","93585,0310027684","170281,7644291981","172094,823160781","233794,05861315748","233794,05861315748","218048,95439436467","209518,5793569977","55885,95909466146","148398,76655780827","153600,66849336258","154122,43228362876","84293,80042017433","46263,55030693787","81774,75748710346","81520,37206354275","45988,150960675186","59909,355415515","56334,84606319279","47386,464710009735"
834020,"95567,04353119612","96599,36422694947","121077,87716681953","123347,8552114088","122670,84875402841","126281,33777235255","139378,16277159422","142154,91238303587","79770,5212201303","73052,17842093851","124064,80885838997","119106,21177021383","120057,43247690545","97938,44440765915","84590,70968904707","82198,21001192095","105764,40840904735","279622,34176457115","165158,46422266727","166641,4998562166","22768,93625511513","32138,437012677954","33219,95865340344","33355,696066892386","30978,38404057513","32255,036831419042","210876,02309656361","178991,90317004596","11623,126742185372","17010,53986252149","13083,751367510555","11834,02946545145","9891,585628954192","9837,655708713011","11893,213090473655","103256,92475784324","175056,90684426896","172352,77396074726","175739,9035322169","172352,77396074726","208739,02372564678","50289,300082500224","40113,57464921036","46969,32141325098","46022,34293880908","122703,12002717916","121416,07262135693","113096,99431195829","127316,52729721121","127977,56523934168","130038,55983605565","123770,28262630946","120616,73767318664","116622,09682338496","115665,54866016038","117252,59586297057","115360,68427261345","67083,60922718262","68018,48070444491","200558,4321365488","201652,3717282636","202048,10307930093","200934,61089413177","86753,44224101334","87123,27172176854","134103,22675508386","60342,22738720201","53007,19348463234","52201,0565757268","118572,61672827536","202265,46834301186","203911,53853231543","200623,05022602098","45015,6970991616","45833,151910722205","55769,69912906486","53599,646831501406","56184,414647894024","81589,84644952351","77630,18114734761","77630,18114734761","247150,281051414","155968,4213679909","20436,573555642408","27832,871365732197","36718,7482836879","20104,88832290865","60458,1587780388","75590,16951542109","127340,6177295367","179415,8427044388","179463,43777140285","81732,68203524355","84280,65901088036","95957,65350080162","185008,71622307666","158541,9257759595","158169,95530315422","212636,91977661022","131984,77877392987","65502,559787488215","67478,82601093854","84004,12080114837","131566,9046628755","133866,52025831823","132373,03865571815","136442,87487757034","34524,77612889179","24715,7509703311","24550,478964770213","54866,40219597534","51210,98926713174","50718,80374266662","86746,25196572127","104840,23213946342","107287,44572623116","104210,53468912154","105007,45800195563","106379,11809722577","194024,29507059994","192456,50184762615","144941,5918809985","144941,5918809985","85658,21109913966","23017,435356061014","16389,878373707827","12765,736410842239","12381,529765805837","10539,074878576948","57887,9176580938","57667,78322445675","58919,18402312077","57592,65209916239","8224,853704910709","3000,904705504532","3000,904705504532","7986,707430692454","3569,05896284872","4562,398580088011","10185,063841763993","7370,280092942621","10002,037136943467","1691,1098601129513","6399,296628871715","4378,96611255226","7142,244172720026","8347,242728068157","5132,749388441055","7213,447433454294","2035,8665219517552","4353,90042132403","10804,333538115308","7815,823513746748","5411,930874873584","7123,4497318438225","0,0","4105,687104346068","6492,114983457873","4654,507884278331","1886,8606469267881","3362,257927577945","6672,541542700266","75315,1243883618","84803,92516395602","73763,15044454302","75104,50657654027","73257,12413738943","74660,63782261463","78651,88459390795","76025,71319151377","96343,83014728794","111519,34151603533","226355,21880209033","149998,99785881263","146448,13305993218","115089,93833098665","296502,6733639397","144211,5579674376","144664,69183049462","145656,24736073916","143443,66798101753","135022,97527306539","188313,66158794003","87351,13114108227","65887,55622909029","100635,4422146214","99837,45855593956","158917,34277715412","159812,7847815664","129876,02600980469","130269,57651861686","130269,57651861686","224333,17599322792","77611,00518546972","76555,87232284629","76555,87232284629","130097,71499122941","131073,15045433317","229871,47650198036","65191,28582698229","65480,46946840151","65752,65647819724","49094,97491393623","44398,75950955554","48424,02960982859","44442,53904654025","46137,163992833805","12381,149696754599","12154,108609550529","14778,252623363842","9962,560851652343","10392,423170454633","16964,56553444551","11895,947728202578","12378,197637472069","15546,667730194287","19595,04514987799","13854,46355685862","173583,28075338798","174269,30219392906","81778,1448755118","12005,317950939689","6449,973467982002","7552,40665294898","2824,1011707704165","8010,9675680684195","5847,79445597984","8561,411042834607","9070,09710394439","218018,23293331667","36150,76212465398","35183,91688123449","26835,632035883864","204626,07111247318","212599,41416263432","204626,07111247318","202854,03412574856","202891,82082336448","202216,07292603355","152729,21386048783","163003,25532941907","158510,51750230338","109147,85462995849","87794,13722248284","83756,65262399153","189560,6350376977","189304,25835071484","190026,29934773553","181973,1346399047","172561,97220356108","123108,81871270922","113511,96516028044","21851,98984229535","31139,061151342128","14799,506556043807","21952,738471365188","17347,607877860944","16885,565185787415","23460,037350528357","118059,49272225122","15078,889037711517","13663,834851400052","101635,81172260104","101262,3703903423","62868,32694445791","62868,32694445791","182825,48306376074","92424,84675820718","91262,48087109372","91234,21056206507","174746,62824295508","176571,3513075945","235900,25550921858","235900,25550921858","220367,48218488868","211621,93188418835","62944,224924170136","152000,47370378085","157253,1141815348","157802,99675807665","89873,20301215428","52476,702313072696","81800,08740297258","80620,40692451951","43798,15746440213","57872,413667332476","52859,43941142683","45220,47213640829"
834021,"91475,5389779673","92513,42112975594","117503,71743696163","119749,45497419765","119061,67153519497","122175,65997763476","135272,49227889127","138049,23568489068","75872,54414243456","69006,52400109227","120029,04868407345","115038,64546676415","115975,5430534562","93887,94486242853","81574,25433929412","79145,73311817943","101685,66762039109","276367,5746013851","161242,04755003756","162722,02265053242","19975,137519911234","28742,757715950003","30022,238781018197","30090,73696732631","27860,474723927295","30139,65767607169","206773,04905793382","174895,44040839197","9593,181129814093","15353,991310928506","10073,118113471393","8766,260186267633","7075,314325231732","7673,870573931032","8949,91376056153","99153,6626656884","171033,79299706957","168327,77896166945","171791,27273882835","168327,77896166945","204633,59765939528","48065,51849410273","38008,81457739101","44577,806630522","43515,764178982936","118645,67113341573","117441,6988923133","109044,40557363522","123223,39552369258","123914,77480280785","125981,17774656175","119713,03022156745","116560,81368575887","112687,96163930844","111724,8490388568","113301,64015988687","111337,59354302128","62980,60930666674","63914,76707373243","196611,0592568267","197705,66758689968","198094,50268440426","196994,83841515004","82741,48707186412","83104,40934614647","130032,74731428432","56310,89342517965","49210,0845541991","48416,87593136681","114910,69249782336","198187,96036386405","199832,01848203264","196547,66372650248","41444,279476175296","42173,06674819448","56503,803706078696","54317,17130069132","56887,87723027023","77526,75283519308","73557,24356643326","73557,24356643326","243068,41850754892","151864,46286444739","22749,22757263796","28896,43744529088","36561,60953290198","21375,76481583523","60719,956676980604","75803,30093278312","123399,2355619054","175654,56688818987","175698,96178116594","78431,5827863003","80334,25619803014","92149,07532157989","180906,4325258906","154471,41081418673","154091,83357422205","208645,29827350582","127945,36064085423","62323,55956497256","64331,15036255523","82221,98146866859","127664,59163903758","130111,96790040353","128442,46826348442","132681,85339141707","30501,320842896985","20617,457565530396","20453,46498619781","53033,991551423","49546,01097224948","48928,910663164526","83905,74338179055","101018,422346693","103471,22026749534","100409,93184759475","101204,65709105233","102557,81424565066","190028,27170898495","188455,88771891056","140873,12789939318","140873,12789939318","82121,44794311805","25645,386257882514","19525,177005925507","16210,999723178054","14651,52990419042","13044,76474209466","53847,222934395504","53640,92576114376","54831,85491865611","53572,12963083307","7981,04339156588","1770,702726179795","1770,702726179795","5992,69932000839","2880,0845084135335","5161,006861939227","6955,820660447429","5728,668323215744","6983,45201988418","5411,118978160896","6986,162788256402","6853,434702345693","6538,505476272285","6534,951780789263","4507,643846929568","4311,002629049382","3722,4210492160805","7458,6936669739125","7375,107998657538","4779,145238931309","5714,487343388","6246,004829423617","4105,687104346068","0,0","7770,014890276142","1034,7973246237345","5799,681825983108","3937,7315942628866","3905,987143193415","71524,7794097225","80902,91848286868","69881,83397449959","72332,1362187851","70226,55516892961","71865,7770019483","75390,61011003757","72982,33197608827","92240,77332766028","107426,18511748796","222273,55141331628","146297,05097189595","142733,32067437808","111677,52716126361","293173,9328209738","140259,28020132094","140714,34700458922","141595,3187554583","139389,06078239097","130948,93670611779","184251,23816959825","85241,31403406123","63135,16940700988","97301,03534403935","96448,73568504487","154874,36596333783","155773,23131700032","126274,46047821648","126673,96896247452","126673,96896247452","220280,63667907938","76449,6512886191","75427,94325732687","75427,94325732687","126323,76690849138","127293,27474959599","225787,49112515635","63487,06544714259","63814,635452217786","64066,56402912007","45082,04957887171","40394,56582913573","44385,13858302015","40432,47620595883","42115,487429759254","10780,63323028128","10189,171207904279","11547,983657438815","5886,4909749921835","6358,845536121718","14327,926219669176","10184,405680650829","8301,623407164449","11464,64619937133","17576,504852485064","11721,093639884433","169481,0424394154","170165,7140641386","79188,57746303816","15499,867036003887","10273,173447408442","8877,024022208165","6873,056051723891","9188,571606340376","8400,46275688308","11981,188249212437","11970,278536632935","213928,80597879822","33664,829853479714","32682,071050933144","23901,898349759333","200596,65662752633","208561,20969518815","200596,65662752633","198924,64197664606","198959,48733505106","198276,49881809202","148750,43368309195","158993,45715160388","154487,5532289601","105208,7821555751","84295,22432404317","80200,87386860176","185524,08868886472","185264,50285176004","185986,5780008737","177875,70369416752","168463,1275855983","119011,90724549229","109407,41886544094","19263,68672335815","28034,486059944058","11893,84592318785","19131,537211646006","14567,185006965521","14064,226018347952","19806,702501517928","114352,10033899486","16771,946699332027","15233,177436805232","97937,34873055117","97546,10988607763","62117,774090044586","62117,774090044586","178782,10153386652","89685,37730366805","88560,05867363075","88454,34901839063","170710,95400588185","172537,12630249633","231874,5757664664","231874,5757664664","216317,7841730022","207595,4001908356","60588,2058790565","147898,12716703978","153152,14047758572","153702,95816220136","86130,66458922627","49102,036259067056","78149,18184210328","77251,20515478552","40879,842066463694","54916,5641889099","50625,0012416774","42295,23150425034"
734074,"96476,69311541403","97600,39510847072","118217,8495381406","120554,89776145505","119910,9774689142","126600,92713391579","139677,56013511124","142455,14933612358","82145,67358274241","74564,11892776223","125562,72205851406","120309,42066975097","121080,170728614","97277,59210465672","80544,49220350903","78226,13288492527","106851,60980745823","275872,32716521836","163512,5242027389","165009,8278463931","27720,808284637","36134,42214665568","37569,904013084706","37589,62671170785","35465,18432985066","37879,82014573674","211375,55796226562","179704,3587023346","7890,137108238312","11988,789676863773","10783,43017439247","9918,219816207431","8054,283978847983","6874,376151765693","9711,284495283386","103408,96683486184","176613,88812112526","173896,9667259741","177766,3829837581","173896,9667259741","209078,86270869302","45217,401283667044","34984,10948549903","42135,327956535024","41355,177566686885","122062,62050466465","120143,16479951057","112424,38127270655","127149,21271989921","127385,15312944885","129386,7913657153","123126,17200696966","119964,13873812628","118767,8641457891","117778,67343881434","119309,82304808199","116968,0823581737","67336,40415558068","68299,3223660883","202580,89377934794","203678,0138142706","204036,11913248283","202997,31990839954","88488,65373286596","88808,83498855692","135255,87633057797","62019,76380046435","55861,18793165323","55103,062313595125","115982,31173424947","203284,06022529738","204902,35023935782","201669,85300318152","42488,87817170375","43567,04382418195","49328,63520512353","47154,11356412647","49737,13931785017","81102,85651449878","77269,92512735314","77269,92512735314","248091,8688648779","156455,2308501315","15029,896363559381","21456,451057705613","30283,219206859958","13790,158697404207","53966,11012994201","69098,05710977953","129438,32290921504","177096,83757074256","177156,16721926068","78273,13437014516","86412,03066129703","98669,3576582848","185549,65989181647","159672,85880148795","159206,45683748543","214395,75208037623","133443,91138760946","61848,20935723086","63750,28765903972","78357,99948358338","133853,03778626406","136735,04371421607","134521,74539679394","139287,48900880985","34081,41648659817","25370,610044481524","25182,31915898","49345,50682854289","45551,926773757805","45176,82712833439","82389,16874311105","107490,98516123132","109956,72371997201","106941,52183212402","107729,45536639905","109030,06105649992","195762,01704899527","194164,56801756957","146107,1506251555","146107,1506251555","82773,19914740203","18046,005242103674","12545,32783112649","10024,357833427626","7010,657882968186","5666,338272872308","57303,97186725693","56972,12127195544","60023,90958235225","56849,00764424243","3012,5785295116484","6084,508825002174","6084,508825002174","13548,477912869901","9357,894341691697","2611,376956744169","9061,782541486225","4902,247125518745","14746,50995294874","5357,629352720296","1276,4112911197367","2594,877922211658","3225,6241560279714","14032,341230987251","3670,6325985290273","12068,679560117685","8394,799011695013","3642,0109324453697","15009,95995499564","7311,90751988493","11786,26273067839","3658,543608897396","6492,114983457873","7770,014890276142","0,0","8797,475009670983","7612,156098879415","9630,831775837922","11631,601872244233","78127,60165585711","87155,06074787353","76225,4069553366","80035,05769541491","77814,35244356256","79561,32210377698","82803,7203706214","80560,63135017651","96501,77012897152","111377,15957219122","227306,7129057647","147497,75847355733","143994,3495884903","111811,08915025191","292909,89173356106","146237,35191487812","146700,61826480704","145022,2224168486","142747,56360862288","134551,64606746755","189516,20716579436","82019,50101772553","70847,97580014006","97199,65507660458","96531,2984080058","158096,55116204053","158961,06559776698","127082,85905655583","127458,2709093422","127458,2709093422","225619,44511418795","71518,45906286775","70445,16811224355","70445,16811224355","127876,07639135027","128872,47267282322","229468,18502244132","59516,81352105139","59772,13165503305","60060,94756900105","48367,625790260405","43662,42830672934","47904,46080480813","43746,29409602428","45505,31201593989","18271,97706804031","17818,27891699414","19205,46885027327","12514,767070028362","13162,26136364416","22097,69985169143","17716,21032511643","13558,685343746867","17538,089360685055","25271,168390575338","19415,765205647105","174133,17917091746","174761,20003567252","77052,04159064387","9508,067809154618","6594,4454159207435","1124,536404354994","6306,176712770007","1530,37423514588","2489,6786038386686","6402,356706730896","5274,805744612744","218850,95463190947","31571,776946280126","30643,847822425476","23225,438250164218","203657,60857101603","211699,99931444126","203657,60857101603","201248,2144962005","201301,50127411578","200664,95110056974","154597,58299662627","164664,1629085392","160078,80599829883","107694,72206021794","84799,30103984963","80931,29745230004","188660,2975617624","188431,68055953644","189152,95916024328","181848,56515684092","172480,4545881647","123861,05191408134","114013,36537506661","17848,31183950264","27735,04788886247","12002,925051012127","18349,777343945214","14008,572657715287","13669,842405257308","21727,197300845488","121094,34586880893","9014,937143746909","7493,279193241695","104713,48253202937","104284,53407233437","56586,31027956795","56586,31027956795","184213,5422903992","97393,7502055622","96279,60044890152","96149,74969298708","173849,29321427847","175660,47620550467","237412,31296490543","237412,31296490543","221681,9550553988","213135,7717094078","57969,000475965244","152047,49235179755","157246,8383522928","157767,1570036627","87619,70615765538","49349,598044254526","85044,18172281331","84554,16420168613","48551,486670884784","62556,224485798055","58389,52494262046","49962,18367427939"
834055,"90947,52680428632","91971,7905211651","117578,2160439921","119810,998729816","119117,54552462013","121726,13139745197","134823,2928228997","137599,40867621737","75146,01569158853","68400,6556839592","119411,19769437653","114462,57277628257","115424,82622448653","93599,59605468642","81893,02792716952","79452,12646114161","101129,0075950397","276579,7178579778","161093,9894730287","162571,31464417264","18966,65698807129","27828,737305235063","29070,119340167188","29150,550324082782","26894,61652437461","29105,295321376467","206286,16135072574","174380,70647129798","10344,531442701666","16125,763556898914","10539,44469537479","9233,0888407865","7670,4362959579985","8430,467834626703","9459,417145114858","98735,95664869627","170402,41360478915","167698,32105123726","171098,21686057356","167698,32105123726","204170,0372960283","48639,0743153324","38621,67754519534","45110,2901536817","44017,2552152388","118344,68614114387","117243,1200812746","108751,65584813408","122847,32848256754","123604,69181955088","125679,90867019272","119412,3006258654","116262,38147275944","111984,68180950727","111025,94136335111","112609,82002044603","110706,20915984579","62567,67330370669","63496,633980302955","195917,2328619917","197011,38554240324","197405,01837836162","196295,8606557491","82099,09115008036","82468,76387680612","129461,20396527469","55688,44583513862","48429,809778254865","47630,70396725062","114937,98845271434","197628,1525482598","199275,96552024162","195984,04880455098","41544,32920587992","42223,44433439856","57509,53294080153","55322,283732429045","57891,69465998083","77219,897089021","73232,88943130086","73232,88943130086","242516,7745889892","151385,00425395466","23760,239168933345","29923,561019254277","37501,473516465536","22409,434565054635","61690,29211953298","76766,6109143307","122700,90829432225","175618,10353897675","175660,45978321368","78640,45368244698","79638,78877597688","91376,70875859857","180415,75613627527","153899,7490977709","153533,4115940339","207984,99998225764","127331,64985107418","62588,022200075866","64606,95371409692","82883,56043032529","126941,64277609742","129317,2239426571","127737,02090885864","131889,80052445442","30270,11341042636","20247,02172273266","20088,58950099875","53696,353574442655","50246,12889897333","49603,23106509279","84284,40985848325","100252,50020270172","102702,73178084714","99634,18556553645","100429,92701594664","101791,6925064499","189371,68147055578","187803,28824053757","140298,25491833582","140298,25491833582","82220,82162822512","26635,00155182925","20446,56407232457","17067,54921293663","15655,663152321074","14026,863208004122","53579,92409559102","53392,54918229767","54295,08277014521","53331,88430129293","8985,670371275259","2753,1418299876746","2753,1418299876746","4990,600830849093","2486,9988601000696","6190,661892206136","7398,539107244702","6630,926135177503","5970,096807637778","6117,765596644141","8020,91494599113","7793,794231738139","7534,727540452543","5543,146745921784","5531,892419315578","3276,9231737381488","3801,4701621029412","8328,988534860508","6432,01857070096","5384,001914453877","5136,470714943101","7225,155777426647","4654,507884278331","1034,7973246237345","8797,475009670983","0,0","6170,915999375754","3654,6551436301834","2873,563813401754","70743,27978736044","80178,33675149702","69145,5051441803","71334,0305847169","69257,37039088788","70869,75568114103","74458,4516854272","72015,11975388274","91824,84007265116","107050,78071084688","221721,59146102815","146298,49374075577","142727,35594725236","111831,13523746288","293354,9120381793","139568,60341039218","140022,31667154157","141287,57361431717","139091,56584866933","130618,075812778","183666,98737110873","85826,6815866534","62134,51133364038","97491,42525830619","96615,40669910975","154593,51370141414","155497,12219883598","126333,6603795469","126736,28751918378","126736,28751918378","219682,74374521754","77233,0002649446","76217,28132932828","76217,28132932828","126282,2087463717","127247,77102044648","225433,22340163897","64171,501882801706","64506,919153503564","64754,54120536727","44854,44504835009","40179,81930604466","44123,800136547834","40210,72765094305","41878,40519535209","9774,642976883873","9163,527906536234","10580,744503694517","5359,432844249209","5750,509535422056","13303,516287959335","9173,07789535232","8046,7896515399725","10931,393341712463","16542,6085704318","10687,8794103137","168990,2431742813","169683,24841634632","79646,80899501764","16343,415353060002","11002,555660114593","9906,907438476357","7475,488110590949","10221,758651795792","9352,534042664569","12830,687490162009","12906,027105965219","213393,96485948737","34184,35878654785","33198,701030829325","24302,66955917291","200332,76593978726","208285,54564915365","200332,76593978726","198764,16142348162","198796,44354085243","198107,07893650676","148079,54985864178","158349,14043074058","153856,02511212855","105044,74139227958","84412,87285977088","80291,03563205355","185251,18341293785","184987,23715030294","185709,34128268276","177483,70333554095","168065,79810272148","118499,44475396149","108934,00862471433","19792,57148158398","28362,088519804027","12374,30147472871","19588,470001290636","15064,801737435017","14552,463582951512","19899,469490722462","113538,73343138173","17803,272831803013","16265,92051951796","97120,18700159917","96735,53033070575","62970,59432281824","62970,59432281824","178172,92036574724","88685,27698526479","87556,71497468404","87457,88722255208","170439,62688735747","172267,67638067878","231245,80684909067","231245,80684909067","215716,26776820127","206967,51669841452","61119,37744665664","147484,45062276247","152745,64735846766","153300,8395853592","86114,20488373691","49291,74305138794","77314,46435986724","76340,75922612903","39892,605124866204","53936,19244980113","49594,14833866584","41309,09857437943"
834056,"97098,01390264482","98114,05521930518","122963,0528268545","125231,96787233002","124554,38433458356","127897,04484783302","140994,2063570527","143770,32459019744","81014,26964721156","74487,14961702077","125476,60270764586","120576,05114063546","121559,74462931805","99687,6048186955","86447,65652481829","84059,40651622195","107260,02228543953","281499,39974925003","166988,414276237","168470,32708609113","23339,616910396224","33022,87090878173","33971,73429896635","34149,966837725064","31688,850363479898","32400,604120964414","212452,00009572","180536,36674542693","13414,928637009023","18693,809603924867","14964,649628368441","13718,51845256456","11770,25045523362","11663,820468901054","13772,957612497554","104903,15777020139","176445,71948219673","173744,60564398166","177028,48082556968","173744,60564398166","210340,21139480025","52021,545423543066","41828,975445052696","48736,974547201455","47811,555420842364","124444,77594165424","123220,26762009239","114843,97040938272","129000,15974050536","129712,93201581326","131780,277506188","125512,15811405955","122360,10120472047","117898,6027788368","116949,82476860251","118548,8373678643","116753,40036932485","68733,2556495288","69663,49618881539","201844,27408787305","202937,36017531005","203341,45347052597","202211,3400964378","88133,64683932086","88513,42551434877","135578,25542965188","61757,72181308116","54165,41678135614","53348,2817411717","120452,39709303486","203753,9180155707","205404,81841930203","202106,5640796905","46899,73980467286","47711,10565520684","56539,800750942304","54380,35631127902","56966,90576318316","83325,05826125818","79352,48427950125","79352,48427950125","248648,65588510205","157552,83958296163","20582,010854716056","28547,539689686022","37880,10851746042","20792,599378252227","61415,493292247804","76551,45935927438","128624,30846727549","181284,23002744012","181331,3167535757","83614,63366817","85577,20120042526","97107,33138007019","186580,62821137966","160015,87599297112","159661,1697836523","213978,88124217823","133401,97632817773","67377,00158594488","69350,50054630246","85617,45363423227","132805,849793574","134959,02248229174","133643,60179078148","137540,93227588007","36296,50704985461","26392,300411996493","26230,88885338438","56506,420415391374","52811,72304163869","52351,54969354219","88579,79944414178","106000,61797718174","108441,95367739745","105350,76822049438","106149,60424324521","107538,7068579546","195372,9726571475","193811,6302303099","146411,77277965198","146411,77277965198","87544,33407830673","22945,39383500733","16041,033366330914","12220,576134315472","12701,215628169957","10778,487130404328","59646,37014252253","59437,742066442996","60443,199942745036","59367,38158737781","9734,913692562935","4874,414877205967","4874,414877205967","8566,909706839073","4452,566392913787","6106,1108712897","12071,61075069441","9172,949640462346","10923,39832795996","2254,629858971004","7774,956968895391","5163,072986070738","8782,006247253576","8819,871357647738","6881,997862868113","8235,54791853803","2623,7335796079074","4677,361315485029","11906,493209618475","9702,60172533151","5290,518190012104","8817,339355699907","1886,8606469267881","5799,681825983108","7612,156098879415","6170,915999375754","0,0","3734,4279672710895","7686,294049841811","76454,29448419878","86049,48666630186","74991,42288208054","75525,84093703605","73838,03738731399","75095,72919481914","79380,19804876616","76612,69774584722","97991,58073508953","113203,1544790956","227853,43165309058","151875,1122338613","148322,73127764268","116975,90949144382","298384,59629488573","145506,67788705294","145957,43769916036","147393,81872364215","145188,44692460765","136743,16033635873","189769,83175626284","89044,04626883134","66305,48869649397","102518,71068967205","101722,8719300899","160673,91910687843","161572,53962639457","131760,01677052915","132153,8682388017","132153,8682388017","225769,53747764285","79051,66386629583","77986,88090115684","77986,88090115684","131963,6354347067","132938,05980654855","231574,59241003988","66792,32254211225","67071,27667088638","67348,64221564485","50874,816221048495","46184,10018506129","50183,966555294515","46224,099777296244","47910,7335270663","12543,538463762874","12495,166258286567","15688,096904155218","11530,284430724061","11903,115764680115","17519,024364268553","12128,264321483868","14100,248398739235","17096,38745839248","19796,38186218258","14222,678329779908","175155,13820778992","175850,33847801943","83571,33786893735","11430,584555529284","5702,418144980135","8572,852526128068","2045,029405949799","9063,671792024428","6373,515268214117","8178,193582525505","9104,088829298233","219538,0587380974","37943,21709557399","36979,91239717552","28696,760189359215","206394,6471360599","214360,42815323654","206394,6471360599","204679,23619832902","204715,8472159515","204037,11211006992","154056,93598414536","164372,81688210406","159899,8976529055","110968,39741468681","89680,89708904791","85642,21267792754","191323,11389608702","191063,85002071675","191785,92270212923","183643,64708947908","174227,63355503528","124656,87675294484","115103,17763988783","23678,269826195934","33013,042216521746","16671,736167263683","23806,90768580378","19204,73403465653","18747,361668876692","25335,06189361658","119112,61697984578","15643,396162944913","14321,330771403682","102684,80775568141","102326,86137785521","64189,12560720305","64189,12560720305","184246,79957411918","92815,32543689506","91631,69562649619","91649,4012752171","176509,8605012375","178335,84422388906","237291,08105273562","237291,08105273562","221798,7771062691","213014,7332263109","64697,56717382125","153650,9900267097","158910,31494462898","159464,19514740744","91743,39115560774","54362,47081133367","82815,56061201231","81422,52241248748","44348,601607394325","58421,96063458359","53005,53606220474","45772,00267854053"
834022,"93831,49332621612","94820,91738969929","121225,00792821533","123454,52336057181","122759,48613812042","124782,22046520644","137877,77970419748","140652,12299362326","77424,52782231166","71088,36390998049","122037,80724477413","117211,92191615967","118242,42052483375","96947,8555217021","85493,56118513126","83060,0262506989","103935,37800961429","280226,69996975275","164605,9727893832","166080,6385784597","19631,850578367383","29295,42925124103","30238,16490794584","30415,573276740186","27958,12993712858","28920,024653504115","209248,75215144892","177279,5408254528","13340,629168749254","19025,895809157628","14010,490036033178","12703,860783992246","10985,395978700904","11435,201191520133","12882,890870923422","101862,51077292686","172976,4730812269","170278,82579405778","173464,36252768047","170278,82579405778","207185,81498161808","51949,29829448818","41862,99032357318","48487,572973072536","47439,08335974296","121670,20383544506","120704,26996227106","112090,83713169242","126047,65001534049","126915,60895619012","129004,07876415653","122738,06414257079","119592,02446118857","114328,74272482474","113386,32836031681","114995,11072575444","113293,96352954568","65718,420010528","66636,80368385198","198276,967409068","199369,3306150766","199780,20464924767","198636,7898646291","84665,77025783807","85056,45098520267","132219,18950318024","58340,62190716458","50526,774682844996","49703,68570726855","118570,37563642573","200408,04683731374","202065,84126870747","198753,74393262647","45197,062652613255","45866,76293954169","58957,99265943759","56782,491772644986","59364,90243531656","80544,86365690612","76532,292098019","76532,292098019","245315,10690627783","154370,30975487927","23796,36887850695","31074,068970517837","39590,31516089966","23372,18318631797","63507,75703914409","78629,39311085592","125059,22946360496","179217,83988649707","179258,95665273973","82287,36025863023","82028,6199098813","93455,98923927122","183371,7433811909","156652,68543426265","156322,53908691558","210460,24712290568","129968,59954857304","66216,42738797056","68230,38503767876","86010,52501988974","129206,53759875707","131278,38067096073","130067,68297592014","133862,5210389772","33724,48908791237","23541,333447348603","23392,04205808023","56827,83060084929","53287,45172213535","52708,38066793125","87840,85942218179","102354,24440091311","104792,19364091933","101693,79066944239","102493,54146133753","103891,76906898567","191861,5105515878","190306,54500326407","143044,7210675097","143044,7210675097","85872,5902395626","26345,98440359559","19614,073242729115","15875,714290144004","15743,084347607013","13899,88705172282","56970,48956999862","56807,66952972518","57182,392896793535","56757,15313153007","10858,446297776838","4325,552000337206","4325,552000337206","4836,829859562809","1181,6615204357945","7350,793789202382","10892,394355080345","9235,536722871257","7237,873540501505","5008,244495309504","9303,563675762865","7714,684218479189","9563,49971087385","5115,978852653865","7404,07261076118","4657,837571580838","1329,4713716169674","7704,389921235348","8319,121894139076","8697,857713281679","2170,722429809752","9405,238629046782","3362,257927577945","3937,7315942628866","9630,831775837922","3654,6551436301834","3734,4279672710895","0,0","4121,619413035569","72799,9742751058","82460,13724790797","71391,79365054927","71884,55577144407","70137,05287203359","71448,17623009795","75650,35453427659","72910,17001140286","94956,86272223936","110255,11416683004","224520,52977848193","149919,1806723682","146344,5053680641","115485,59516823964","297007,42321995663","141949,71227306413","142398,46472085442","144600,16636507693","142420,01438490913","133895,08961377587","186380,43363333723","89111,23889824675","62664,99696490577","101142,15813883267","100269,04840139032","157945,250531265","158855,62238761992","129976,45652934759","130379,93831007784","130379,93831007784","222353,07642004234","80016,7887865059","78980,69792959707","78980,69792959707","129880,00901338263","130843,09634534795","228663,74944486868","67247,35552482068","67563,05244577145","67821,43974700675","48299,58593440722","43642,80997419997","47528,128284335515","43665,83905250848","45314,427244774","9034,739584619969","8865,284348041461","11978,625566021992","8630,990824721215","8863,389032527439","13810,950624579253","8565,964103199141","11565,02690056106","14026,100324584368","16267,864706227809","10582,541493432931","171947,15633134783","172659,42109062892","83122,21988483173","15094,613959692035","9393,528602152006","10732,19859511449","5660,442501249901","11161,034011005073","9206,50090924149","11744,351469174393","12401,54181772101","216238,46243026498","37582,567899616784","36601,21632642954","27838,268649345133","203706,08370423195","211641,85582604253","203706,08370423195","202262,47011278116","202292,11035091552","201596,09741147672","150527,95484072366","160883,91545888115","156432,37003653654","108544,24473505132","88066,59856993076","83941,42548524876","188612,47935393825","188342,29554013262","189064,40474055347","180648,4272526815","171221,1719801839","121413,00028809365","111940,90637017837","23182,59578619509","31954,433156203115","15829,386400499267","23068,076537273904","18498,45400719846","17997,6388857975","23552,968215690296","115417,57500722008","18400,46651107642","16961,269645028027","98989,11013725323","98636,75946970162","65491,833607898174","65491,833607898174","180814,11868546242","89189,81683695168","88016,86254907654","88011,9537269867","173803,96867173264","175634,56565903686","233821,31745190342","233821,31745190342","218376,2523720337","209548,02297697938","64496,83934463503","150610,1611278864","155884,85285226043","156448,46983751855","89727,91418235019","52941,86379935534","79110,3192240645","77688,16621660593","40653,60144157943","54729,169675782374","49528,512603652955","42076,91238707834"
834023,"89730,76654936187","90714,21423363456","118057,2580368937","120253,66918095919","119544,92732825033","120726,05322758672","133820,2496483522","136593,80859827725","73340,30775132937","66967,70353126645","117916,42446061377","113093,53797385439","114130,47220020412","93076,7660245321","83049,4511448563","80577,52122144823","99822,52937220407","277407,7005443249","160943,25693751677","162412,834269393","16254,798135904119","25466,331738981473","26566,720372309846","26690,840808142748","24343,297746663535","26250,477806256353","205161,22126831734","173178,74763698666","12759,515790729833","18527,572409872497","12372,494623037075","11107,177675592824","9852,885978535369","10886,274286064563","11414,716874928494","97837,86030541036","168857,2850493255","166159,28188310986","169368,56849765478","166159,28188310986","203113,0581110695","50485,42824821002","40581,606776155335","46859,42044818117","45690,51266929107","117773,71344235016","116963,22110488861","108208,20802473772","122059,43359048523","123005,80461344373","125105,47242302778","118841,65053246969","115699,5107868571","110235,01976342921","109289,82012075436","110894,72941201119","109173,65067119828","61713,25672409171","62625,83999361108","194182,65041190904","195275,33491957642","195683,33124884588","194545,76826130773","80545,9504186098","80935,77851872059","128101,1978688016","54219,26667208874","46479,1228204743","45662,20328714395","115288,50882221338","196291,13591932826","197949,7892241286","194636,03337433722","42176,64621316237","42719,166257273064","60349,66129057137","58161,43945299442","60728,45777991023","76656,37124327297","72622,91220075179","72622,91220075179","241199,5939828303","150290,03138695157","26527,17833044538","32794,95002210375","40215,752276928775","25281,5770518454","64462,1694705849","79522,51475052252","120963,51397918646","175775,7058345922","175812,39975931728","79506,30376349801","77925,83621063632","89421,60681502413","179283,0735500445","152534,0878468716","152206,83207787495","206349,6592636808","125847,08859843123","63618,53397683829","65665,11843470878","84923,95093959045","125128,60338915733","127283,48196087366","125976,93787489971","129863,9686220393","30033,933056639857","19695,410471118274","19555,661302850174","55756,76634096","52401,992076224225","51697,01830109574","85597,23753303122","98314,43569576454","100756,01552889695","97665,90074307022","98464,55570300638","99852,55335583654","187749,18317404515","186192,8592043948","138925,83048385146","138925,83048385146","82787,6400442357","29332,638323729712","22958,9338259364","19421,609477323385","18409,422860025606","16722,48997939266","53160,834981544744","53027,8821706844","53086,540625559384","52990,51816519297","11835,133863137245","5548,970488825598","5548,970488825598","2245,152246506533","3234,451258669837","9035,876804383752","9299,841989131184","9350,349653439263","3334,5022588064335","8324,60287787289","10889,25387764633","10426,46294010937","10376,228486050473","2829,8727335630524","8403,101901734455","549,6107063144498","5063,0090352786165","10802,62530995489","4222,680362603896","7686,796305110753","4267,3614506913955","10046,109424483338","6672,541542700266","3905,987143193415","11631,601872244233","2873,563813401754","7686,294049841811","4121,619413035569","0,0","68769,16904305594","78375,79437999387","67313,35851740706","68639,7205374888","66668,27622301652","68183,30903481963","71995,542295859","69432,38935068928","90935,74857458066","106271,02096504302","220405,18674157094","146567,38296955777","142976,7299673234","112528,19609376854","294097,17301795876","137850,82076769165","138300,36916562676","140689,93789461482","138523,76805607675","129957,44693515736","182259,69086002122","87673,49372566788","59431,872925085","98294,90340088926","97355,27611566299","154069,21456254643","154986,10572968432","126767,53793394867","127178,58371675448","127178,58371675448","218231,4653160631","79575,09502366191","78574,13541282743","78574,13541282743","126438,12577341942","127392,405807762","224688,6581743135","66278,14536369378","66632,6752816042","66869,54488234516","44568,74090886366","39945,14187428287","43743,80280311263","39956,02090511936","41574,48430561087","6959,23261228906","6297,847813116556","8105,802361964852","5071,733849805106","5109,881061355547","10522,916701228312","6343,882546824104","8247,776465663088","10099,727678129051","13671,29620993989","7815,1878752552075","167858,9700445228","168576,1269564353","81170,30055532513","18668,360043165467","13107,921212216464","12747,837435651629","9401,841857126841","13075,823823784282","11996,101148594864","15198,238467415576","15486,133514442248","212128,45887836922","35926,01889858481","34936,23628404252","25795,320902287793","199848,62458587612","207766,96210661787","199848,62458587612","198572,00299501215","198597,08444278257","197889,90916407233","146419,80559268102","156767,2253549272","152312,95384596344","104867,63936526644","85027,72007838299","80834,32990246861","184743,66782671295","184467,37900573676","185189,45166370878","176637,05674270578","167205,4196276005","117316,64122325023","107869,03743572846","21627,7687039907","29646,345179152795","14194,808766321812","21255,197618445756","16878,323052826952","16352,123653852042","20648,802259871325","111449,95770127342","20645,79039131455","19115,578630105545","95023,40688006196","94659,51700261119","65482,043786355585","65482,043786355585","176692,64219156204","85981,73917535314","84841,04880064313","84767,99049808673","169939,1382946213","171772,18021380974","229702,3186546916","229702,3186546916","214254,64153620458","205428,66268112144","62844,64779192713","146581,12552899626","151861,8815885418","152429,57236999364","86360,2219193686","50144,8470561119","75168,82698508608","73949,85801004148","37247,61290029929","51310,96975496297","46763,12938261764","38667,544257950554"
835195,"32617,779232379857","32431,03298335613","94088,18640551009","94988,05422651856","94042,92096699074","63221,21193306672","75194,20828887828","77742,0406298391","7177,274611783131","16260,638681027252","52506,60235826956","49747,295907230655","51925,37565287016","51436,26085149183","84820,15726155846","82509,61401304498","38867,24970748357","249707,13619436024","116974,06571826932","118167,07734034889","54712,7572209241","44035,50150651567","43965,658225713174","43497,665945937006","46344,159358110184","51729,534972028865","142405,99931213225","109987,78449271215","72791,16761657433","74777,30737302612","69340,45934541486","69492,51377348127","70771,74934324568","72429,40922408082","69896,35976911211","46011,70353138803","101980,35071633263","99358,25403792696","101212,58065735226","99358,25403792696","141282,19379178598","80774,51985578865","78021,54420153129","77231,61481902514","75395,4557251546","69467,92454837369","75304,43969215352","62197,71362346865","68590,8291733121","73357,89305389047","75707,21443264508","70382,1679187397","67897,77433052401","42332,417611104196","41510,254458641124","43265,70300513502","43647,27225844843","30685,338818871212","30307,157928418546","125945,34074544831","127029,28668450833","127504,49753772549","126238,07504501259","18169,637012290117","18918,88433096701","64096,913226078796","20126,160701230667","22314,705951203712","23114,160399820357","88769,96992735354","131159,09901893203","132916,22135030638","129404,718126678","57979,09621814338","55955,83381699556","114068,2338510341","112118,71395257825","114172,87656322759","41118,49299794969","38414,840630552484","38414,840630552484","175915,80727236904","89285,11020290139","92217,15819187558","93424,00301167539","92737,8185981103","88281,52885618705","113971,80152271003","126140,20332877575","53022,8162085734","137386,13857419908","137295,1786677046","75882,8584060303","12601,966708087231","20657,27634366984","116883,33194079497","87729,54025944306","87889,444689739","138623,00691588712","60290,29904477836","71028,13422408211","72581,22764950107","107825,34966038387","56715,120741403734","58611,640444097924","57844,89312241993","61171,129062716645","49920,728996836355","53970,61580169898","54169,64342398109","88060,21508044457","88036,97618399591","86323,67114953553","90223,21063809603","29563,968594606155","31994,493382905563","28897,03816408593","29695,39729281786","31099,580889090317","120169,7159638344","118702,82067028548","74378,4990534369","74378,4990534369","70941,54066297035","95611,03125865367","90660,58239867966","87674,07284432421","84915,91343069822","83790,08071798409","40193,15469517159","41221,874046151934","25418,57774574651","41658,84576500342","76338,18601232102","73213,6922321879","73213,6922321879","68160,30492156858","72003,61221816322","75838,18002841405","69554,24175641664","73456,22173508823","65562,81739346706","76857,44092936502","76914,81641930154","78185,08634842928","75234,81876385811","68077,37387536079","74516,17317984848","68219,65745587926","73831,91265830884","78948,40196397007","64554,87184637559","70867,73956655142","71981,25506816269","74749,31267703866","75315,1243883618","71524,7794097225","78127,60165585711","70743,27978736044","76454,29448419878","72799,9742751058","68769,16904305594","0,0","11198,121302211961","4799,800528686408","31744,190542597018","25035,527831679745","31111,19225002916","19704,23633372828","25141,345114467615","41194,61456108476","55327,72231120098","155272,2194766922","113324,4313533089","109699,13384125815","95002,9131031324","263911,0743877106","69903,95351216361","70323,7382142595","89181,02118137793","87810,0115100155","78203,81417062544","116545,2139473542","104868,38168687923","31424,749292301858","86856,30422072073","84644,43591444213","102969,80946626412","104083,5694865842","100151,17274751312","100697,4724019062","100697,4724019062","151830,9874692181","111948,60799274119","111584,8328340117","111584,8328340117","93268,09893105093","93806,8237045672","167015,21759589005","95947,94855331289","96651,49533973417","96556,16040951457","43917,91025044537","45931,95038697119","42715,4447909248","45659,46159868198","44472,99239562429","65698,56332727885","65135,85677245505","60867,4920877336","65835,56102777673","65260,40447986493","59994,47159341837","65788,48827257089","64598,18725081565","60590,31863878159","59882,8752797587","63570,24079654724","105749,5493174454","106789,38089830252","92225,6568808714","86990,50650316633","81739,98585448334","78978,33213039301","78118,57001606147","79029,47181280066","79623,55191433293","83474,71265862432","83173,51933433465","147612,28031460455","72835,75781836973","72461,279657162","67615,99088921263","147233,8946072055","154276,62646116078","147233,8946072055","151550,61587384998","151431,92431601463","150403,7768861834","78812,68855567902","89684,76605491692","85619,2459303213","68130,24651318725","73422,2415950709","69252,96323446164","132286,77668752376","131795,3392256459","132486,41796868356","118592,46299833148","109284,11266798453","56772,94030456897","50591,192570859836","70347,86034437203","65728,10142946025","69361,688061065","68802,83135347109","69527,92461396875","69384,19090050734","61658,87857110628","43032,33305599171","85684,77343355895","84197,72611517432","26779,557695864478","26262,914527159453","105861,5372976819","105861,5372976819","110324,72736918861","40216,28122777744","40389,69439675821","38525,50625442408","118323,98195557993","120154,23216067051","162519,87909253614","162519,87909253614","147786,41666154301","138375,51343776166","85142,91193612253","88909,7861854828","94242,8637358872","94997,16013608972","65572,74309622838","62764,97693150624","9006,421434037176","17153,130898731702","37717,77845809412","29286,965904770736","42425,09482454788","36686,85089330784"
835158,"23146,038122824615","22603,973275708697","88175,39451377108","88809,70461230549","87857,73647427869","52454,18836460952","64198,764860440526","66713,74798379673","5035,609466166607","16270,628261376594","41385,21198217836","38558,24874922909","40784,09108214247","44437,81498886241","84052,0200449294","81932,12578987952","28044,96043548223","241243,39806358796","107318,55797200605","108461,67100820168","64991,26530357031","54257,39023463686","54430,3767606727","53905,27774280034","56781,94536694392","62654,90162022444","131236,76475133921","98815,99901628007","81333,32109718843","82784,28342943036","77844,8254156278","78123,32227735891","79543,60380570054","81148,03314107718","78501,56760770908","36897,76711829117","91258,02354328708","88611,461631903","91037,34344533055","88611,461631903","130089,56533306633","84966,75753019244","83451,03641391137","81723,05146437362","79950,51816095375","60021,330548053986","66876,78639223512","53469,077072965985","58304,884390059","63575,99214261968","65911,66242918876","60881,08821245426","58592,81536401308","31910,81226169241","31004,514865363417","32678,97446850391","32504,578755416976","31345,868009394282","30663,84732932827","115837,79095278155","116928,46687777888","117356,22935432631","116184,48485656871","8830,152246633772","9589,849769129463","52911,08135633701","26052,767503928655","32100,48925657525","32966,24710521553","82610,66389033213","120153,67532321787","121900,94771923246","118409,69045259792","62542,9257590115","60433,25271156146","120178,23934652154","118315,62606490575","120236,40208277032","37252,22450180578","35547,77946178112","35547,77946178112","164964,9711671853","78106,27263269316","100796,92400880059","101159,00812065015","99347,65939736432","96514,70709246726","119418,49045329887","130812,56905372985","42651,84960379892","128262,08627452295","128154,78417060223","74812,24126976589","3153,798414181722","12610,817758894085","105693,09918431095","76632,47620202554","76753,55965768953","128233,7114506504","49211,66986027608","72414,94446742153","73724,59631880898","109337,94696080778","46763,335812300116","50225,2872157426","47620,3760589659","52684,840055256485","56907,40338633776","62334,94634415162","62533,465379108864","92045,37209105368","92513,41686669641","90760,7262732098","89607,36333154922","20753,51774809629","23228,169280219376","20520,699915515972","21244,68098019836","22262,670541365194","109704,10928542509","108200,32068614682","63237,10888717678","63237,10888717678","68722,87259482847","104249,7302906697","99694,59023125246","96902,3970106852","93785,18968584466","92784,05299611222","42889,68638979981","43902,664355509434","30116,004823820487","44329,86792608507","85171,25001677347","82543,87070654114","82543,87070654114","77934,33958284577","81601,25244284284","84974,07756325851","78359,53989132842","82375,81950647573","75251,90337984123","86290,5197644864","85914,00476900469","87415,85557149856","84154,29443069024","77894,93929734147","83609,13565241366","77828,80237645269","83427,87973348412","88248,2447132456","74153,78497329443","79847,59322419103","81787,77349120278","83672,07117729411","84803,92516395602","80902,91848286868","87155,06074787353","80178,33675149702","86049,48666630186","82460,13724790797","78375,79437999387","11198,121302211961","0,0","11092,10711376025","40639,39427710809","34244,41057350183","40079,354315746525","27322,275916653296","33703,747764999556","33062,904691469346","45896,3055127013","144287,98269369468","105302,07588162676","101745,48835626176","90207,9505141223","255088,9476213774","59564,82481224785","60003,80372818837","78854,93133357272","77607,04120034423","67999,47415510025","105602,75833023152","105588,39316963597","41753,02851144325","83573,66015728918","81256,26428075971","92552,87056063548","93680,03323445706","93558,74809517701","94111,14661736242","94111,14661736242","141048,9317917738","114797,09248409941","114546,55388768337","114546,55388768337","85754,82598558134","86204,91820978535","155876,86168821194","99082,73998252377","99803,24087535677","99661,78826836223","48462,727604622814","51329,50636294594","47543,24345819119","51076,52427397515","49639,78696929739","75775,29168159564","75139,86594133421","70645,85067270642","75106,14564269522","74568,58337194643","70074,78881875788","75820,65225046132","73599,77118618389","69703,35662265458","70263,76863055737","73631,01356849205","94552,4252200334","95591,25960437549","92583,8937120395","96249,3437272025","91171,07521569756","87943,95909741173","87624,76732317313","87954,27707234581","88802,1013925929","92753,15898924542","92304,37535708178","136556,01390448076","78643,83863902582","78387,88129611916","74601,61673044655","136438,73348073158","143394,59946872856","136438,73348073158","141269,91806625683","141136,60189322697","140079,6756164502","68308,62089839544","79002,81912696258","74820,08270141648","61007,63049048492","71036,64393906768","67242,41823131629","121556,23859909478","121047,53785249684","121733,22254060209","107492,79759990043","98210,32534009224","45734,012071988596","40098,175258544354","77871,72534063946","72201,26711435869","77681,2733507965","76345,4533062372","77566,80033308658","77477,753158424","69340,96528004835","35602,57259900206","94294,758559293","92852,57160481004","20752,766778581492","19906,74735213797","110175,6085549334","110175,6085549334","99492,05638790963","45662,32598688054","46182,71702220733","44069,65924296072","107741,2356520948","109560,81132740968","151944,77995610016","151944,77995610016","137015,53735448667","127744,09330459629","87791,38070137701","77921,24349190494","83235,4951615944","84000,88683200527","62019,592765801695","66050,27394099571","13166,81545544139","23786,524363282482","48786,201065039466","40371,73539775746","53521,837536463565","47792,299576143974"
835155,"29746,447820644793","29779,873114122194","89628,35502176607","90578,42562177613","89635,86488914055","61102,85926695601","73393,06268024433","76001,78556379452","6073,645528263017","11503,44579560432","52080,04184855119","48668,42796926014","50584,35810798553","47343,36140960626","80047,76184247731","77745,85751596693","36994,830884230636","245854,12289377715","113775,03180499184","114997,4729949926","53924,46510648489","43188,4470879534","43420,282148098304","42877,91858983018","45759,859410908575","51926,77755919855","141674,91753519455","109261,3432218007","70559,68122249944","72231,09131120698","67081,45204816085","67314,13853783249","68687,39436385741","70311,29591321583","67701,93066645293","42758,249708331605","102273,91291579732","99617,9899578284","102127,10447467031","99617,9899578284","140367,2609013917","76746,90848501334","74360,16695795619","73279,97640217406","71458,6348079605","66250,67631591497","71585,19436600155","58653,98962402693","65952,95007239436","70329,38657710134","72679,85393868214","67192,54193114607","64608,87672607762","43002,91891284458","42094,55820099174","43760,713525772386","43178,58350197059","25923,350715610304","25528,058888862182","126924,90479652953","128015,1653173955","128445,82427975579","127267,28029667598","15865,522578681324","16543,579068993626","63337,449504051474","16304,505441186131","21011,415616187147","21880,058943162196","84364,86190675621","130954,98782053441","132689,30536444526","129224,03171479456","54005,03581314784","51951,286346386616","110690,39616143944","108772,57612063391","110777,58166143994","36481,01112424142","33689,0078704965","33689,0078704965","175814,4233999461","88016,76622018476","90025,28628039856","90750,68240262724","89539,45336700535","85877,50800462572","110357,08284767593","122291,55933794547","53743,95615532931","133873,60093494967","133790,80729343847","71095,25744560699","11239,342443214542","22617,68265377391","116011,62458022374","87318,9052293845","87349,03407043786","139319,35576946777","59970,04925524971","66435,3563083201","67959,69242867235","103284,59427042972","57815,34011479104","60727,31629419133","58707,947343295455","63238,92871863035","46805,88353697655","51601,451134498","51800,55285996736","83989,01547439845","84097,1710527671","82370,57760604758","85460,72419986795","31315,840883264864","33791,71373723699","30861,58398841916","31632,599290825714","32851,467690649435","120782,32841264334","119273,03592694733","73834,40348714171","73834,40348714171","66145,64500588652","93458,51749141056","88770,2676235649","85923,63897008814","82908,2602266138","81867,79090410424","35719,23524710153","36750,196973501406","21273,83600382322","37187,5053119304","74299,86197583559","71533,92812301357","71533,92812301357","66852,38283046175","70541,30262343498","74012,89788753388","67491,19459861475","71474,8441616666","64177,78996202682","75260,91678534055","74991,7518258302","76431,80148607465","73254,76076925524","66809,49399001649","72658,64612375725","66765,80295038168","72368,81967468678","77248,1204336909","63090,764118983076","68926,43277183324","70703,87815776271","72771,15263229137","73763,15044454302","69881,83397449959","76225,4069553366","69145,5051441803","74991,42288208054","71391,79365054927","67313,35851740706","4799,800528686408","11092,10711376025","0,0","35858,705873200415","29101,17250940619","35203,17781734666","24310,631473164078","29446,509874074123","37560,507826317014","52171,34787772594","155106,74632854166","109383,10597447648","105738,80436794716","90370,16680893872","260202,18165623635","70656,81221527045","71095,9096918989","86517,75858452856","85045,7922926842","75465,68674544904","116476,48250259747","100224,4314419242","34709,23062989759","82093,78107006665","79889,2690348433","100363,14483839163","101462,55775557517","95823,72262584006","96367,97991629619","96367,97991629619","152025,54080458093","107641,83226661645","107300,97831708955","107300,97831708955","89191,59572175218","89756,30277887634","165483,76028744702","91686,84594007031","92394,74254380948","92289,4547750762","39884,53432493102","42171,693896749384","38758,102954549046","41904,53620789695","40629,84949678955","64684,846919466116","64047,80378751086","59561,8027333935","64104,97862009967","63558,61357523536","58985,18787057049","64728,91555479333","62666,77904915757","58736,228686040355","59214,4443623559","62540,18237080599","104778,79373622246","105758,2687253048","87536,90625948977","85262,71565259209","80143,88269628075","77033,10454079435","76581,97188951139","77055,89898456774","77832,0123829784","81760,21786374025","81348,84523565201","147280,791060062","69297,3339831412","68965,4898583669","64545,24819535476","145005,36875589882","152171,7416326897","145005,36875589882","148768,45607923952","148662,47090812854","147660,28681046225","79387,5074887345","90037,65075074919","85807,80719234968","63999,305194036046","68629,20313511953","64454,43105869573","129984,78472843707","129515,9891656196","130213,46301172077","116965,80527327993","107596,6334364568","55127,59215960032","48237,335254324134","67539,41653121354","62432,07785475395","66989,40996498865","66001,39730056986","66992,72471160376","66879,77467771953","58916,68676025523","45547,162563407626","83507,46351955459","82047,9796203172","29665,626409729295","29023,137715563193","101896,26553979503","101896,26553979503","110450,3584578132","44967,07534760439","45112,01252148441","43272,73056938708","115863,35574440558","117703,11077064884","162997,8719973696","162997,8719973696","147998,624998035","138784,20939255","80771,43263247714","87063,89644208274","92424,92511805517","93155,57078370755","60844,54140962252","58484,823647860205","13552,263441705298","21909,77645407711","38330,561868013094","31492,49819474221","44471,65025788593","37431,879880707835"
835130,"63684,4676720578","63229,03789065616","125311,825803438","126335,22401668991","125396,3478017689","92335,32003683141","103253,04881497957","105578,87893623413","38424,294300356574","46840,97678626696","77109,83149821368","76556,50262241441","79370,21129943663","83151,88643983119","111269,23824353228","108764,90251878122","68137,45465550588","281409,5545087692","147957,24915030628","149097,075920226","52385,01186874194","44666,74969369366","42743,77001128887","42882,46838490616","44676,197963814746","43609,44467885819","165645,85119784228","133702,00404025428","77477,00818235237","81467,57937800606","74573,2106234113","74157,42756254693","74656,51319205476","76371,83113021486","74627,24662874138","77349,02881235768","121416,02444880921","119036,47234481417","117534,3299824418","119036,47234481417","165294,4990545076","98415,4533685863","92746,46880397013","94395,82840798353","92536,32247306664","100628,87936605346","106967,62306099194","93750,07897704434","98768,94293820937","104212,90641805026","106546,8686902596","101500,20917876404","99160,4319865568","63837,34591329056","63452,60317251962","65339,4348236374","69018,8816110034","58708,762216682015","58665,364671986135","141149,21661940805","142170,12661045697","142882,2602117051","141155,44514905423","49120,07347087176","49896,43931324916","89233,36946884262","43952,69333553671","35019,137843369244","35019,29239088775","120130,76728126689","152250,03079185856","154081,65177197312","150418,99082242514","76626,2912363297","75013,839392293","124814,45376627639","122676,21837030804","125058,5284193206","71869,56719921388","68673,60739120815","68673,60739120815","195917,83461327775","115412,16971635002","95063,38804007389","99672,30156199013","102978,59677260395","92902,77577418026","126699,41259722224","140583,14161194628","73151,4744511724","168804,13422930308","168703,09405703243","102994,35249795465","43159,05954238885","42116,79237082242","141054,64263533702","110709,4740526858","111382,75946536168","155092,8034944366","84053,75844415971","94778,23936299159","96649,34506314939","129929,2688610457","74752,78448517856","70928,98354433801","76897,47981839617","73488,72998242821","63398,635970394054","61971,825611724154","62138,355982237896","105766,40782943464","104567,4724564544","103047,71555357164","116312,65353792175","48987,32718830582","50601,60610665691","47579,921707525325","48274,94211206484","50128,91621702967","137502,88241018806","136293,3279627755","98332,21686739055","98332,21686739055","99519,2943205881","97964,39741627655","91488,37712051133","87744,81498790743","86982,6748936693","85351,66556909608","64457,635815326146","65375,79363863475","49459,32405324691","65771,8653609421","79348,88207138356","74086,87037228247","74086,87037228247","67118,34583556683","71540,5086612371","77434,67116703812","73426,40753207837","76357,2638996072","65371,503424023686","76795,61330681054","79078,18894256408","79065,80193723466","77950,13489046232","66778,90621750137","76463,79076209354","68144,60379630254","73174,81816102381","79396,19183712086","65025,35274346101","73767,83734435122","70278,92557258342","77499,08106503084","75104,50657654027","72332,1362187851","80035,05769541491","71334,0305847169","75525,84093703605","71884,55577144407","68639,7205374888","31744,190542597018","40639,39427710809","35858,705873200415","0,0","6764,4709800816","712,0727773927349","13691,655370693104","6980,189395930739","72859,20570577445","86485,51439990323","175823,6799658784","145065,24610484135","141442,27168741592","125527,5605600862","295504,4651357662","88570,1344282539","88870,57297941553","119231,66052350609","118084,27568622248","108494,18749753798","137299,36248062982","128477,03937155625","9220,357962726945","116185,47840582661","114106,7377932615","132800,97393955055","133941,50038978865","131653,19677374282","132196,07514448374","132196,07514448374","170678,3023999703","131230,35724100482","130631,26175994515","130631,26175994515","124996,686103701","125542,82959640167","193181,77573031976","115191,64813087042","115829,01661761796","115837,59069797897","64405,680725513004","64265,47171034882","62816,83909607141","63992,05772004325","63562,76144742301","63025,676025884095","63033,43598517817","60830,16640288534","67910,44297514381","67217,46327627022","58151,534805929565","63407,09777136086","68174,77962135649","64203,16575654776","55821,650245656616","61308,44139892961","130493,16398114435","131741,43206687373","116791,95788119694","86956,26973827404","81226,94895137874","81105,32917902319","77528,28072730603","81347,56707203442","80635,37421497842","83626,81525446294","84109,50739894758","169035,0564855499","86939,73157876522","86265,29429155533","78688,18359126672","175818,4996754186","182452,7247773821","175818,4996754186","181596,5472672693","181447,9766267185","180360,46109859805","97820,28422536959","109262,09027136124","106111,9599593271","99831,93900080376","102110,97703721521","97657,39721682509","161160,9235636257","160608,39019202028","161277,42836648258","145491,82357774122","136487,47465452223","84860,05976096934","80475,56796116897","79296,81495512163","78599,71387327535","75369,59880541272","77851,10780826211","76644,11779145943","76301,76454882043","71070,4103693812","55331,94207571746","88881,93087441822","87313,94295441976","41600,8333088419","41980,56951261853","121947,89977574503","121947,89977574503","130322,8965335148","17362,383858179324","16302,363835550925","16130,003530543554","147704,54746965732","149499,76266731753","179747,94880124013","179747,94880124013","166607,92549493807","156363,83763788102","105883,85521103819","116867,0776848663","122042,32914209843","122857,19988460092","95508,89270013891","83643,19356230789","27774,24190326325","17625,051071429498","31510,957468393994","17789,071409893582","24246,536377303404","30114,143186944508"
835142,"57176,32140509041","56775,41868499258","118553,9005470371","119572,64815602275","118633,57120761405","86291,13967764995","97451,61861905677","99828,74588755409","31806,061281907132","40083,72941791766","71863,46699654411","70900,34378879411","73610,3291480168","76411,38293148583","105037,48884281557","102554,38114688573","61987,94988184254","274736,2690709686","141527,58898832303","142682,36845795187","50505,87420281915","41855,97444586582","40246,713550505265","40258,31992166971","42366,64192316965","42792,33169602551","160984,6230934177","128875,43132342928","74660,45815804046","78313,05348231854","71606,92933079276","71296,38566283272","71958,01180785884","73687,258907648","71760,34202077724","70792,09737962496","117429,49347009856","114990,48437300773","114165,68282562617","114990,48437300773","160467,27796951626","93466,0613705437","88246,94241269663","89499,07854496983","87630,5867382726","94132,93862159461","100312,14138154684","87136,03237744675","92507,95141724548","97797,89678530734","100137,25817378113","95016,14801003628","92636,0640750828","59005,44467003087","58538,27972981316","60428,49232594306","63567,90854446521","52139,772511991745","52068,46076535328","138112,48001395326","139150,18262147703","139815,46337928122","138178,399376987","42596,26189476137","43370,96139751838","83961,86105156186","37586,01238218976","29510,418708823785","29622,45167458527","113367,65660195453","148017,23238649612","149837,41973699813","146197,92841845352","71352,00383919981","69662,22900957726","121227,29150450419","119114,0325823383","121446,3848174267","65125,67384185349","61956,96879761929","61956,96879761929","191997,81715751122","110038,99833932663","92817,43449117879","96787,2397859887","99357,61975935544","90278,44245388928","122753,34087473499","136377,7847027079","68691,96983149342","162247,2728983542","162149,6090440388","96659,42575125661","36660,05492261933","36766,566884992615","136149,40801228772","105960,60042736006","106533,02053552112","151836,3439578986","79013,65889493865","88873,5335402321","90707,01171254707","124383,38735294025","70704,97524444705","67931,33809800333","72682,8474482419","70531,73024835774","58759,07517054504","58253,24915762534","58429,30792574054","100847,35402876447","99839,14662141084","98278,07304754424","110139,7550844327","44191,95155524902","45990,68747580948","42861,30142683986","43596,56459939004","45433,09788540983","134010,686255774","132743,51731126537","93335,80670490867","93335,80670490867","93000,2952434087","95845,56969342775","89624,57764538091","86000,62780957524","84813,83575651002","83268,50035385421","58310,46873071911","59249,2801854785","43167,65007299783","59653,470090068615","76893,46240330466","71995,44636391933","71995,44636391933","65314,13339030191","69690,46600078409","75242,49334953472","70711,41644669326","73882,19744365927","63351,011913630195","74941,58783325957","76791,99883740535","77045,18502240696","75535,55224193605","65023,693173033535","74185,17841384355","66152,56745734219","71392,77064013286","77470,83506451086","62857,67767298446","71253,88268886966","68674,57211134437","75071,14548341339","73257,12413738943","70226,55516892961","77814,35244356256","69257,37039088788","73838,03738731399","70137,05287203359","66668,27622301652","25035,527831679745","34244,41057350183","29101,17250940619","6764,4709800816","0,0","6102,235109296623","8380,613126452385","2783,3926621377454","66198,76983944587","79981,71598829127","171753,37300383378","138357,87441098987","134729,94502017324","118820,54832113931","288886,624561558","84543,07117496399","84869,32026488756","113021,2656879051","111820,34697774972","102218,13455174227","133097,41552669328","122692,63774669908","9722,904475941667","109597,8000151262","107502,71666720885","126653,11525560827","127788,21918073381","124888,86970870178","125431,71289374905","125431,71289374905","166959,5715012166","126149,41614011468","125588,01197885915","125588,01197885915","118259,25393008335","118810,21778812514","187916,61851758658","110061,43099974119","110712,19900985417","110703,72213309113","58734,60784867852","58893,33172153045","57177,72473855239","58616,15978847802","58073,18018275312","61496,22489652083","61378,174799312736","58679,05377708913","65465,058383962656","64783,28857353047","56326,20672492318","61821,192316882014","65429,744115203815","61373,39067225996","54433,37575125294","59650,5164416359","125444,26666622645","126651,89114587245","110837,54080802994","85225,51674082858","79529,09807001762","78853,45679046388","75797,10402173785","79059,60157721465","78608,30710115744","81817,87251654951","82141,78696237727","164767,01777073412","82497,53357365687","81868,32991763283","74687,63001280528","169991,8944339059","176724,8826767175","169991,8944339059","175422,31466870633","175281,176378182","174208,07185305035","93795,5264020759","105190,74840437177","101840,74651603658","93085,91826889307","95582,65989109597","91155,62071511381","155257,14978721208","154718,32252776678","155392,94185455673","140012,7433882912","130929,46567052117","78999,91396240063","74246,42285799052","75689,23386559321","74282,85675639044","72264,4370243065","74206,58040513824","73344,79057058894","73035,4266792371","67262,10079947945","51999,9770303494","86502,9549905673","84934,34370536632","37279,03523797586","37524,90190337258","117380,30940575109","117380,30940575109","126254,79700594883","20931,568604282413","20269,311291504902","19391,12576317173","141673,3380157689","143478,0405927122","176390,98898134127","176390,98898134127","162885,86527114845","152792,41950821536","100474,90704902964","111114,96682587905","116332,98313042632","117136,27984862421","88842,70494392779","78093,33993248461","21661,61160338407","12268,919656685859","29493,63299642933","15443,942197466153","25296,17314737216","28070,626479027836"
835196,"63105,36813970962","62661,21625766374","124634,70059716253","125662,59606155373","124724,01691390388","91843,44441125018","102800,57694552638","105134,43885519658","37817,46664351413","46164,18977645316","76734,38486058649","76122,88621018582","78921,58385318735","82507,34762094413","110557,51021622404","108053,36087584248","67625,59735592044","280791,4409455449","147397,6800103853","148540,57757745322","51928,787481918574","44131,8782122388","42231,22084528098","42360,314700174706","44179,796461997306","43238,439698470625","165357,6820761565","133390,04041590422","76954,97245442493","80920,59999053228","74038,96301859219","73631,14297231271","74142,99322979822","75859,839610154","74100,62819475916","76759,91133657441","121209,94216366592","118822,80199266732","117401,99342452336","118822,80199266732","164984,36390286832","97751,85101356902","92108,63672417878","93734,87280148988","91874,74166192347","100054,2520881136","106354,03808344674","93147,572902849","98240,23178185098","103655,21681785223","105990,34230688316","100928,16168618367","98579,5128624616","63513,609793689684","63118,04348063513","65005,920207821044","68613,33689163454","58002,741067446186","57961,022949344624","141058,26294853736","142081,2111916518","142787,99083216552","141071,38267479342","48536,1638588522","49312,271014250306","88856,48051038358","43241,16752868677","34322,15967417063","34326,34024521572","119458,98619384706","152016,04888658575","153846,3535630324","150186,35821574714","75944,6288663566","74328,48869475417","124240,71467034589","122104,13639923342","124482,99477290547","71185,94588571732","67982,75993287262","67982,75993287262","195725,15966373318","115023,8379399737","94590,69839667241","99148,94682567609","102400,49109991315","92398,95453246072","126100,34205747388","139967,21153893892","72878,02854745295","168216,88601837296","168116,64587772475","102282,3150215916","42579,42427859337","41714,92841711798","140732,6977689092","110405,6431579405","111065,7171954081","154977,4586212796","83707,56870115445","94072,74087518068","95942,83938720236","129237,3881103999","74530,66995844895","70829,02171225967","76655,54028756428","73394,35134750302","62748,804228254165","61379,79644073774","61547,02485844966","105104,89421211756","103916,78897427705","102394,53015942805","115601,5778360137","48661,70991656543","50300,1096221322","47263,126360347094","47963,62504032054","49816,51715118471","137358,18428580693","136141,65108572767","97994,07080601004","97994,07080601004","98810,4903821202","97502,78641878333","91047,12958241871","87313,02390698362","86514,81916847815","84890,59086726462","63746,52044759167","64664,96542205355","48747,26601190131","65061,15955420058","78855,85906532199","73622,21536534472","73622,21536534472","66675,46021294895","71095,29688879348","76962,61874255937","72911,27307359925","75861,91294348337","64909,806064535696","76351,67491691116","78598,83944801218","78608,4387480682","77460,06185588297","66340,05278688307","75984,38270079404","67686,29769977849","72735,91000883229","78946,92877143786","64551,380487150695","73268,68152402129","69854,28978141048","77007,81580381494","74660,63782261463","71865,7770019483","79561,32210377698","70869,75568114103","75095,72919481914","71448,17623009795","68183,30903481963","31111,19225002916","40079,354315746525","35203,17781734666","712,0727773927349","6102,235109296623","0,0","13233,447300893911","6484,307794248307","72243,48668333","85908,66688708556","175611,43659155455","144435,1660557422","140810,31061096856","124834,2842545867","294902,43234037096","88354,0129020475","88657,6654112381","118712,9430411817","117555,88568998169","107963,20209020934","137068,1215732847","127775,86633983014","8806,932536842536","115479,83662275969","113402,16188630689","132293,716392001","133433,3401468292","130987,73452993379","131530,4011809984","131530,4011809984","170508,9241988326","130561,03459350452","129963,9499976189","129963,9499976189","124353,87763625992","124902,3268138619","192812,60981511886","114519,17910275687","115157,27143605979","115164,95587914146","63706,66320949842","63578,33366291111","62118,862999682744","63304,729872811484","62870,60002905508","62604,645740617976","62601,583729020735","60355,85337758359","67415,00187016746","66722,68839396613","57702,98427358018","62981,362403030165","67655,80199191325","63676,36997521327","55409,240495317856","60875,589679351426","130151,07181278848","131393,8779934546","116085,3841408886","86525,45771961815","80797,57507189548","80629,2907603752","77095,03249578415","80868,6254039328","80177,8745895562","83188,51445771621","83657,84128460422","168797,65326769406","86304,86654633716","85633,16623248006","78080,6521803439","175365,39660363758","182015,1598974852","175365,39660363758","181085,8609904447","180938,59920639548","179853,59494068552","97606,21533051095","109044,06054566927","105868,66760689342","99184,48933451428","101402,50911888914","96948,01429966358","160695,156832685","160144,80045544874","160814,7493458902","145090,1386816461","136073,77361248253","84396,80425725423","79951,31217143884","78716,39529320538","77971,66638445381","74825,03268686295","77267,82057302693","76085,41071974508","75745,41232965217","70474,4590391431","55186,09704214907","88397,17259407724","86828,82217927667","41328,17529593563","41692,06306724944","121307,8460113895","121307,8460113895","130107,68777098294","17857,364639377443","16831,71131950972","16588,846405722306","147217,5699427322","149014,4168968436","179622,39736418432","179622,39736418432","166437,89533636035","156211,25840025992","105197,40964369413","116423,12681585559","121605,20388478845","122418,36604301055","94809,99631063922","82949,80050582315","27254,438779243217","17183,14130258521","31022,763668210162","17238,661473739958","24020,165796875684","29621,522566570544"
835197,"50465,403640845805","49910,12254900896","113770,55688016716","114641,87448145325","113695,25410013882","78660,8317865666","89567,53113024465","91901,3863805235","25701,304755399447","35777,38522709176","63629,97675230095","62895,53523564467","65688,13876937366","70834,34713802522","103117,88327918196","100712,82144556289","54510,02511988066","268506,2520522816","134526,72590293363","135647,35008694336","56102,508045153445","46673,59303270568","45431,97813552997","45312,505638843926","47692,46863143188","49379,355573721834","152621,6040851414","120534,63064430085","79022,50097656515","82243,78463060161","75820,28467394723","75635,59036175763","76476,87376676696","78207,31827096436","76088,65647223215","64204,82773382869","109074,1369726684","106628,49549300334","105941,32381340042","106628,49549300334","152129,0805838648","94607,89648108314","90200,63920001108","90761,75440026277","88889,49184205124","87325,25447806786","94075,36412960645","80732,38551576415","85191,68696429547","90783,47531388598","93109,05387159012","88175,15816134511","85912,02800725946","50651,7758858496","50199,277524074525","52089,6677773835","55428,3870497689","49271,42809039216","49047,72466875243","129983,53662136136","131026,70595308531","131675,32269718466","130070,77884688339","35997,554918526745","36773,211251317174","75742,8303082522","35942,79210404646","30684,503529463163","31035,13794832502","108422,33862777344","139639,09579243156","141458,80140261215","137820,33998566648","72040,00349429814","70208,53885906862","124376,04077702815","122304,03288591906","124560,40990450855","60788,23292232119","57967,17976663365","57967,17976663365","183643,95655012332","101871,78250240767","97692,25418023532","100928,21521421286","102552,64595460551","94754,59257049776","125392,69275901398","138586,6279178013","60311,36584847392","155581,46183163286","155473,1484826622","94427,35082700507","30021,410630083737","28553,01518704692","127825,03327553543","97604,73432795961","98193,8688869014","143630,9549056644","70712,78363064725","87978,29968216944","89701,33091456437","124188,51717102678","62353,486631629195","59888,646544478404","64311,92782884742","62500,505257425386","60773,93124185192","61665,55476111423","61852,04447196696","102003,37770651652","101338,79742677006","99714,25062574536","108385,2072016479","35826,04340356079","37611,29854299423","34487,03118169063","35219,758004159456","37058,082018912646","125745,62995191806","124464,77573285832","85026,91424710848","85026,91424710848","90050,36610016771","100838,47241776281","94904,40201039378","91415,30101922734","89812,36590051165","88363,93850369801","57005,010338925014","57994,95135739384","41653,93482112501","58418,59307908994","81641,09205451404","77159,56609133528","77159,56609133528","70813,99399998879","75109,8380788579","80279,60432539663","75222,57336689332","78631,4921956218","68661,09759635516","80317,92994653496","81720,34768089654","82243,34955703898","80337,16458578705","70572,19239746846","79140,69541367466","71464,29173799152","76863,81635639186","82760,45060856675","68026,48929793751","75982,58843448682","74332,14978657555","79861,96240067008","78651,88459390795","75390,61011003757","82803,7203706214","74458,4516854272","79380,19804876616","75650,35453427659","71995,542295859","19704,23633372828","27322,275916653296","24310,631473164078","13691,655370693104","8380,613126452385","13233,447300893911","0,0","6767,00034839805","60058,93708055991","73212,22685748278","163384,65924535337","132383,04241599716","128793,82883209825","114678,40063584993","282407,41346187354","76189,37617521366","76519,062354303","105615,72148734462","104502,13112316611","94924,00866333222","124721,24149146459","121949,70174355431","17964,960642889604","106252,42318929179","104076,42695404893","119152,94994362922","120295,51831433423","119737,72074675318","120285,69170782","120285,69170782","158639,02859533046","126899,39799123611","126411,10084910593","126411,10084910593","112561,14744883063","113062,06945663417","179708,73308991521","110778,11572997514","111451,88734490787","111410,58460271712","58706,24784656956","59530,646585983624","57247,92424705203","59249,63011405199","58469,57833259852","67283,14334807222","67052,83962685666","63909,49671186998","70320,35801121709","69657,25948740047","61897,808160575485","67554,47792178366","69957,39879017996","65849,48891544975","60416,527694754295","65339,93488087054","117155,0940233492","118375,08054725052","109703,53720869559","90657,20247578487","85024,70949104305","83803,31416820193","81285,05708685558","83970,29245940338","83789,54441639164","87193,6397011033","87360,01051420052","156387,40349305703","84585,50794913774","84033,66289583953","77517,12444688336","162132,59868793134","168784,13332295013","162132,59868793134","167954,64216114522","167802,93755425123","166709,73671320215","85439,70843482424","96827,3980512059","93462,78601523052","87533,06671888211","92578,68329525743","88291,6207844059","147469,41658554415","146917,27257896727","147586,54599477438","131904,77520205462","122867,42392773811","71168,87441568915","66886,05966666654","79059,13990706434","76639,07281591298","76305,62733397761","77539,71332562825","77136,17536440292","76871,01741125136","70439,14848117041","43865,416595529336","91270,27106365678","89710,26109957678","28915,89027306188","29148,78903206521","119073,35795925351","119073,35795925351","117889,26987624392","21036,333997945083","20993,096461045276","19330,837605468114","134022,51765791356","135816,09925782672","168151,32775982225","168151,32775982225","154565,21904427002","144504,16303122597","100674,27001742936","103190,13917496394","108374,71691483703","109187,03860634763","85104,96161980604","78132,18463360316","14239,007528172084","3968,023486542697","35443,427043432435","21958,61908111331","33195,111255131145","34051,304816196825"
835209,"56786,877604757225","56304,09647013385","119063,44439131115","120024,74111413799","119082,29473483464","85361,8869031485","96323,51871299844","98662,67723663202","31644,2348794835","40667,057715879324","70364,71452085461","69661,60717846824","72447,41183922316","76571,80567876593","106493,43075132923","104030,9886737882","61157,27919113667","274641,71456012374","141012,12178732286","142147,14468210825","53278,50128075481","44571,29807529339","42990,893928385085","42992,46521385389","45121,863629123196","45566,41654119825","159209,27996243406","127171,9705644232","77352,71512020951","80959,91108440548","74282,49456259531","73984,95360848216","74664,3780743043","76394,38258281928","74448,00173406546","70478,4207224311","115378,8346780142","112960,45817071843","111917,17798850045","112960,45817071843","158768,2649359581","95664,91008812186","90599,63730970894","91719,86702185102","89849,31480236903","93715,36869501212","100188,38560535363","86924,70733312514","91792,4939110569","97265,92484070748","99597,99002202111","94580,7047115431","92262,92279316857","57280,248307699825","56853,58137887256","58743,42833055404","62189,42323222543","53243,47388966108","53123,94132051314","135779,18779252184","136812,7870164163","137490,20856584053","135829,99237495277","42241,04651670817","43017,87735388319","82481,76308464364","38999,86394169479","31585,154935964154","31750,300054865613","113811,36106320456","146062,98462616376","147887,82809112192","144238,9188772201","73435,63718832677","71712,49759453","123787,00726384319","121679,02682673027","124001,23148192273","65760,40844862422","62710,66556149293","62710,66556149293","189934,97862926903","108624,49715116662","95558,63027544337","99463,78236715742","101917,43272706076","92986,46374887082","125237,17392190902","138794,3350007498","66804,74367476843","161920,69470156403","161817,33022918788","98018,75590654396","36270,01478929519","35304,639909726975","134485,07277622307","104216,02303923125","104836,30463529566","149563,73104692527","77404,43962564437","90596,59513374566","92402,86954711242","126301,84939925256","68657,93571956895","65563,00735828909","70699,43879078366","68155,06572724963","61095,471213701516","60819,339045411085","60997,05229740932","103053,43237333259","102113,02063662278","100538,72757816126","111645,6229491471","42434,31199435808","44148,92202511604","41065,02074265266","41782,46618523676","43629,61572876648","131802,79265801492","130552,76706325042","91708,63707598104","91708,63707598104","94137,09987522321","98595,30183678617","92389,92049237812","88771,70011198247","87562,15228795039","86022,72650344997","59884,46555033154","60838,991945182606","44642,27345232737","61249,21668192993","79621,4319147318","74751,62817052614","74751,62817052614","68085,97462081173","72459,59275187878","77991,39971462834","73416,57311397525","76609,41321690618","66113,46306171222","77709,58992042571","79533,7655205274","79804,3617211917","78267,45131980976","67797,39954046195","76928,23173767052","68915,75895448947","74164,3829268468","80235,00974728448","65611,80686047363","73978,55058871285","71452,3976358354","77802,05927703684","76025,71319151377","72982,33197608827","80560,63135017651","72015,11975388274","76612,69774584722","72910,17001140286","69432,38935068928","25141,345114467615","33703,747764999556","29446,509874074123","6980,189395930739","2783,3926621377454","6484,307794248307","6767,00034839805","0,0","66098,70070145604","79578,61802387092","169741,5783776767","138369,69284152318","134758,75855676376","119570,17471275096","288667,3617558733","82496,01430712557","82813,1690897164","112251,87790317433","111107,53504769932","101518,86193186426","131128,96373004036","124475,45101812173","12170,044931289585","110617,71173493758","108494,57929972855","125821,39723506404","126961,7653202767","125254,33980506717","125799,46662240113","125799,46662240113","164827,0352102489","128282,1545230796","127736,06105679843","127736,06105679843","118390,39838003046","118919,38315337471","186446,77423025764","112180,28672679325","112836,30359476847","112820,77380823951","60635,36062363706","60948,1237557093","59098,99823323161","60669,61512199745","60072,139579261275","64276,61909730632","64155,63433655933","61435,65783165602","68197,93981109069","67517,37876169282","59099,219564203195","64600,34466681806","68134,17877832566","64070,79168252994","57216,29596173525","62428,17988783377","123850,93171866928","125080,06702281453","112513,20623256979","87997,20752430377","82302,68825574583","81597,23413041193","78569,97617192374","81800,63717516461","81366,80118189054","84586,79093699089","84902,93091281447","162828,5551721156","84870,71206965622","84254,8415333378","77180,22659310867","168887,4644300364","175548,0145904039","168887,4644300364","174616,5125299577","174468,09157429505","173381,00124301593","91751,43958454157","103167,26697268487","99891,64883814791","93268,77773463927","96704,27877174449","92318,04964534267","154212,2483007475","153662,5039113248","154332,738751079","138666,9772310706","129633,54768614433","77914,96802169837","73497,37352381212","78262,71388402354","76697,0164625424","74921,26055004918","76774,01982993192","75972,41711679973","75668,32986074119","69802,13865924081","49705,817262671124","89234,87554101166","87666,59064866009","35298,45213940169","35600,94297871428","119698,77001947974","119698,77001947974","124235,31207866444","18653,344781926655","18117,580165126063","17057,875549771394","140734,5710619473","142531,03475842334","174149,75582827986","174149,75582827986","160753,8915027117","150611,6625076618","102473,59605899015","109951,54549775142","115139,14473074452","115950,80194042761","89716,15880556307","80036,89088555094","20795,8173545514","10730,702893303089","32271,2097790264","18226,45753591023","27863,832779515695","30848,426467864534"
835198,"11186,509611388845","12634,414844983388","56149,848516711354","56498,98254951672","55549,93280830839","30157,046325456566","43196,01822704098","45971,676188993566","34454,47732082745","28757,271371954233","36441,67131119725","29072,999928385078","28134,75985161088","12301,961845066911","62510,819481512204","61070,297710812236","17600,80507515039","208551,53015826928","76518,36351638076","77788,13576696011","81913,8840621807","72018,63193590866","73357,36276597966","72601,2813584765","75319,5381722174","83737,08804957477","114978,57515591834","83710,8702275037","89167,6053629591","88429,38134237244","85853,10429732167","86599,83808443771","88451,40702005937","89700,50225230597","86841,83474991897","6914,395340982798","84330,71650550794","81617,35400209764","88941,5248340713","81617,35400209764","112585,88157503068","77510,09492926567","80086,28264136668","75549,5371384721","74179,08611795191","29210,635920584155","34113,55226986695","21104,87349567071","31318,828648732266","33802,03210394101","36110,73320136862","30215,037653283693","27408,718251925642","39399,12023084391","38290,95733704961","38525,922309579866","30968,68534530861","29260,22103032005","28328,206218610532","112748,46954248607","113836,17007704117","113902,70798329344","113459,7391148475","24233,02176369468","23473,867243872188","42104,19781453599","39673,8174064284","52205,28840452061","53047,316212875216","50389,340494376156","107996,46490528838","109515,70909928203","106487,87154006025","59397,15527642226","57438,02605215794","116436,7845729162","114967,08362883223","116332,6801925082","17465,943144487133","20200,58348901949","20200,58348901949","152385,39866886754","60132,93290202226","107363,04864958345","104365,06492613521","98581,7813584579","101955,34619228347","113482,23163602051","121850,28699976581","46508,870022887306","96315,34997181554","96233,95443672701","53353,49927586344","30136,472595831034","39121,91436553447","89232,61213744147","65422,20517986375","64515,39996666823","122465,7433498778","42899,46475652676","58093,63702530137","58522,56464875997","92147,63552888365","52391,24818645293","62642,44492259234","51207,56642010508","64267,480863319484","62446,43158712169","71634,58782498167","71803,08095073873","83275,53183675285","85233,31701185607","83511,1705930047","68031,32030695016","41005,413271066274","42396,739465353974","42070,41275164298","42252,51914457991","41678,34149838161","104110,54091962661","102360,91490364634","52481,70141758243","52481,70141758243","44951,79529144364","110860,24906867022","108251,90643630056","106481,78930820285","102000,54250195673","101595,5817865185","39786,67056384438","40344,13331130875","38613,47893425958","40575,12503083084","93856,30793186987","93543,23194943288","93543,23194943288","91303,35819950316","93871,70104192427","94945,84986554676","87508,78669877861","91642,70508877489","88442,86384249559","97473,09040967384","95233,66111982486","97619,99666129753","93276,8949149611","91472,90333646335","93502,6917547342","90443,99148803367","95556,98043425976","98698,65639890505","87031,06035438585","89576,33874422245","95025,51825654563","92846,7426344467","96343,83014728794","92240,77332766028","96501,77012897152","91824,84007265116","97991,58073508953","94956,86272223936","90935,74857458066","41194,61456108476","33062,904691469346","37560,507826317014","72859,20570577445","66198,76983944587","72243,48668333","60058,93708055991","66098,70070145604","0,0","15778,186466173407","131695,07678375285","72325,02830486845","68742,23046803297","59663,89916207251","222718,41939445777","59807,264700917876","60324,142361434824","51023,8834659935","49185,33307545624","39939,97435789202","95060,67205638188","86475,60517866861","72268,2607917049","56095,57227511657","53679,61489828128","64848,69401891437","65878,38408360587","60866,11347135398","61419,92298898832","61419,92298898832","131138,8833509926","101074,1579629271","101165,85006984774","101165,85006984774","52697,5228764181","53142,25303152724","133898,33139212825","87172,8762637552","87891,49102572324","87623,237155863","48652,87438424466","53220,73328416192","48834,25375577587","53091,93959519522","51303,859791045215","90783,07157524397","89833,21357587038","84646,49205264653","86471,0937903366","86142,21594386747","85556,5715289479","90601,30990697454","83993,31679052948","80946,82534527945","87290,89787472252","88724,1059915358","77854,291140928","78402,03437461251","73333,34700760106","106004,25055449891","102019,02008565058","96971,25837007425","99048,82857961018","96809,11170665668","98680,89786602292","102810,67578270317","101739,07389203382","122976,17680402621","77047,91301507902","77211,82164684065","77439,22942235794","110473,62571337396","118084,51077291198","110473,62571337396","112336,98620038487","112266,0582048156","111339,83888135935","65827,8902144952","73559,48705426542","68509,64125824819","28186,414238767928","46584,99521162404","44196,77052669088","95299,80068291962","94927,70636937906","95643,72161347205","85707,71671974883","76271,02799496405","28866,448437801413","18213,72978791692","82228,18822042314","73606,22892194412","84994,28836110595","80934,17792989564","83834,23047672278","83958,11416720155","75259,18833762026","54358,993395781785","101398,92579008578","100238,98196477818","46893,9250823966","45819,050758413265","101118,39624637358","101118,39624637358","90745,6614221393","78657,87258649516","79220,24222264322","77086,03887481744","80708,1798154491","82563,46985387937","143818,94857993498","143818,94857993498","127351,38250707426","119837,42725326406","75380,37985072932","55659,63412698639","60927,992550117895","61493,85161904012","35669,894016233164","58365,466395731506","46152,962952801805","56717,22435605003","72184,0381299122","68421,60406563139","80937,77512676283","71658,65623482405"
835131,"22805,775482436908","23304,966780297298","50427,755419764915","50041,138351329384","49148,31529808495","17212,209914435076","29341,9579566971","32038,050153302716","48272,64255270697","44256,59884626383","32809,76636986713","25399,19472619959","22757,50773641219","16169,014887962185","67810,47383511697","66909,52294656771","21297,46932220975","195612,4649484336","61648,172447809564","62849,7606630465","97625,5643315275","87783,09548992313","89134,51480104167","88377,40893353164","91091,45890762373","99507,9626278751","100847,00566515523","70426,3394871168","103894,94547559551","102793,1471652316","100651,52861951344","101459,00822348347","103351,07258776698","104532,39769892392","101677,53782727738","9464,24818032145","74206,89986861737","71578,73806449592","80707,49255144737","71578,73806449592","98138,97552778073","88768,02312273439","92540,06977069836","87302,05141780581","86107,95251857796","14153,092466273874","22369,894914170876","9270,765418079442","15797,215464707806","18230,91126038198","20572,634331247347","15054,8870488782","12705,29274437927","41342,58868698165","40446,443856972815","39929,259420554736","31222,640749196777","44581,431076784866","43690,082667790884","103334,50292219229","104395,24073431602","104312,56434900322","104178,86140864792","37385,66007678207","36611,327315510665","33775,94012422453","55443,85453811604","67899,15150071871","68749,39132998213","44521,19266009879","95237,38401037367","96654,51622015712","93835,53474616478","72662,47918074872","70829,95200128463","127981,11683833954","126659,93776852793","127826,60569591813","30541,928060949012","34161,99142690826","34161,99142690826","139003,79332549908","46567,39781509388","121651,08503932637","117990,52262520786","111318,11040369775","116088,58465941338","124344,85256090917","131439,5344072307","45069,331416140034","82370,25782809735","82261,12465996729","59396,03789015208","43330,02086486722","48844,82619512328","75383,18104170953","54393,441219827866","53091,32119106965","111783,34887322331","36904,05103691","67635,9714858529","67633,77354595935","98664,66538794269","50811,453277936074","63016,42204397008","48815,96040338285","64082,88882382264","77304,87049949491","86811,19262663939","86973,60982071872","93868,1641170576","96296,40059630918","94638,36399798469","72969,4188261729","48031,635338541244","48707,01338946464","49393,84375311874","49327,60914707601","48233,84584804766","93893,984436122","92091,6629688096","42710,18427399937","42710,18427399937","50188,751044194905","125119,49886687113","122887,84278380722","121298,75990827497","116640,52007549253","116337,06205633606","54172,266714257865","54601,37917164258","54329,345712654016","54776,26882272142","108659,85302680905","108675,00127006433","108675,00127006433","106717,97717939803","109152,84819151262","109927,17439373938","102454,38442530624","106557,88324952616","103860,39234376722","112594,29874380866","110118,095434611","112608,45225597896","108152,98671836738","106906,35468983793","108487,43088121297","105788,85298551653","110809,11439313972","113711,63650104713","102428,72738153642","104579,3669240978","110402,12233827774","107735,22776287582","111519,34151603533","107426,18511748796","111377,15957219122","107050,78071084688","113203,1544790956","110255,11416683004","106271,02096504302","55327,72231120098","45896,3055127013","52171,34787772594","86485,51439990323","79981,71598829127","85908,66688708556","73212,22685748278","79578,61802387092","15778,186466173407","0,0","118485,90746651874","60656,04773635762","57285,525622910114","56493,34300041711","209248,8211287568","54647,603324284995","55146,688907090145","35251,17208453547","33448,44614585813","24161,78989875591","83147,31199354395","92107,24523577918","86725,90198307957","56978,71083082439","54651,25863308431","49090,89268769169","50128,85212630256","53033,3708347348","53572,104624222484","53572,104624222484","118816,67545458162","109067,64876939204","109315,80481508723","109315,80481508723","42832,31090416832","43011,97783363213","118421,12837280717","96390,16043804749","97084,27111272272","96770,63918868084","63129,524899886324","67794,9105349492","63489,39728958453","67691,77471832761","65916,04296423164","106342,59372654895","105373,39230710232","100162,32946561399","101712,41225275859","101410,34339795551","101175,87492874321","106144,18423005074","99144,150034577","96229,3473623538","102989,61722875269","104300,64232800384","64167,9861082821","64538,85812919581","79447,28924412551","120852,3331612565","117058,4739457723","111793,57970556119","114188,12423071366","111606,58608981369","113613,12634342145","117731,60418319574","116576,52603891306","109551,46600272717","90070,20759422152","90336,47294323436","91469,5427271547","94695,86327233909","102318,19787157321","94695,86327233909","96842,85016787321","96757,98213685083","95802,89263423003","58787,25599870694","64607,500515594365","59483,24892250177","22572,150658906085","51105,42068074469","50061,28034333791","79521,74566416752","79150,83190768045","79867,07297528337","70481,96915041715","61103,44279234721","20168,892825778737","11404,115146805127","96457,77266135995","87431,97949191018","99695,98266918876","95232,14964041674","98380,91337394236","98538,89169665748","89897,91926812044","58617,50564846483","115853,20171612929","114756,49390314058","55320,52330285891","54286,700198984065","111096,73611678269","111096,73611678269","79648,68439864693","90389,1605228794","91129,23999387976","88912,90615799619","64936,36962940777","66791,69447596371","131966,5789135562","131966,5789135562","115162,70139283841","108393,48656236006","84828,38860112721","40765,2429160131","45899,24823401021","46401,5904170275","39998,14643422777","70400,45144167295","59002,959843365774","69607,7658568832","87830,39106200793","83479,42994999612","96193,52204307531","87269,11417617058"
836084,"130843,63250581954","129766,48474916886","145168,49964994675","142872,1913634369","142577,07567196098","101765,08621302678","89143,985926394","86457,05510918665","149117,72689739667","153491,38390736905","103049,55530832282","107339,06715633777","106298,02696606096","134434,8061752381","180896,07788252542","180792,79769747637","120593,44557643076","193693,05106938686","99455,9876955509","98462,02019265093","208637,96102390598","197955,0214332087","198423,53166011014","197838,9116419763","200726,24723111687","206942,74229920516","21948,609602928133","48075,6392007604","220284,67932585307","219942,84604013048","216881,8191533184","217516,89906470056","219274,89979635552","220642,1262224742","217799,23233265764","124966,27307911556","54420,77171673004","56788,8894432698","60573,60040198637","56788,8894432698","27315,015475208726","207011,67856234615","211024,59527655444","205715,20140129494","204559,42098027284","112177,31719445241","120288,69089277429","120908,15121159118","103844,31814476864","107113,88842744732","105974,85121317339","111285,16555058947","114113,47912945342","113461,42888664482","114134,00248066515","112295,13301039429","111944,80638140811","160232,30331125445","159249,1346441865","44180,546379970656","43736,910674466264","42472,40016910122","45140,05341952474","140327,62047785224","139854,60628853086","92330,14291810774","166255,38363692196","175800,33428466946","176695,9370121752","141642,72445804972","24163,18029523835","22465,26174778729","25882,716996796556","190905,85826948017","189002,0025127578","246201,81874438885","244954,23381530022","246021,69108729274","148609,4694496871","151811,11156017537","151811,11156017537","20795,230975212937","71918,83453533794","238883,96913856192","236048,02367414284","229784,7911907486","233575,47234715594","242146,71204798072","247904,9431307947","103224,23219885826","112891,26546561041","112542,34189012926","174119,15424408385","143895,955502742","136191,13946528238","43557,99353066558","67941,78440268936","68198,84917952542","30992,875890998617","95139,71917166018","185168,35136563668","184858,80502498822","211560,68495213572","101090,02016223302","106379,70285339086","99073,38324015684","104073,85955971405","193588,24679207406","202002,65808198886","202185,51280306402","211713,66941148468","214403,85834853657","212788,96419027649","185069,8871791994","127890,68742768373","125905,36939694882","129107,30430956236","128339,22770040359","126543,03907630003","41204,31076352127","41779,807029740194","81545,60165342534","81545,60165342534","164883,4547328156","242394,43602737933","239398,97446021828","237330,9775223191","233171,9014834121","232612,81177338454","171448,69013376784","172029,66591292832","167446,21403361807","172266,38692998906","224817,46523752567","223732,24265054028","223732,24265054028","220375,77411462078","223524,2102277516","225530,065508263","218245,87284817852","222406,18074896888","217558,1565970841","227647,08173221123","226030,36717998137","228161,20497702248","224106,38970328914","220438,11324348426","224092,7302943744","219878,75536515546","225299,77784513327","229167,21574863474","216278,07809856226","220162,2112432832","224224,52477789714","223654,91576538078","226355,21880209033","222273,55141331628","227306,7129057647","221721,59146102815","227853,43165309058","224520,52977848193","220405,18674157094","155272,2194766922","144287,98269369468","155106,74632854166","175823,6799658784","171753,37300383378","175611,43659155455","163384,65924535337","169741,5783776767","131695,07678375285","118485,90746651874","0,0","125661,6632337485","125925,53959924504","155548,7114395606","197466,72993630893","87258,71306790113","86953,84660293238","92792,85051532749","95421,23933995095","99726,99963811752","38779,67020332578","203883,86715728804","181299,4490375565","164497,22559563667","162799,05985249582","85727,71636053575","85669,99930156193","139964,169335619","140161,93392582034","140161,93392582034","11970,559187777439","223846,8942281315","224311,97416445558","224311,97416445558","128988,94700555014","128077,94731115401","47758,196369601654","213017,8868464806","213671,77347120896","213316,67233890694","180246,1611551729","184732,06429804806","180315,76468140076","184585,66496891802","182800,13728483705","218918,58421219714","218143,58821421728","213261,95697247927","216393,82926912993","215971,11251630605","213311,26963346434","218871,80423181257","214250,273524465","210810,4418348793","214019,3996637667","216774,6125719542","54404,056270621215","54208,17297131205","192812,62133955644","236794,10630350444","232383,5725672192","227875,9657565177","229146,5745888041","227760,2993016864","229345,74963547627","233466,6438038959","232580,56148590482","9349,686914622553","208446,15034329792","208673,84263296807","209118,79647758865","67563,4725272985","64242,83747620896","67563,4725272985","88002,72463160778","87502,89629440045","86312,32069355878","78005,36517807271","66575,15101925196","70009,76114967148","131931,14213982664","164910,4967193487","165396,26438413688","70095,78484231675","69452,52152037436","69174,60197403767","56183,50442034071","62814,19879841575","103494,92911959488","113645,0528524652","213836,68877109155","205300,1010298388","216174,8985725955","212510,35122715193","215206,13570619968","215293,4325415226","206578,45924426618","120832,84360173227","232794,1719857629","231572,0157437502","134474,90548878716","134241,27674072766","228250,76940204823","228250,76940204823","45507,172683402125","167996,8702014536","169483,49451961744","167489,287214941","77245,58399627486","76551,75444137091","22621,813112568863","22621,813112568863","13977,436457260166","24164,01795867503","201917,39034389565","79190,27552770935","74989,40466827786","74837,6983984489","155034,79384160956","188882,55073006527","152387,01664395723","159595,980779543","192986,4968290482","183007,85649246382","195780,88999633433","191933,42536676343"
736038,"82397,14525032694","83271,49896531567","30212,437362130793","27610,826938076563","28080,92099505317","64476,07471094093","63778,293947749065","64076,22897807818","106742,25088096196","99213,19662676862","87549,43218799499","81885,38885660899","78446,11038329161","62121,3691591549","72947,75681097712","74295,27139494862","81831,38181992384","136532,16456866913","26753,8303077654","28007,450828806563","143225,0130336776","135401,00894796723","137481,82467302534","136642,7653448099","138882,33710610893","148462,45173209568","103800,79007498147","87228,5743355333","139628,61338174963","136306,2628106923","137179,75544710032","138331,92308110147","140338,06542748515","140929,43303960055","138365,48062131717","68717,58521565176","104949,49575619641","103219,50276060161","116585,28241829388","103219,50276060161","98743,18774278753","109337,63583278429","117597,25158719697","110246,60412312951","110039,58380308138","47813,31382841709","38545,62591670843","52086,81876399124","54962,632388173835","46766,94862850733","45042,065050114914","47316,90268984555","48519,72954153459","99711,4147876727","99027,0332055101","98054,01331142885","89552,27571929668","92262,75629734591","91769,46646067224","131799,8833153951","132618,78499634244","131969,5352559557","133038,913193084","96493,16299349676","95724,75966285013","81358,31539871948","107067,39352117052","120079,67453891234","120779,33866255115","31540,52239142731","109145,02301130327","109664,16756435968","108655,08229836466","105069,04850759536","104168,1003070402","143890,23663392404","143429,65456276597","143512,21929887377","76015,41305565464","80040,9640184809","80040,9640184809","142479,24586231838","71460,05551280342","152919,5605166487","145636,31967851595","135008,32320027653","146881,80413467516","137490,93096746958","137989,8410510308","100044,03449186013","29920,7209767503","30026,936415338496","71121,704356568","102435,1751661315","109467,052037858","86812,37187612914","87212,69125764504","84887,77181243521","133872,9475575653","87499,0895132641","87350,2072775355","85857,29778497572","98098,639412146","104857,80672137147","118164,43098832155","102108,17003758889","118469,95958595342","116892,83196335037","127446,59797961042","127545,88451208996","110637,24760182375","114579,82002312728","113504,1693957499","74587,88438331072","108448,55968082156","108911,32251935084","109859,61737753097","109737,38298567466","108522,99983185172","120571,12593874567","118849,09746821708","83643,19356230869","83643,19356230869","64963,38445829557","155919,1987052607","156383,26197693998","156218,963617218","150655,69041843028","151087,9998231644","95452,46127968091","95245,0295791788","103647,56303654306","95147,47539133989","144490,3622261554","147001,11285201088","147001,11285201088","147763,45633757414","148737,55599771324","146960,35681871098","139855,81920522085","143375,14356927044","145136,97516427384","150537,07656240484","146408,84096632758","149484,98727114018","144547,9135788587","148134,25675320116","145663,54133280227","146211,33717778625","150012,0458355991","150695,47326651454","143610,35452631884","142221,95403345424","150811,0646098389","144256,11165384817","149998,99785881263","146297,05097189595","147497,75847355733","146298,49374075577","151875,1122338613","149919,1806723682","146567,38296955777","113324,4313533089","105302,07588162676","109383,10597447648","145065,24610484135","138357,87441098987","144435,1660557422","132383,04241599716","138369,69284152318","72325,02830486845","60656,04773635762","125661,6632337485","0,0","3714,399017245602","39354,82446623726","151330,80147006494","102626,94008774431","103000,38314131154","43741,19328679614","42262,62481637339","47607,99101932266","104215,15996878946","89787,08960997677","143813,0162385547","53578,15449122559","53283,507123899915","42281,77597914267","41894,50302597412","21386,17376149817","21168,14310982342","21168,14310982342","131576,8961977613","112219,13097891417","113060,23757173482","113060,23757173482","20777,79978413099","20009,547034970925","101544,03836115559","107017,4366953912","107466,08513603544","107035,47767857493","102928,82152268753","107232,40939853348","104103,65365325764","107280,24926411352","105876,8969053835","149050,93734073223","147903,78416319215","142758,78560283582","141511,5600441595","141466,77555999058","145011,34723102624","148657,84606885057","138407,89556293367","136840,7813482508","148016,5944590348","147356,55032242974","80516,61738982853","79531,89610510974","82832,51069138436","156037,5709099907","154006,60051137788","147493,2079487586","152166,53783761262","147143,2577672646","149980,03845704306","153699,03077189295","152004,11990206534","116536,76615253248","118165,40224686397","118873,69629372387","124416,08461597454","69959,47513885122","78013,01376212217","69959,47513885122","58972,2383052876","59197,87390522441","59066,07689410014","102012,8810989446","101445,47261066752","97341,18290022938","45725,96140722184","63192,203003396084","66703,86792482834","58893,23308131962","59232,8979642852","59770,49214944149","69906,89974039794","65443,62611143742","73094,25950311085","70268,40665555037","129886,24987787797","119871,16646245155","135668,3058378545","129202,34371177999","133493,72334015957","133849,5796210364","126540,0947302814","117525,17306347378","148688,8664459169","148102,90569740915","115925,64454752962","114901,04393288054","122184,167884731","122184,167884731","105292,4535730823","150636,49870074974","151286,94038583676","149109,73941165785","48516,981220927904","49395,88266189805","145839,67896803524","145839,67896803524","129179,96786315982","127322,2915338827","99060,05577872774","60244,06913145859","60549,54194673772","60051,22594070617","60207,30435606802","98332,21686739102","118441,84214087993","129028,73595385862","139672,93664097175","138887,33882870502","150516,54681644205","139499,05239651047"
736041,"78883,86949272716","79781,22086196857","27130,458925801715","24485,320158946848","24892,366253488715","61656,267928239926","61520,53787378919","61949,91349778068","103139,83266775632","95536,36297199148","84691,66056903797","78889,20307417016","75469,12583980638","58455,88595240534","69979,46622431264","71257,69144601548","78508,4065083415","140207,87788122534","27858,962765761644","29214,658183376836","139551,03371473122","131703,09112278736","133779,48007931875","132940,6637308928","135184,6116321997","144759,59480867675","104139,57944645552","86492,58465353536","136120,51918216344","132842,87715954697","133650,0509454879","134796,94521427556","136804,04304901249","137409,0354029551","134834,45822429244","65232,59758903368","103610,19032561393","101810,51234145461","115039,93110405588","101810,51234145461","99175,5357276708","106141,28235519618","114302,28216442824","106981,8116365749","106744,9083743706","44650,299146134166","35080,06391203169","48624,90603226633","52118,28295834845","43850,48819622433","42212,59197175647","44195,07110139914","45276,06957216492","96658,26088651706","95954,03037398323","95016,53215504436","86471,97531652727","88548,37244227203","88055,151238997","130803,19121774698","131641,78002806575","131023,18428253943","132025,54008387405","92930,52169077712","92163,44365403135","78823,41535122838","103356,38777061598","116367,40167274515","117066,50606265776","28109,329956735997","108857,82660422762","109437,0641305347","108307,27713802952","101545,49058457473","100623,1185896513","141006,60968391268","140511,142549309","140636,00317431014","72302,6988958883","76326,95433547694","76326,95433547694","143073,45385038026","69932,00762768206","149547,8964745066","142352,76877196305","131817,41785332953","143510,8820348558","134693,45290430274","135480,0329665031","97239,39295370429","33235,545216392726","33323,78917008101","67888,91001901643","98865,23692061655","106053,25041138333","86400,08575248758","85543,10041435111","83240,04337733005","133278,0537939177","84871,99077095746","84040,5749440814","82578,90112720062","95675,54087765531","102135,73962266803","115413,43538908732","99421,92678471189","115775,21675730254","113271,02313669096","123825,24002898268","123925,66323211642","107574,88852021142","111485,72777718109","110384,82614866806","71792,6631436286","105167,31034295718","105670,482387894","106567,70777466426","106458,30249267703","105267,13366787565","119607,40397671293","117867,48337130115","81481,75902972426","81481,75902972426","61557,15539034279","152566,401985411","152958,3335436871","152757,76257856103","147207,73043801112","147622,66079789476","91771,68803145707","91569,86271686696","99933,16792796325","91474,80758403147","140988,57795635427","143449,331960289","143449,331960289","144160,65849121154","145162,9721915344","143435,8274992222","136312,3631771705","139849,68673903903","141527,2536146511","146998,17228349278","142899,84725820864","145967,70389927604","141033,58777599232","144528,65005077372","142133,94378055754","142617,95349421972","146446,54424574805","147177,60116430154","140000,55032327387","138677,24375069528","147223,24415535733","140738,53405014708","146448,13305993218","142733,32067437808","143994,3495884903","142727,35594725236","148322,73127764268","146344,5053680641","142976,7299673234","109699,13384125815","101745,48835626176","105738,80436794716","141442,27168741592","134729,94502017324","140810,31061096856","128793,82883209825","134758,75855676376","68742,23046803297","57285,525622910114","125925,53959924504","3714,399017245602","0,0","36616,73440937418","155037,711243729","100265,99753757767","100649,3879915186","41951,59326360207","40310,76182833059","45102,76281324588","103442,85461591995","87370,13419167591","140145,04897254205","50594,40407964951","50200,99636898036","41637,20807267969","41347,74944567026","18476,04507376014","18319,81654452543","18319,81654452543","131537,99225036657","109726,65642629411","110545,58254355186","110545,58254355186","17064,628471350075","16295,598388256347","103125,55256831218","104163,8347431923","104625,34006005942","104196,57779069815","99277,92364914068","103594,75693153052","100445,10260091297","103640,63438092673","102229,66961807574","145421,4761050862","144276,095155481","139125,0853375087","137923,7199466434","137874,18604408854","141361,4114230339","145031,13678591704","134825,70719720476","133232,512981791","144352,84866757685","143720,1233049329","79691,28675236761","78770,38048969401","80066,90653890405","152569,5976661042","150494,28928131235","143999,4255791403","148629,0897602504","143652,66657804302","146474,93514291508","150208,80133385272","148524,00522985111","116742,55760028555","114788,43921575221","115487,56830673154","120938,20871483388","71708,67273697404","79844,65310477416","71708,67273697404","61528,515969191256","61733,94121782123","61538,20264534491","99923,4170575983","99717,84762901727","95514,13610933372","42030,87258706618","59834,583861557614","63272,34207554496","60113,380728770026","60406,48408843889","60971,38157555787","69940,33468393805","65025,58335069817","70196,04251081232","67060,11904919181","126410,5806150605","116392,7390264114","132147,74008238086","125712,68762705699","129987,70078091855","130339,9100043625","122988,13500715146","114455,55945962491","145267,24722916598","144667,13534759442","112590,86043479596","111561,70185440744","119401,0925470179","119401,0925470179","104257,75380025337","147128,41523966324","147767,2162820286","145595,47823398717","49052,59975874736","50050,61731204358","145815,673679686","145815,673679686","129048,19130288599","126877,58576325049","96014,51501304064","58681,50918551707","59295,54194180527","58841,71639282271","56619,688056007515","94878,44329181054","114876,53662451399","125455,83456712482","135958,53933426447","135192,73385833984","146808,87137595442","135784,88710153135"
735150,"70810,18471987377","72297,77123084961","10545,273848166558","13096,993415435725","13181,726302773035","69569,3241379738","76033,76302422109","77701,80722944063","89805,34110491276","78950,41271204613","89253,04027923709","81892,21956731837","79167,47533242623","47369,75804014139","33865,103957769665","35449,59151564106","75415,63548730387","165029,49742250185","63027,32892071979","64514,00442312331","111952,58458665466","105768,84648539971","108195,07153588113","107352,33254991479","109154,60330898297","118991,07397734046","134486,9432722835","111280,464927861","104090,48564545791","100153,10479541612","102027,77975678435","103259,40806300132","105225,44229287408","105576,88000934038","103222,6609862469","59959,772733770544","123261,17695135836","120965,50939088037","132483,40378709525","120965,50939088037","130056,42241359797","71009,8821659248","79878,78491710905","72357,66901562735","72381,90234771029","51134,87128454543","39382,19089332126","47783,658175868324","61440,14775557184","54203,74930649453","54129,4745591063","51482,92676807821","50170,821743299","97094,73977108231","96099,57880684135","95846,9105009418","87293,67208356626","67367,04686609478","67240,576151289","152282,53990085408","153251,03632904286","152880,37860963756","153346,24032670597","81839,20019110855","81182,52389120079","88282,88887893304","82792,50988736532","94900,61805311173","95414,02422364429","14243,951939242757","135715,4085431137","136638,04348321166","134811,9941462963","70351,71363966349","69897,86817723831","104569,90533223675","104144,23813421081","104186,17588955729","53890,18433456757","56868,56740146742","56868,56740146742","174149,57242470345","90058,15342805951","115633,76826746365","107680,59654391969","96538,90229454232","109620,78503907849","98136,11184955742","98963,8704027148","101559,68012182011","68886,36563653585","69031,11786124541","33605,256491123844","87057,98747877136","98405,88092193085","113192,06265839314","103347,8316743804","101385,21370588023","157614,22047534853","92612,77887033529","50139,341743609126","48383,65761898908","59349,29024097331","107302,40103481048","119408,6763415134","105261,11305159832","120546,32396178522","84211,87376994462","94515,54105213653","94579,22697068415","71702,26975835089","75746,36903944881","74774,85782446654","35235,183666690435","100651,15177791961","101964,88602054668","101732,70437684364","101905,20388737028","101278,36915519321","141635,28418625047","139811,95239366032","94904,97810359712","94904,97810359712","30013,297159215042","118452,3033342625","119615,0703275499","119879,92970929845","114190,08734595786","114837,44164819019","66069,2693587188","65545,90399738187","78067,32341097845","65316,34028546968","108806,35921707083","112140,3695088821","112140,3695088821","114003,22460913147","114315,1333008502","111615,39103221215","104919,29448854344","108081,64612433947","111589,21862838611","115404,80298156822","110818,18360324057","113997,66981055739","109059,35839683343","114440,42655923162","110417,08831833531","112240,87225679592","115387,67131226289","115206,81585974981","110085,77458931644","107281,28995406374","116656,36812028836","108822,99627381955","115089,93833098665","111677,52716126361","111811,08915025191","111831,13523746288","116975,90949144382","115485,59516823964","112528,19609376854","95002,9131031324","90207,9505141223","90370,16680893872","125527,5605600862","118820,54832113931","124834,2842545867","114678,40063584993","119570,17471275096","59663,89916207251","56493,34300041711","155548,7114395606","39354,82446623726","36616,73440937418","0,0","181575,6604679305","110156,77612798216","110633,07603440851","63574,59149742705","61054,9492233186","59923,16485601101","127342,37469855303","51084,55959314913","122044,40916919484","14842,598772437312","15280,187098902808","70053,91209285735","70256,17165155862","18178,114548338395","18301,5783237016","18301,5783237016","159413,20123174452","73252,45100159742","74040,17605047933","74040,17605047933","26743,993500572167","27727,32503102768","138195,76720203322","67683,6038763744","68124,4447927586","67692,9670354629","71718,40342416294","75358,18995405246","73170,71328078657","75475,09930122839","74407,70678810427","116006,40988558282","114821,80470851931","109936,70964458438","107471,8336905564","107539,38717790732","112703,72044080446","115536,41791007131","104281,02544772968","103375,7120707179","116200,50558440981","114552,49750810718","104218,25431925898","103755,89863436695","43479,1955246113","119786,45232432219","118401,59525346365","111662,90798761633","116993,29113994201","111269,55693512144","114297,5358380297","117767,23899587423","115943,82424518606","146202,9432836204","81180,51503053085","81977,34412701252","88596,39755508036","107364,64101399896","115619,98129084965","107364,64101399896","98142,98747598703","98345,39557589145","98132,51390752046","112837,40108419527","116189,77784194502","111286,71235157951","33926,24504003929","27611,21669301693","32046,749013810182","94624,73627613005","94782,91655655828","95414,02422364429","99731,3087830542","92760,9072795406","75757,4247133551","67877,58299633664","93968,72049850492","84121,30922476843","100377,53301756283","93497,24791003545","97990,63468535931","98400,72171738397","91949,02290982983","113464,3848189677","111931,02774929536","111509,78200888401","106445,18372232832","105371,08207845918","82829,86558202111","82829,86558202111","126254,7674740624","135058,62788144816","135327,7605604155","133389,09889553805","81764,060221463","83121,03531901518","173572,12279369042","173572,12279369042","156419,96350697748","152346,7798929717","60104,16685743027","79612,18248518102","82381,79296100288","82271,62769386788","30300,6807358615","62613,88724547824","102259,12284160516","112074,24234319023","112797,30146409383","115377,30840525773","125259,18856618862","112951,14211555308"
737047,"231943,11120008607","232543,36294893024","176775,62074553638","174847,02001381162","175654,11599259707","207068,9660578492","199995,63481198947","198662,85334328303","257086,5239760766","250373,79690988452","228492,78051927316","225113,07193176606","221674,88911518373","213260,64259386848","212596,35965346618","214810,28634621773","229166,29585796868","18926,756064149304","149095,89741016694","148198,4880857344","292934,38614532334","285849,00732687267","288068,3615882115","287223,51006935065","289311,9550595409","299036,4158985708","182716,04680005848","194741,27680283049","285319,78250820236","281061,29213833064","283419,9851740359","284670,77559173375","286615,4329349809","286877,6716867325","284612,17060470243","218206,27685995825","218458,0585935671","218416,08229063574","231634,54931483837","218416,08229063574","177887,1988221665","249704,68594054162","259455,11674960368","251880,49785259596","252262,9477613549","195217,3363635252","188623,730183701","201754,8608428485","198834,69426128332","192195,88929904866","189940,85849360962","194416,46990180569","196544,60595434406","242626,19311068492","242268,4023672285","240832,31025909903","233414,80460473345","243464,59063988162","243005,1552026209","232236,4477595604","232433,26352377143","231233,79203597415","233583,4411406399","246437,54158066996","245660,75222654548","218467,03825539158","258382,62182369173","271378,3517338744","272067,3510975139","180434,1082680406","200082,23247061472","199090,54037675197","201086,1524171058","251923,3809047113","251466,08193104822","275358,48078274104","275715,21207877307","274841,93063946505","227315,38062789504","231305,94186491173","231305,94186491173","199006,9294790463","196481,98485899618","295086,3887615208","286024,4451363508","273821,01187666104","289222,8811281035","267549,84236151405","261627,56257349273","239215,84219391138","126972,55930953144","127102,87491683748","214769,9997773965","252414,36137733486","257262,6822699021","188613,33430830087","210463,42922997414","208316,43499550933","224519,3173311963","225196,84724832082","231080,89304005486","229161,3671971105","225272,78928065786","242352,21680650476","255099,49899438897","239272,33629053296","254417,9236640396","265559,65995393554","275966,3325559753","276037,707894649","248337,0238358096","252612,90442743863","252107,66643291758","211480,7127848904","254350,35026299462","254198,80216279285","255875,68058807764","255566,96095877822","254047,18010499835","222856,27978570445","221931,6758134976","215114,60376211436","215114,60376211436","211455,75106715327","297546,190017693","299715,4240553598","300427,55804480275","294683,4054883861","295516,628975518","245656,47109895095","245325,92797125824","254845,56523548393","245174,5644420611","289928,7747096887","293577,80133427447","293577,80133427447","295578,8447412802","295841,09601110243","292885,03320586827","286362,6422577419","289392,191734335","293157,42921293323","296740,7610444925","291976,01972316805","295187,08652068576","290279,44823543314","296015,37262086326","291733,8047681219","293813,2680916982","296873,22916459164","296387,96140851505","291651,4392699149","288714,4867565109","298212,7392942433","290070,12628211814","296502,6733639397","293173,9328209738","292909,89173356106","293354,9120381793","298384,59629488573","297007,42321995663","294097,17301795876","263911,0743877106","255088,9476213774","260202,18165623635","295504,4651357662","288886,624561558","294902,43234037096","282407,41346187354","288667,3617558733","222718,41939445777","209248,8211287568","197466,72993630893","151330,80147006494","155037,711243729","181575,6604679305","0,0","234504,73825221078","234669,08211998583","179832,29254507617","180231,07902605357","189305,5055311259","206924,18417557076","218231,35621403193","294832,1783450355","195875,31126508527","196747,4097593376","168082,17172240338","166934,75082511693","168511,07912011762","168040,67540184333","168040,67540184333","209160,71152421087","238635,68937842373","239804,55393649638","239804,55393649638","172038,553656524","171318,05340938098","149709,4489591257","241043,4271095078","241202,6306825565","240780,84411073982","252406,91301768605","256373,1587538579","253736,40237730602","256462,94950751576","255241,91604019518","297528,5394337504","296347,38734254113","291408,0697821663","289043,92468141724","289114,55504295713","294059,1573336024","297068,54003235255","285851,13319281186","284929,57529196615","297412,3051743765","296030,8983444403","191934,8441564786","190248,32027682525","218135,46241844087","300413,87832572317","299499,8961534952","292677,7291807573","298305,9017191547","292260,237929985","295380,5514547734","298664,16282208276","296763,57155542274","193274,64299957105","261660,5799608774","262528,83335475676","269809,85182537365","139627,05969522285","138300,7132940486","139627,05969522285","123553,00715135294","123917,87546148713","125313,40759509738","229448,06824863807","222742,048158456","221122,78797827085","197037,0574689596","209137,8407332047","213452,1241442866","148724,26110115973","149548,98443168603","149162,66298282324","171807,66504140748","176698,03383183846","215778,18864495368","216761,2079269212","275084,4158638663","265403,34941017185","281730,92551220633","274725,0377841523","279275,7897884832","279705,5191070115","273496,2413239695","259799,34903491157","292150,43183182814","291910,8177114086","262416,03553040634","261485,8693070155","253321,38840015905","253321,38840015905","212885,33408878534","299290,46869546286","300123,4944683235","297877,79078100534","156936,47632349317","155581,6932535","218748,6818472506","218748,6818472506","209860,8263141949","216153,39509854643","237369,52539784866","188931,23550221708","185296,07648374967","184410,08398613098","209364,77175705292","244071,89660613425","268230,40372210485","278844,8152575629","290858,0460628294","290166,9260104123","301846,4585268358","290727,06556284556"
835199,"53452,37690686144","51858,090677105","102680,33755095692","101679,54909817397","100896,72291567452","40802,58801670475","38906,39649864765","38959,17969541614","64590,29565746904","71954,6129595275","23370,93949290422","30806,39061177536","32415,37153888658","68737,53521718628","121474,13398541545","120277,3527213155","43103,74632006772","224083,28740737194","89477,88435995414","89863,85898984187","124506,53291105598","113782,93896878952","113842,74643185604","113352,16917593642","116213,36068821805","121424,96220518263","78144,74248907121","47759,054836000825","140001,82163330822","140827,15191985574","136508,29048985054","136908,68939591595","138449,16901793104","139992,0811397249","137258,82969992099","55164,3422410849","32886,66257130654","30469,98111556619","31534,536074984597","30469,98111556619","78578,72833962487","136137,53998657738","137293,48242194665","133733,91873447315","132196,3388373821","59631,295758041226","71712,18848299194","62578,446348182006","49778,16657172788","57987,314398013936","59016,358648620466","59521,81141920117","60254,12346527418","27655,01294130343","28570,116597647797","26958,98433509175","30347,92391457022","82728,78728734939","81755,28861163216","56354,44152702482","57450,02171145474","57836,54613560967","56759,96820236549","57866,199755916845","57612,628900862255","22083,765224717878","84254,57031622253","91663,31033862538","92526,14276538088","97008,73910893733","63745,06044053259","65585,97659077485","61905,00461466087","115937,26774766386","113833,11240553515","174292,9914856707","172654,84583206344","174250,13694092547","76680,03307400324","78377,8312506357","78377,8312506357","107455,06762360479","38025,43824209375","159350,9852306513","158581,5124914367","154921,5273782785","154682,45643766932","172076,31914968186","181254,46770798336","16914,636115149635","112661,66866002398","112412,38057375282","112590,10995868666","59931,44367373187","49789,43711680442","55412,565629245386","25681,456051773766","27353,142351419552","68720,68020939056","17743,612997905206","117796,19645294137","118295,22243118941","151727,94765372964","13839,144770312256","22016,662253126677","12104,29325837583","20617,480499621306","114281,0793137345","121048,70394500499","121243,97159416546","142338,5178448318","143925,92187628945","142170,6089972803","126836,8295128258","41118,36979340043","38972,50017070335","42213,37260515642","41422,54421378319","39689,66405066505","50285,78687173113","48850,502640482984","19877,340570665783","19877,340570665783","103723,73650409408","162848,867831767","158725,46049379304","156107,2381856998","152690,25620316065","151809,99911512822","95168,9155616097","95997,11768205809","86871,13699422519","96341,58672736256","144093,78026068097","141866,2753075611","141866,2753075611","137465,46137813883","141067,00519492308","144152,90756474828","137303,7744632091","141392,88945377525","134761,45458198266","145663,99514256627","144978,8882229985","146655,00954920307","143160,6399905814","137436,46260825236","142761,23081657526","137305,77868091434","142889,79681102658","147532,72821791994","133633,3253223177","138929,80858083855","141323,86031843716","142684,11871817693","144211,5579674376","140259,28020132094","146237,35191487812","139568,60341039218","145506,67788705294","141949,71227306413","137850,82076769165","69903,95351216361","59564,82481224785","70656,81221527045","88570,1344282539","84543,07117496399","88354,0129020475","76189,37617521366","82496,01430712557","59807,264700917876","54647,603324284995","87258,71306790113","102626,94008774431","100265,99753757767","110156,77612798216","234504,73825221078","0,0","516,8796996396072","59882,23713207768","60810,744158094596","55215,30049482366","48784,15234358247","145710,75966742306","94136,93231699213","111626,07130060629","109298,10292788825","68135,34597901371","69191,13014438433","102969,39328449548","103445,73750376527","103445,73750376527","82557,97801909139","160881,08694783444","160968,11926283728","160968,11926283728","91015,55110868","90741,8873349624","108992,35730593657","146832,54094965354","147555,3067406021","147299,51515380494","103005,90961617618","106891,05259462753","102589,48922982707","106683,78741600245","104997,7481741084","135338,12232111575","134704,59254268295","130184,74164461592","134418,17151913946","133905,13418663494","129636,25545318813","135385,37356561786","132735,958845796","128940,40312224996","129736,54052179426","133194,52879687294","46682,92846756761","48261,538844566014","132717,11179551098","155479,47409372934","150531,57266094082","146969,37174331414","147035,5279674682","146943,50725590694","147997,5704099883","152008,54838021618","151448,72921032828","80546,84793275064","133397,05885633768","133363,054261039","131417,87395910145","99112,25050413946","103852,61643362034","99112,25050413946","111456,58200838914","111140,78764510716","109793,1457619789","9255,508532717393","20692,972158704146","17957,748939853802","76721,56143956454","104973,70708857478","103264,70464468356","86892,89252667545","86127,94079083575","86634,11456960063","65651,31475383417","58714,799041983904","34589,348146110824","44019,40431421728","135368,9739313699","128317,58383964076","136153,2247374407","133898,4526032871","135722,37572960177","135698,68717419493","127213,42608004696","33961,45550572193","152929,0676255631","151545,7351750766","47276,36995519586","47093,302937872126","160416,6107116566","160416,6107116566","41753,67669606593","81603,46715934215","83027,697361006","80935,8855302171","77578,29416931325","78923,64334424236","92707,31033256785","92707,31033256785","78486,72356738352","68690,2764602352","135022,25368136243","46392,27992132491","49385,61506763551","50256,06237885099","93774,65105242298","116633,32264901526","65833,44310646315","72444,15578503431","107185,48562467542","96321,98714114778","108869,66587116967","106034,43704928082"
835144,"53962,70252725851","52367,26466644542","103141,49620997044","102134,88464182211","101353,36019420369","41261,42374518802","39265,2815574267","39290,75402440531","65030,62120300799","72431,53204279518","23887,770517974535","31322,622083013353","32926,62747573285","69249,75531820698","121987,12525896383","120791,47467219333","43617,73185816204","224281,0062472646","89754,35002806038","90133,04812315937","124936,95607334017","114214,64378684989","114267,4101819772","113778,61133506613","116638,80412311362","121828,76444715698","77949,2953076821","47656,29158995952","140472,56316246756","141306,19048994227","136978,85009597518","137377,28420620898","138915,69927421495","140459,8570274633","137727,92677252638","55679,05380498074","32565,672348157386","30165,903413308308","31077,19721234908","30165,903413308308","78418,07892742411","136648,89441163253","137797,83540928902","134243,24005926106","132704,9372113122","60086,157649239125","72167,21146539885","63064,850206959374","50218,59949047095","58419,18911698253","59437,71903879332","59972,24189380383","60716,93102258663","28093,014997234422","29014,78392931106","27412,751280195673","30852,349147227167","83228,86514644398","82255,68475532818","55897,30988652068","56992,43394325753","57384,22304568196","56297,3263173798","58340,45727301677","58089,45312002096","22532,97104822054","84722,28736366768","92100,74321746147","92962,79405122502","97473,79001108374","63472,628389597165","65315,07454191274","61630,95494574718","116440,47535824879","114335,95733870036","174799,03225519473","173159,9868492504","174756,52682074418","77195,86702415753","78891,41531351027","78891,41531351027","107129,03878182618","38187,09741655808","159824,71231645593","159068,03600247615","155420,11992219172","155161,08114593755","172586,5760317295","181769,15211057974","17351,955534356326","112929,50622345276","112679,26113255454","113104,5361449573","60384,06869643684","50184,256868068136","55310,90747756104","25677,859953658393","27382,28343183937","68299,28670662564","18243,314469591463","118312,69047005591","118811,98753760378","152243,54105485106","14165,699984199053","22051,158769121692","12502,842293285621","20598,5126432364","114763,39047888278","121517,10145714642","121712,43988450467","142851,83717153818","144437,36669851874","142681,9373470294","127348,92281275868","41497,74416921487","39340,9237394206","42583,32722980423","41791,05760559072","40064,09330109495","49879,14245182616","48451,34119890517","20145,713754367513","20145,713754367513","104236,62363036386","163322,09156832448","159190,49685915225","156567,80614857754","153157,6348935832","152274,8243675558","95671,12279857024","96500,09806222595","87351,04154834445","96844,89756041451","144560,33738552628","142322,62345030866","142322,62345030866","137910,86071934892","141517,1738213848","144613,66990854935","137769,47872622265","141857,35001800823","135208,64479997082","146118,60262048623","145442,49089271744","147114,20232995626","143625,4321146882","137880,73977259087","143222,61868986054","137755,19704669094","143340,22835411754","147990,56527842925","134082,48812396862","139392,67810393398","141768,80767683923","143148,7618185406","144664,69183049462","140714,34700458922","146700,61826480704","140022,31667154157","145957,43769916036","142398,46472085442","138300,36916562676","70323,7382142595","60003,80372818837","71095,9096918989","88870,57297941553","84869,32026488756","88657,6654112381","76519,062354303","82813,1690897164","60324,142361434824","55146,688907090145","86953,84660293238","103000,38314131154","100649,3879915186","110633,07603440851","234669,08211998583","516,8796996396072","0,0","60211,448396466185","61155,91726985611","55609,05704448229","48512,09775686915","146224,56860610904","94470,11778430852","112124,7852906181","109797,60382941946","68390,13080560946","69442,6628169762","103408,57557001757","103884,1720052523","103884,1720052523","82201,60427789962","161397,96664043725","161484,98475884376","161484,98475884376","91446,46721967995","91169,49694203914","108894,07949883268","147348,74316828186","148071,52672618107","147815,79636984653","103502,28313508691","107383,60722337048","103083,55785613733","107176,06346471941","105490,90390034253","135775,07271400982","135143,59377571798","130629,21199042602","134874,54120565904","134360,6467885445","130072,7533636801","135823,62229134602","133197,18021301043","129398,76217847798","130163,65473916261","133631,81213078194","46656,08605989472","48241,285632751016","133231,85253938436","155939,2891394951","150986,8513281379","147433,96209362106","147488,61130717047","147408,87276011772","148458,06225722856","152467,47264787694","151910,72807850927","80275,43200774975","133897,49423408203","133862,51806197187","131906,77089987625","99164,26635077994","103869,84992986241","99164,26635077994","111587,33197011155","111269,80017251206","109920,19297946381","8950,606243977283","20402,606327482914","17771,764941128342","77209,51635882423","105485,04473014426","103778,73550205633","86994,65026155682","86227,52722740972","86730,66830531262","65687,50624708856","58804,40503191158","35081,48971645866","44528,024046450904","135852,9119058035","128810,60952977343","136626,56682668044","134381,74202992336","136199,684583337","136175,22053759862","127692,94290182013","34191,81642526955","153401,19363774144","152016,83429626937","47609,37593847553","47435,07400174311","160930,88121199544","160930,88121199544","41452,98043033633","81820,54975533916","83248,64597868829","81161,98796230441","77750,09277942861","79087,44206668739","92310,19643078123","92310,19643078123","78129,7218383241","68308,59087975322","135538,417894641","46638,301546271534","49588,12726884168","50456,55072845634","94285,88497401636","117143,88999078351","66214,80318396572","72780,85155877378","107584,23238683672","96690,36843913235","109223,78769125527","106430,59869313656"
836087,"56775,00841172268","56785,727692914035","53572,104624222484","51564,53383255181","51105,42068074413","27460,45881278822","21290,27218783136","20924,03590797026","82007,85113936332","79367,4000543137","48853,949248742545","45315,01124186958","41906,91032925094","47751,33887462094","88334,45963062759","88387,81255527436","51106,36544506519","167710,66826596862","30981,51050123177","31733,03516313562","132703,14335726475","122973,5793922067","124363,31816197741","123601,52752176058","126300,87842694482","134758,94985145034","72559,90899754605","47732,29410547542","137349,23670884132","135684,76700943048","134240,2203906203","135137,41065040728","137081,50407487288","138148,0309851062","135317,66796905667","44567,26243935642","62099,46898224444","60160,29511079283","73170,33025412232","60160,29511079283","68746,49343600484","117170,45008239581","122658,22401751939","116504,35333785016","115612,26427959623","22963,4906656612","27879,782181619194","32597,892027762682","20590,248928590623","17684,60948826294","15635,43381111355","21898,374576295715","25059,15817651899","62816,963308817954","62440,66792444762","61026,90486983088","53627,25371894129","79329,4420747799","78485,52558929556","90151,68801564835","91054,88228072437","90551,71830551817","91309,49451835304","71012,53389711257","70267,48847743886","39982,88082849408","90694,807521847","103110,00665906357","103965,85845379112","49395,88266189699","72190,15973289894","73161,12768401981","71254,2783353954","104455,63845938146","102840,08952148035","155861,64921256428","154820,88921940324","155622,77238537674","64068,90492628002","68068,84424241644","68068,84424241644","112185,60464115436","28197,032734996414","154260,08321149307","149535,44710245656","141499,11250023532","148487,81373919616","151118,66274119832","155802,45626151335","60297,453608963624","54093,61536992438","53886,84738488746","82052,45708411343","76710,33987250512","78552,11330540985","49778,58563152795","43603,99115689635","41314,01703244319","94331,25906182536","46614,35871460258","94558,57041512882","93944,0350824664","118813,61601475444","64262,43072690025","77548,71784942404","61289,8676317336","77424,5775642397","111172,4554273765","121063,29654913076","121215,789928767","121053,06456490891","124145,47813879079","122641,84006768218","92353,95216405917","74767,88909894953","74475,28745345859","76310,12180612022","75952,18345469564","74372,17410957621","79154,20185426009","77360,73762437326","40347,89603440585","40347,89603440585","73015,15510656981","157654,1250387312","156070,61897680227","154794,33142820373","149868,25066660717","149734,14690986637","87800,95607668022","88078,7380339048","89459,0479974325","88187,26162172621","142204,3223660077","142751,41709806686","142751,41709806686","141267,2567714131","143473,0607894655","143752,47937944296","136262,81230435835","140294,27983754704","138422,0547207871","146637,09160870474","143784,85807612858","146432,2428602372","141817,39729620988","141486,68010572635","142325,5806661477","140225,0659278591","145075,62958584112","147570,65288670658","136961,68971081363","138467,26375987672","144877,90815597662","141422,00730110423","145656,24736073916","141595,3187554583","145022,2224168486","141287,57361431717","147393,81872364215","144600,16636507693","140689,93789461482","89181,02118137793","78854,93133357272","86517,75858452856","119231,66052350609","113021,2656879051","118712,9430411817","105615,72148734462","112251,87790317433","51023,8834659935","35251,17208453547","92792,85051532749","43741,19328679614","41951,59326360207","63574,59149742705","179832,29254507617","59882,23713207768","60211,448396466185","0,0","2637,833792348505","11126,337396470068","64040,40402661142","111096,73611678209","120514,71447533909","71716,4024171769","70006,21109123304","13884,351533492149","14960,570682610027","50094,98393946908","50427,755419764915","50427,755419764915","95980,3324029652","131314,45556289793","131826,94088756936","131826,94088756936","38033,57415655713","37312,3787648371","84595,00117639908","121251,88475742032","121875,97326336805","121500,75169254061","96686,77107056243","101399,1932869204","97258,93650250994","101330,26630436383","99596,12033916425","141138,44269572137","140137,65304530016","134895,84418319885","135994,67190271043","135736,7798756725","136083,35121279836","140911,673824895","133293,776243096","130598,81487236703","138038,64706817464","139129,26337064838","40669,90246285809","40181,73175106641","100198,83815813654","154402,40232085437","150946,6667129637","145349,77765004506","148254,62029153368","145123,40468429856","147339,4792049361","151418,88897532295","150130,98102152135","83459,81544775756","121103,09787538402","121516,7406702599","123980,93263155373","59488,73304659504","67211,58717641635","59488,73304659504","62415,05016981409","62283,28801740009","61235,58667704002","58471,190528119514","57766,58824319085","53603,47705218247","40265,89584033494","72754,8033873978","73774,6463685717","44311,95855412695","43966,31504300415","44685,45838695652","38747,67189230934","30353,394821955902","36003,56293178385","38775,039993434424","129207,47010662123","119701,60319602936","133141,02221303672","128099,52743288291","131597,11838608305","131806,26502192253","123330,8347962741","80182,67072350997","148780,84834911433","147795,76433471424","82931,77283125954","82046,71399397127","136698,62908364198","136698,62908364198","63677,54538362738","120511,20725601057","121480,75056761735","119206,93718799489","29685,197544872295","31540,52239142824","110079,90524896244","110079,90524896244","92908,33983578935","88827,96732035816","110597,64202475878","16981,02310789329","18871,60316119972","18713,153403562377","63641,65866742093","100613,17618901333","91458,87948340857","101788,21835675699","122989,62074289439","118006,1349772254","130905,92042602722","122393,6508299382"
836039,"55303,06070730437","55382,6757695426","51103,63866571404","49130,356162566364","48654,74857463033","26847,132394425207","21968,998364824245","21924,56297003196","80645,83301069029","77666,58670082684","48808,75287167648","44896,836728773334","41447,752112508744","45509,15276155315","85696,94236553233","85752,74183859295","50031,22227033558","167891,5741773164","31172,242875341028","32032,911325341924","130706,33468722922","121040,71880425412","122465,79426396359","121698,61503633614","124382,63822541868","132911,56839763068","75197,33599220583","50228,24088679816","135057,5715038758","133341,6328667018","131964,37046697855","132871,07956904286","134820,19367422414","135873,20381558992","133046,9434775875","42836,94863083645","64160,971881643825","62170,48936145806","75039,06156411076","62170,48936145806","71376,88496804345","114617,96163853118","120160,81705255741","113976,96488738853","113095,99145863992","20750,224558224607","25257,548619673733","30348,247481663417","19315,676792013957","15570,559834937103","13419,344506095646","19682,302540356774","22829,206205725015","62574,33736624989","62152,4840778121","60793,46838747167","53189,41768505228","77269,67580338332","76437,11248901278","92379,52384381641","93292,24603724958","92807,04564952948","93525,6803895181","69643,10099595184","68891,3557047475","40443,530272511736","88853,9998936633","101347,5057869297","102197,81184501824","46858,88240699226","74754,86727921717","75738,40560931982","73804,86935289176","102056,74304688296","100456,43413930948","153279,91880472237","152246,14281411233","153039,18825748842","61875,48005046025","65903,47703121784","65903,47703121784","114823,24525685511","30239,538531505186","151885,76132613717","147092,80992773344","138994,29244354187","146100,26423551532","148516,0292144651","153170,87604613666","60504,60331441464","54066,24845909498","53873,46176311882","79427,39296546938","75394,3026613476","77694,11757709831","52372,805819989175","45406,36625880366","43147,41980907053","96747,67022677364","46992,00961326392","91985,98936479357","91359,24191206174","116178,38370342726","64649,88957705232","77976,31363926025","61714,2814236034","77939,80261594619","108943,09566933569","118879,46793347379","119030,37093989683","118468,61947176723","121574,62740488634","120075,5942467351","89717,19728188912","74180,48383926738","73973,54584975743","75715,31981785544","75382,19773850711","73836,61900919654","81423,35280476788","79623,91037835128","41479,34929446382","41479,34929446382","70399,35417437303","155272,83836337263","153744,20445303814","152499,47597216113","147548,5175856596","147431,07961832307","85568,37383937427","85830,1945104111","87503,95128424688","85932,01562129718","139919,85987815514","140531,45234694512","140531,45234694512","139124,6572231446","141289,2890934746","141499,44274536378","134011,12354360847","138032,16170838638","136282,9337394014","144410,92341570256","141513,1797982054","144177,90239661382","139546,32166954657","139350,06222046772","140074,72899153866","138062,09479107833","142882,70813184165","145320,18754852016","134817,64248289456","136224,3046101635","142720,23975289435","139153,65081611363","143443,66798101753","139389,06078239097","142747,56360862288","139091,56584866933","145188,44692460765","142420,01438490913","138523,76805607675","87810,0115100155","77607,04120034423","85045,7922926842","118084,27568622248","111820,34697774972","117555,88568998169","104502,13112316611","111107,53504769932","49185,33307545624","33448,44614585813","95421,23933995095","42262,62481637339","40310,76182833059","61054,9492233186","180231,07902605357","60810,744158094596","61155,91726985611","2637,833792348505","0,0","9611,158196350196","66452,43858009999","108465,67151787903","119188,73308115815","69095,1867475576","67378,53963217683","15687,583399015648","16697,92361899186","47811,27589756245","48155,91667225613","48155,91667225613","98562,71872662302","128676,81690364724","129189,67234549874","129189,67234549874","35683,86034294875","34990,14064882162","86975,96566649475","118630,91520024324","119254,07876253089","118878,32219278598","94435,73257872646","99148,24110851275","95030,46101950573","99083,06818414542","97355,19090586364","139049,64314819037","138041,46703388199","132794,32931831942","133807,95475343487","133557,20569388947","134026,2984806121","138815,99987072562","131088,3749833917","128428,61779619624","136028,64257228517","137049,4813260766","43165,46523478422","42708,75292082872","97561,004565192","152113,51904789","148698,5392578034","143065,1929698669","146031,08570200833","142834,69864324978","145073,14944609368","149146,42029681953","147844,22702982774","86089,57178030892","118648,27409311438","119069,20528268894","121614,62471996211","61483,61498597639","69284,38998510533","61483,61498597639","63743,19339516178","63628,91398490516","62616,3822755284","59766,85192054599","59482,374997255385","55213,61935122647","37683,11768812736","70128,29101700932","71168,78028578818","46318,14191109598","46001,94389364166","46723,01423203853","41349,511560478415","32988,949565038994","35556,49898030801","37616,09014767203","126856,30057719223","117320,8678185156","130850,5524538214","125758,62120186587","129285,01715049002","129498,90254985208","121044,79122740196","80077,49785595562","146434,5769479312","145459,61837259354","82305,26820042869","81401,6335398327","134082,16721284165","134082,16721284165","65947,61010746342","119719,18486280534","120662,52598900355","118392,07327800113","31596,210050477748","33448,44614585998","112649,6810861156","112649,6810861156","95474,73741672657","91311,10232762745","107992,5958478236","19118,007064207224","21336,379405254083","21217,05986172315","61051,63168147878","98137,51718235185","90312,24488274398","100699,98702434097","121268,35393798014","116515,62359946717","129368,77103818454","120693,76871693533"
836101,"45719,476444868276","45779,62489075259","50720,3800020956","49132,85997212475","48504,97584336911","17963,370715032106","16958,4296758419","18097,39164103489","71038,13148843191","68241,06749224126","40710,87669666232","36117,61989476667","32627,75645533742","37345,64299175711","81357,26814013203","81144,51662377859","40488,79433431512","176684,695781864","40231,36794078837","41197,23079559207","121717,80309260573","111930,89832215842","113295,14699518502","112536,98071309963","115246,65709998294","123662,51909804788","80412,18680344094","52825,664045763326","126933,67482720184","125444,46508785045","123778,85094693788","124648,06907157257","126576,99409625474","127681,48054441062","124840,78756979537","33445,69888357896","63370,102241542416","61117,6343661548","73087,99389498887","61117,6343661548","77043,54511464937","108210,69936364019","113221,85451356224","107311,84685009005","106329,46117726076","12855,005239648377","21191,82167090779","22365,829226260954","9736,653535981652","7520,116797893995","6274,944105932485","11854,491014473091","14934,210290438203","53997,764841894146","53497,93124579254","52241,41671251918","44328,351140656625","68445,07197758273","67585,28791140014","92361,78752219939","93333,20349510145","92974,07516470602","93423,15548292182","60035,7977078128","59284,93475448226","33750,45399307103","79599,71849042086","91988,78971421007","92845,6559329161","45748,417037747466","77885,57484371706","79047,36702065171","76751,05058008923","94479,46462257454","92797,1866563615","147181,7849082004","146053,88387180606","146967,76475305128","53467,11774424987","57392,83459871389","57392,83459871389","119659,52408546132","30296,08951433755","144129,40549434355","139730,20861035766","132093,23992103466","138416,57732610242","142758,7907730781","148181,09885942945","52875,28903782311","62712,03846517136","62540,63227667987","74394,80673321515","65783,22362125902","68276,28640623704","56193,15092920854","43605,689636761774","41563,66524295644","98139,16424046665","39942,284428238374","85879,69433723476","85427,90588270851","112255,47495338459","57434,715631795596","70781,40011287911","54618,919316986714","70974,30758720177","100598,91061927966","110376,16205331672","110532,03721808802","112461,72906996729","115374,85387314743","113820,27032055391","85753,7609580505","65048,33963681827","64954,09970494106","66571,50228950809","66269,9871864218","64771,825158499545","81765,95295520657","79939,30805159222","36958,48688063564","36958,48688063564","65157,739787157785","147550,437138288","145758,4937999464","144379,67258549924","139536,475209549","139347,70037224685","77258,68798680702","77579,77119130235","78443,39589147693","77707,18072486321","131764,12679761028","132136,9095074966","132136,9095074966","130489,03828508774","132776,05872186343","133221,9902736529","125732,34207022101","129790,36913050679","127638,3429907154","136036,11012621227","133306,27983526158","135904,06145942266","131338,06908372714","130697,42494792394","131789,87828391037","129486,33593348457","134397,8690976239","137031,55685992964","126187,58698169963","127912,49324949791","134127,17530515508","130935,10445978465","135022,97527306539","130948,93670611779","134551,64606746755","130618,075812778","136743,16033635873","133895,08961377587","129957,44693515736","78203,81417062544","67999,47415510025","75465,68674544904","108494,18749753798","102218,13455174227","107963,20209020934","94924,00866333222","101518,86193186426","39939,97435789202","24161,78989875591","99726,99963811752","47607,99101932266","45102,76281324588","59923,16485601101","189305,5055311259","55215,30049482366","55609,05704448229","11126,337396470068","9611,158196350196","0,0","68038,20761044924","104815,33231585336","109578,55629302896","66051,21648051178","64119,36247050695","25008,401874805204","26076,10154407537","49090,18816086317","49512,67698772502","49512,67698772502","101824,98568566676","124218,5090974415","124655,67504705815","124655,67504705815","36814,48590316692","36363,17476798701","94916,59259951749","113334,52748647488","113982,39262546475","113622,98841863677","86184,32471872057","90891,59669115124","86695,15055777358","90812,37316715556","89062,89656302515","130269,55950000006","129280,4640165262","124048,5966825436","125306,88151540181","125033,80560860284","125169,97492005171","130053,47659088843","122648,99104709105","119878,40173036659","127066,69924124438","128247,34765842893","45903,074671696544","45791,050281797725","93301,1863425623","143969,63193575517","140399,94201919634","134908,3321584677","137646,55213273005","134694,53132514108","136843,9926381253","140939,02388182183","139693,73484621174","90488,64876283109","111394,74873428434","111766,21913795684","113839,93551756558","70535,26376573127","78184,7370502976","70535,26376573127","73346,92879561603","73229,71811430897","72209,67046508126","55490,03364339109","56981,16451439168","52304,21254852259","32209,121510802986","65204,15361360711","65698,49163333101","55360,41014961929","54992,836085868126","55709,676779368616","47871,4781744806","38839,143896293426","26820,03806633314","28046,01818922542","119002,29964619494","109625,05883736373","122724,2944201288","117856,67254784028","121250,71550817603","121444,08229788847","112907,06203985991","71690,07785878668","138543,76733571527","137522,2855074475","73114,25413927736","72190,24318282385","128637,61456100609","128637,61456100609","66447,491476009","110335,16186282423","111256,1088897497","108989,18055745837","40793,120693863086","42648,145537825854","115661,28978701755","115661,28978701755","98505,55694134417","93364,7422776189","102356,22282586","20688,68359557187","24773,57503964416","25000,03868521767","55365,04287049413","91066,2552927258","80725,12262695194","91131,91963228237","111863,5366992907","106944,74714033752","119820,77352587455","111267,41628835774"
836088,"93123,18720864854","91939,68961291361","117533,68068083428","115582,67425775445","115101,68578894687","65974,88434655908","54379,3265934521","51958,731176297115","110464,21155791804","115292,0866150152","64511,474078869905","69222,69526170654","68493,01076189356","99314,80661153243","148791,98164732262","148344,90553061935","82667,51185052781","199700,51163268037","81168,10129641481","80688,64066504785","170157,53441093213","159450,60400821656","159852,64489552312","159282,23055512496","162169,39762473444","168245,89393256253","31134,241994063366","16998,008724325064","182660,62397832438","182605,35060105502","179223,99630424284","179805,41666606336","181517,78109053534","182931,1175696672","180104,8196976003","88571,70952290842","16577,731287312694","18553,24846554408","26858,7188512188","18553,24846554408","33268,505819658036","171829,18605362927","175067,00139117456","170204,41711188242","168930,64548631216","79343,38991154764","89229,94524644317","87077,35745395836","69881,25753012752","74827,67379732193","74223,96856692624","78601,91017781869","81058,27443945549","74682,42849940073","75354,6906717906","73517,06945827436","73379,83879825425","122879,54281737858","121888,19224312586","28419,436390518596","29073,447164579764","28237,168305196756","29758,840254430375","101902,36992995017","101457,35202838837","54260,568820846485","128043,6284706311","137259,72440437452","138152,2300552517","113101,24118639152","14960,912360298245","16803,178673056744","13122,326179411999","154451,70437239108","152479,4810206339","211011,1750516694","209638,73341995297","210871,38303113426","112351,2465515975","115259,26578858295","115259,26578858295","59370,59714647735","37878,05006515441","201509,69579317424","199209,0742135842","193634,2567164923","196348,24416930287","207489,218457949","214363,0496911393","64482,18443909651","100507,96111212778","100177,4494618834","141223,82248163928","105292,00523464027","97413,80389516203","19581,142725007045","29875,916895010723","30564,32554819251","30295,473818947765","56574,369408730636","150737,5908248348","150658,39593371324","179843,63770954733","62557,32439672615","68890,80633337921","60429,67315451246","66753,6382482545","156080,16471579918","164155,77039978208","164342,0998625387","177014,9990355696","179404,9406541501","177734,35143207034","153427,28213434387","89143,14123002488","87184,18112482631","90375,35453569917","89612,06009923972","87807,70979025331","17305,845231742594","15889,728599070018","43409,23699741166","43409,23699741166","131890,71323099977","205028,10757082753","201738,1711441683","199530,34385970637","195540,79293817983","194901,46277485695","134487,46106982263","135132,91222558395","129512,39787846559","135397,74983973315","187102,13229231292","185747,01238622333","185747,01238622333","182154,45284280626","185406,73680732562","187662,0761354929","180458,10228185955","184614,58569567942","179354,82014288218","189644,8339343934","188240,44666587037","190270,11371999682","186335,88984690775","182197,80244035335","186231,4177891963","181728,07978160356","187196,58749844015","191248,81818495246","178103,98558591845","182312,6336879505","186012,9156357965","185877,12140795367","188313,66158794003","184251,23816959825","189516,20716579436","183666,98737110873","189769,83175626284","186380,43363333723","182259,69086002122","116545,2139473542","105602,75833023152","116476,48250259747","137299,36248062982","133097,41552669328","137068,1215732847","124721,24149146459","131128,96373004036","95060,67205638188","83147,31199354395","38779,67020332578","104215,15996878946","103442,85461591995","127342,37469855303","206924,18417557076","48784,15234358247","48512,09775686915","64040,40402661142","66452,43858009999","68038,20761044924","0,0","172596,5163641028","142608,08817936503","134083,93751834345","132130,64006245523","61936,30504362913","62363,97485284943","114031,98767146439","114341,97209617402","114341,97209617402","36167,27113273913","191265,3769822869","191613,6906712858","191613,6906712858","102062,72934990707","101320,77522707131","65774,00791484657","179298,18813852352","179980,6086469419","179652,2450284611","143136,61284713147","147513,9737664906","143091,98083262003","147352,09464000602","145577,14092197956","180558,06367018534","179809,75444831458","174991,54359863437","178365,0293063789","177921,27577327786","174922,8557535166","180529,8062046646","176318,5540280832","172789,48188326013","175519,7232136371","178410,5282291761","23767,164214036613","24684,29573678096","160719,10125167","198970,2842296173","194422,51587068778","190125,95493143925","191118,77211186892","190031,51225007867","191494,83470419727","195600,36979128994","194789,69498090638","31763,341060855175","172108,3658404138","172267,12760532796","172088,03664768118","67424,46099265556","68874,24393646684","67424,46099265556","85571,82640648018","85123,90667874475","83716,92173706516","39579,964442347315","28132,691025978456","31268,555206791796","99554,55906247685","132285,87405678345","132127,39629412306","61241,083219963286","60396,819918874105","60537,97970590065","38667,722459223565","39414,52648235753","66316,02352861305","76848,26682690594","176635,35689865844","168431,2660046595","178599,06485996587","175266,40164289053","177757,60713246718","177818,0344154317","169121,25575755144","82638,03247080713","195315,4964739545","194048,93812212066","95835,0226076721","95572,69367760363","194173,23422422525","194173,23422422525","7655,184185428131","130136,65586008925","131590,95657186044","129539,52736268335","60502,62697811219","60758,11010744819","48846,83722327925","48846,83722327925","32313,83924539148","25439,40420352771","167851,86326856678","47747,74179852105","45186,77106908281","45419,34546584738","121755,79030342908","153130,77980637806","113610,11729204243","120909,51776636943","154249,99027356468","144230,9777076215","157019,06998437011","153187,38444197594"
735152,"95255,48996784013","97002,32543067988","61441,02889949638","64085,395550954236","64039,885884483716","108717,74644781086","118595,36919547424","120830,65247958497","102776,51787603741","89844,33829709157","122550,36581131582","114971,7380663962","113328,0103128488","77015,93990426396","24305,535966716725","25444,537269796503","104016,51614773646","200240,75890723523","114110,86151336161","115598,48037135327","94424,52022310307","93076,61783700422","95850,63109690993","95143,9030599604","95668,29652966594","104583,06451740429","183484,08895213378","157637,07585928417","75822,48306081358","70350,84975190414","75340,73333971752","76633,18857281176","78172,86059612592","77701,79556014638","76377,15722635809","90559,54458261502","165711,74527995946","163164,65793081844","172805,0267799666","163164,65793081844","179382,36145973572","37193,08215100579","47256,87607868069","40864,45106301761","42173,48933627655","93270,99326372801","83779,31327717178","86150,07466894179","103011,14881210214","97801,9372298383","98554,36861063653","93997,09084941639","91610,85231099774","125296,05560654677","124151,8502924113","124632,22821757608","117425,9617979436","74572,53826177193","75133,97915008634","195011,13593207908","196051,22694475268","195882,9342639576","195919,21127901395","99726,9125348188","99375,00725802596","125806,5112538155","86029,06082673809","93478,79818005422","93531,04947456763","63434,89051671321","182659,13982927648","183777,00282471188","181553,35419562148","53138,38743116088","54335,623060610895","57545,515991527114","57701,44597876978","57062,112040015294","71408,28282357329","71395,52813250171","71395,52813250171","223186,64725022053","134721,52680577547","79731,6628725742","69654,05769129639","56981,58595323805","74396,45822463413","50084,80617765049","48300,24982695053","132979,27181855857","118330,80955124708","118518,83562211474","33153,69775073203","102766,26329367665","117259,00265005835","160644,00156002713","145608,64770740486","144012,26425505854","202356,9974580907","128202,88974297486","33975,649815854595","32312,41232045381","8311,893030793684","138852,99026790043","148538,70551053205","137672,3922139193","150349,48666796644","68691,67784302834","75832,39983479415","75784,34815001427","32781,399483197485","36821,54723996253","36945,40068153668","19233,24929905462","122905,48845917713","124951,29250216548","123443,87491179368","123920,02988481017","124044,96716605802","185112,83569715603","183287,78835837235","134715,60225979064","134715,60225979064","42029,85516925181","81593,64497041162","85299,57874894756","87041,49517562655","81478,58650259663","82807,29964175807","64991,439853196876","63988,01860466901","80322,02601222669","63559,91306398459","79400,9141064242","84915,92065719116","84915,92065719116","89738,5310030845","88119,84253633727","82951,5594766511","78468,51631914542","80045,16866958863","88244,87121522769","86946,37086038616","81463,0700517991","84590,45567445918","80262,42851646387","90302,60153009233","82218,91172776684","87620,88402634274","88464,99357272159","85655,0053258807","87021,07787678395","80470,47905550768","90941,30608119798","80237,12187544102","87351,13114108227","85241,31403406123","82019,50101772553","85826,6815866534","89044,04626883134","89111,23889824675","87673,49372566788","104868,38168687923","105588,39316963597","100224,4314419242","128477,03937155625","122692,63774669908","127775,86633983014","121949,70174355431","124475,45101812173","86475,60517866861","92107,24523577918","203883,86715728804","89787,08960997677","87370,13419167591","51084,55959314913","218231,35621403193","145710,75966742306","146224,56860610904","111096,73611678209","108465,67151787903","104815,33231585336","172596,5163641028","0,0","121858,54160490968","39537,25106539637","41112,7818665947","119642,11483385313","119992,11668605662","69148,19604074705","69213,13435086032","69213,13435086032","206591,33175837708","22556,96948578778","23488,813601560556","23488,813601560556","77179,29675531488","78225,39099760304","189176,84258805777","23484,83720118161","23489,183255936692","23099,58788964611","64087,923718472695","64721,35036132112","65694,0601725977","64979,04517490642","65147,92563091534","93421,92241681425","92295,76825143273","88797,35626765495","83335,1346181633","83716,30547590907","92493,40069915638","92809,7014586811","80386,04472014323","81530,3838916424","96729,98090319072","92797,2319252425","150688,35524761342","150503,76027267604","13234,342947286128","87255,34465103809","88127,86141798973","81414,41234103103","88225,28903068439","80923,41766173675","84226,28423318359","86501,97725615805","84442,58705148415","194554,7466408498","51770,1031819642","52760,19057765746","62123,75377404551","158447,26421127963","166704,49361060627","158447,26421127963","148756,72704700317","148984,5958398853","148846,52104714393","150712,4208870615","156647,47629467447","151530,5876468646","73061,9732622586","41002,67177720367","42448,819274663234","145567,5979821214","145697,32310561376","146340,23598855903","149007,00629197876","141294,918647386","112054,87374344085","101849,27893268292","66062,69907026309","58943,813434397736","73505,78504689685","66436,12490885121","70812,15043760117","71334,90714918084","68914,44909004115","137948,0656956899","78402,26855094309","78630,22283754063","125857,3971448799","124890,71333169875","35251,1720845364","35251,1720845364","170252,296428185","142760,42273925603","142454,36494205787","141076,36075215373","132361,62255846962","133797,1849034351","220473,3437680553","220473,3437680553","203310,76063133308","198015,6817758822","25085,483464632925","125480,14652177267","129159,16729001504","129225,35300395488","52136,722589246405","45180,31307983113","113776,65555197581","120843,77038984896","104729,67296143308","113185,31472041599","118494,39228383132","105505,06830462116"
835203,"64042,485229337035","63834,96072352213","122567,442392328","123764,51531373711","122839,26566353497","94193,07739358582","105722,00667249567","108167,0079654141","38559,299675656264","44643,72951341033","80821,84944146925","79437,72671266655","82004,0493715072","81691,74338740735","105697,72352417324","103143,01063877107","69788,13240379654","280341,79260588426","148373,07424122372","149574,51298586783","43178,28850791285","35686,06546732365","33669,62035935362","33846,24391933608","35547,59194777643","34443,143993459664","170265,99953433365","138071,97464659598","68415,89017811642","72514,5952274525","65563,01328467994","65113,977063561564","65566,27160037406","67276,04989342859","65584,93288591743","77369,70118922897","127017,58753001849","124561,83040258897","123871,33195548815","124561,83040258897","169645,13788069732","90681,72228048145","84586,0687113991","86615,84177691193","84771,55198387394","100852,11190509738","106251,98926809974","93363,17784628543","99932,30064041929","104781,72304278299","107131,24672710193","101776,01287626241","99250,91188290135","68296,4055269248","67780,55640682678","69667,42232838391","72360,93992374529","54701,94773742332","54804,716890832184","147834,92192776367","148872,83513273526","149537,29125366977","147901,3037608496","49558,917483310426","50316,79160531596","92869,80624345041","39382,11869407825","28703,36716998752","28515,859365117038","117608,19021636876","157510,6600137272","159325,73539068233","155696,53348328228","69374,4020480956","67878,71948922027","116001,54443087793","113853,00953257874","116257,60219524206","69081,15440601832","65565,98994486529","65565,98994486529","201587,0749980381","118806,58974273436","85873,64045381607","90610,16875968715","94203,8050667613","83778,92075681068","118080,22561544871","132120,89617627283","78150,33221995394","168582,66261891334","168500,02501141903","97757,67411685867","43804,50776443719","45802,81245034409","145287,53316094915","115224,71597732196","115733,31300237193","161548,22100596395","88120,5403613524","88489,54713885863","90431,38215292459","122905,61367790122","80304,58885361854","77652,74507989567","82229,39346548375","80252,17585894535","55486,50268274599","53345,25515531157","53505,357159337946","97981,37959692912","96589,70753681374","95113,93174683301","110567,97598684965","53553,85674717812","55435,354807498305","52267,589458796974","53019,08654857235","54840,31497702965","143699,07116618144","142423,65655688688","102450,74544731868","102450,74544731868","94978,32803142507","88760,45738978492","82270,09279090873","78524,51921747086","77786,64424059103","76147,64493128155","58919,24910604214","59775,47069474166","44530,856774043445","60147,25503072505","70199,51764474038","64887,60897450588","64887,60897450588","57901,104250878714","62324,316311319526","68245,24330558922","64342,012907302706","67214,05630788114","56169,41184504374","67578,66393174592","69900,59166702749","69858,32358269862","68794,22762058202","57560,090824446655","67286,60030870118","58938,637302442854","63955,93333377949","70182,20872311285","55840,34728263438","64634,932962739455","61058,929650413214","68345,94427737061","65887,55622909029","63135,16940700988","70847,97580014006","62134,51133364038","66305,48869649397","62664,99696490577","59431,872925085","31424,749292301858","41753,02851144325","34709,23062989759","9220,357962726945","9722,904475941667","8806,932536842536","17964,960642889604","12170,044931289585","72268,2607917049","86725,90198307957","181299,4490375565","143813,0162385547","140145,04897254205","122044,40916919484","294832,1783450355","94136,93231699213","94470,11778430852","120514,71447533909","119188,73308115815","109578,55629302896","142608,08817936503","121858,54160490968","0,0","111914,01840864302","109930,00380203809","134260,59859338956","135382,30713167816","129333,16787547","129867,31131363162","129867,31131363162","176603,10346239083","123579,52174181401","122937,92421414562","122937,92421414562","123424,95898703985","124037,78886992951","196728,66658134168","107627,56250734704","108247,50020675948","108276,60824686018","57854,36366033937","57233,17562275434","56223,81845458886","56967,527004182426","56715,33810060709","53806,38594128249","53813,205093130164","51646,38353802169","58769,33676281234","58074,859399298926","48937,869602236024","54186,92755056711","59105,99560318552","55166,72763448212","46605,72926474461","52088,32978834715","134483,9391896955","135658,12887379268","110535,07899760264","77735,9281186687","72006,59237696299","71921,84232556412","68308,14177964181","72169,00409763181","71427,9571020065","74407,64679951337","74897,06902717515","174241,12765913","78745,70472205426","78035,26059250032","70182,9364151505","178131,4337850698","185004,77049112285","178131,4337850698","182915,10688764192","182790,61597567517","181750,04858161922","103384,00255292114","114758,87789724622","111341,32267744403","98201,45536939298","97600,83564248803","93050,11215360567","163286,43712088466","162770,57768399082","163453,6158957734","148634,35401544467","139468,89140310773","87231,88702724884","81812,54212105172","70554,07132880145","70327,9847263723","66407,61090834557","69131,54381411677","67758,44486009172","67402,5922178419","62464,59359826854","61720,20166704345","79713,45400273758","78146,34772784474","46860,86647016662","47062,31973986795","113791,36661448963","113791,36661448963","135814,62610762738","26550,99557438943","25435,298573562897","25347,32355470777","149493,19492111017","151313,44760216496","186091,9542696022","186091,9542696022","172529,29208266287","162466,10642821906","98709,4878351535","119430,06920164112","124698,79323843353","125485,18919403829","91794,09499134103","76762,79355116891","30061,533314918855","21703,6292556077","22372,719468789393","9122,630283489401","15735,912498394982","20991,21213792359"
735153,"66739,38966982307","68382,8259078945","23490,599761861224","26165,875318689712","25873,520625152767","72287,07113359687","80815,0998142439","82847,4870796905","82418,14713504772","70596,51234668294","89402,04199737702","81802,49859534005","79526,10069180357","44409,3150835211","19385,19233724915","20749,41613461808","73191,96655695622","179112,800387224","75807,64580455786","77327,57824892133","98538,49213802986","92965,3282641506","95486,2101530885","94651,54161745678","96281,7565047012","106113,42432146003","143980,45273771358","118704,20420750658","89526,27631828061","85476,51063075717","87555,58704014403","88801,87454450961","90752,38812211424","91048,80789424559","88748,79973287765","58093,64515991276","128321,79855856845","125874,22104208906","136449,56835296933","125874,22104208906","139851,013120602","56195,169049573335","65037,79514243389","57515,07024319004","57545,55436501965","55275,49672256377","44862,84411350575","49500,91815876299","65419,81502732049","59368,362615597805","59862,8833785421","55877,605351712176","53842,07865741981","95204,45878732238","94130,83656118809","94170,63878985072","86011,89796395022","57477,87174898582","57529,383973755816","157614,2204753487","158625,39772466087","158365,89401068227","158595,87986612754","75770,53274448443","75195,18300720683","90440,02576773863","72552,25935260134","83958,94620660746","84386,6777025513","24257,36916705286","143602,57483492323","144665,33100468613","142556,043240252","56184,07317881047","55886,403258451275","90449,32764923497","89926,2505562361","90086,9683512372","46334,23469358557","48505,90690851088","48505,90690851088","183692,0412529078","96265,572117188","100802,64818348008","92844,52583035914","81763,72103301057","94793,02719365727","84283,0970883749","86171,88177213164","101079,51449406204","83356,81588092225","83487,47494397768","18927,59043607554","80437,77761503341","93104,72032930824","121408,78060979619","108186,24735568583","106420,86057350246","164119,22041640186","93882,65150590467","35406,75559380439","33605,256491121996","47493,13115356712","106959,67007114782","118222,78996115176","105261,11305159846","119644,41146449532","70584,99107059115","80706,43773063239","80758,28163635747","57091,70633305568","61081,27084303227","60063,606199736234","21690,057259191482","96574,06152459096","98176,52158298004","97484,42672267552","97767,76212345378","97397,37406427952","147352,7205853918","145522,1782671477","98325,29218773205","98325,29218773205","17174,558975082495","103612,674761162","104826,22346269207","105145,80988036205","99443,68702993687","100122,21458429386","54158,84557962745","53510,55787114029","67423,7518963697","53229,11403671795","94201,46559116659","97705,16783515037","97705,16783515037","99837,73119109999","99978,21977865908","97073,81364158867","90488,5810778551","93559,88277808845","97491,98254725104","100899,90280626518","96227,6910141501","99421,37834263628","94493,57632865025","100290,92331014722","95899,60416826347","98026,72894895161","100998,52798902853","100627,79424631219","96002,02700760987","92842,00337086954","102378,35350773632","94269,38056561383","100635,4422146214","97301,03534403935","97199,65507660458","97491,42525830619","102518,71068967205","101142,15813883267","98294,90340088926","86856,30422072073","83573,66015728918","82093,78107006665","116185,47840582661","109597,8000151262","115479,83662275969","106252,42318929179","110617,71173493758","56095,57227511657","56978,71083082439","164497,22559563667","53578,15449122559","50594,40407964951","14842,598772437312","195875,31126508527","111626,07130060629","112124,7852906181","71716,4024171769","69095,1867475576","66051,21648051178","134083,93751834345","39537,25106539637","111914,01840864302","0,0","2416,1860125585104","80121,02184340698","80486,3269342695","32192,08814649011","32418,076264286803","32418,076264286803","167499,85548288465","60766,2627992646","61437,78517825627","61437,78517825627","38169,71409421927","39241,10265390943","150225,9571481953","53675,575789442526","54162,66016680832","53738,65049623454","58853,38571420055","62154,606089713656","60387,143168414805","62296,299083867736","61381,2628281124","102029,24052016402","100839,73971491904","96055,89086414881","93259,17957805823","93356,68720379443","98960,67161910702","101539,75542039493","90059,15184253138","89343,83992898201","102585,96829185232","100651,61242911492","111700,48320261245","111434,09280297329","29984,63141393371","105065,43445489559","103793,75742623975","97024,43188300489","102475,85968806905","96623,73865332923","99682,22380436983","103100,70028538964","101257,93951758482","155158,01355137283","66402,40139677745","67210,54654533933","74015,62969112504","119962,91817982319","128266,20135550153","119962,91817982319","111888,02344654295","112065,60860068072","111776,23130148821","115439,06855489612","120128,4460249138","115078,21295707145","35512,55371944673","14547,248587615368","19205,199598664207","106620,78388418855","106705,29062200656","107364,64101400052","109472,0707808011","101818,5043392402","77090,64425820575","67877,58299633664","79351,36382855308","69572,4217757708","85878,42997007346","78926,33414666822","83450,81901732893","83871,80416734742","77661,39769896919","110418,05133959097","97148,80925675623","96748,59356101706","101496,69829168195","100438,22223617286","69050,05878563778","69050,05878563778","132220,9721570917","127060,16385507495","127180,3064961116","125364,66166947501","93102,55736968196","94588,0903811933","181483,1720151545","181483,1720151545","164302,09647396766","159413,20123174565","45501,557175431415","86571,87173806156","90011,94778946036","90033,56002410065","21556,316553365254","48200,66413622118","94757,92315917916","104002,75213555826","100898,81290750444","104695,31742803555","113793,37012468836","101170,61901287905"
735158,"64329,29365255841","65971,29116023426","23079,177513251878","25715,74135753848","25341,5274787753","70057,18820898216","78726,1197239353","80787,29850197249","80145,89603001809","68388,04351020485","87033,26336181322","79429,86227461846","77170,09416509987","41998,28842354478","19986,252052044507","21078,02927833729","70779,13762412043","180090,55258703878","74947,78376336228","76473,7995028105","97243,35109881434","91480,62668197157","93977,4917097358","93140,2264302421","94818,01528299174","104655,70499692901","142373,41088866745","116837,47165810113","88814,54304284877","84876,42999838338","86769,30026452852","88004,83150953997","89967,09939854607","90306,63019746948","87963,9015393949","55690,70552691865","126213,14601540338","123754,36955954519","134252,9245323836","123754,36955954519","138293,86976291874","56165,84970994406","64795,66260210489","57318,10786793437","57270,152090621195","53188,64464068034","42949,39769297503","47255,70650489792","63292,58650930332","57360,01651928028","57908,593070199815","53810,56648341917","51721,33472392578","92791,60734450525","91717,4295157454","91760,08654844922","83608,59252853047","55411,77674026959","55441,57150126647","155515,17046642042","156529,63695205929","156279,8773451878","156489,49389084804","73420,54079496209","72841,31836996399","88157,83446707008","70553,44065826811","82076,34377929369","82518,52214356586","23266,47103335917","141774,53963259154","142854,10918690887","140711,15138841636","55192,73441933968","54812,192493215385","91042,23599198261","90464,08154333738","90691,86280772935","44030,641269378546","46265,44255586143","46265,44255586143","182074,1402142699","94288,68824221034","100482,72001434189","92705,37068276145","81801,99180278466","94460,59417295767","85017,1879435593","87295,95759124338","98688,79192858086","83147,74957084314","83269,00688840725","18355,015946194482","78117,67148953018","90732,77751478301","119637,33918411289","106072,46883560832","104325,03838427491","162127,07264317732","91554,51627730727","34893,18763065399","33175,635184464794","48959,02471449264","104570,8101384845","115815,51669335387","102881,88792878423","117241,44567917236","69352,75500602467","79554,16390705665","79611,08900079111","57373,93721508098","61297,60656427751","60223,281411105294","22828,181420726865","94170,8846553806","95768,87730992881","95084,74438057057","95365,93700990533","94991,01554274754","145291,90652123748","143461,53544958797","96113,45113602813","96113,45113602813","15503,430442206047","103341,76366817081","104388,49980403001","104617,22657049296","98933,44866901738","99568,41325614502","52418,607865599704","51796,231220221176","65476,806892221975","51525,823663062314","93526,83911823074","96893,03416718818","96893,03416718818","98861,01759329288","99100,81850085284","96343,17132135383","89672,39041705258","92812,75726191222","96479,13145469328","100139,90688330255","95539,70826392648","98720,69054791146","93783,44553318458","99305,80141151177","95149,20549070444","97076,25121138539","100155,11443253238","99929,576020808","94981,97652602923","92032,21183209897","101465,40122723034","93548,73874205333","99837,45855593956","96448,73568504487","96531,2984080058","96615,40669910975","101722,8719300899","100269,04840139032","97355,27611566299","84644,43591444213","81256,26428075971","79889,2690348433","114106,7377932615","107502,71666720885","113402,16188630689","104076,42695404893","108494,57929972855","53679,61489828128","54651,25863308431","162799,05985249582","53283,507123899915","50200,99636898036","15280,187098902808","196747,4097593376","109298,10292788825","109797,60382941946","70006,21109123304","67378,53963217683","64119,36247050695","132130,64006245523","41112,7818665947","109930,00380203809","2416,1860125585104","0,0","78677,5279221381","79069,79794676375","31929,470976056826","32192,568499189343","32192,568499189343","165685,1746802479","62026,13352841516","62662,899113676285","62662,899113676285","37173,24430765347","38251,47324944326","149096,23581997116","54387,04086042536","54896,75447503473","54477,671412569696","57356,22138432793","60764,72002341809","58868,97847894595","60898,55271592716","59934,88603571371","100959,22348856393","99771,68948765438","94940,61533022387","92306,84534548572","92387,81493505753","97788,32232336162","100478,7375418853","89111,27179621451","88296,19585942056","101364,63431813267","99546,59113352494","109846,70830281074","109603,98471739299","31049,536369718124","104518,93559289994","103122,0680305697","96382,81634498297","101725,86639948549","95989,70374855812","99017,62241465511","102488,71702989555","100667,93362636123","153465,18863121985","65951,32337944918","66738,57337983524","73317,96618669512","118996,11141554092","127306,06133775575","118996,11141554092","111294,74277859792","111462,49527669673","111144,15855331392","113166,09010711261","117937,7896827172","112880,13981041376","33322,40485480353","12920,361970043188","17557,215752148855","105516,22925602856","105583,60434106273","106248,74356553795","107931,34060800228","100182,21566158623","74777,79737109551","65517,52385726174","78688,57752947613","68846,07122205575","85112,62136235452","78219,99305995424","82717,82565932065","83129,77454985467","76748,97865268266","108003,72161479833","96699,13441580576","96261,8496028338","99115,84076691761","98056,60407724339","69839,36279671936","69839,36279671936","130190,97868156615","124855,93915454627","124988,62380355863","123161,99095004216","91871,65097941809","93381,68361593301","179641,4324102579","179641,4324102579","162463,36904852273","157482,06508799476","45817,108747692466","84688,22461612865","88201,46644446308","88239,22956656784","19238,73914108329","47362,08745256482","92501,34354282694","101794,93621661511","99203,8489047055","102786,33193586058","112020,55203122608","99451,76561976949"
836110,"70628,79797289365","70608,84861494761","59584,41377989763","57224,58055970998","56971,255943106946","40596,48162229227","31935,742524834397","30598,55698832811","95793,45703303709","93247,09374337943","60552,22244334512","57897,12827286133","54603,03445533911","60997,4408121634","97863,45930885","98198,21999093994","64671,99082071997","156658,55083691826","21693,303081962422","21883,016224086074","146384,76380969211","136728,29519046083","138150,44024487745","137384,03822779603","140069,66000290765","148583,5560487482","64456,19522737288","44947,060318821095","150368,36712861","148508,12984260105","147314,4586154175","148242,4019505438","150201,83777860238","151224,1946416333","148408,35969337437","58436,97632432712","63652,01437845504","62185,89836155534","75968,49819761884","62185,89836155534","60007,97660150257","128626,12372416204","134616,67505990338","128216,09213143041","127425,32729307514","36342,8327839641","38980,01482602487","45862,55716276813","34410,74450959814","31241,81183953442","29045,61201085822","35276,71591393163","38396,130410778045","74866,96207885278","74601,01881950007","73068,06768573986","66177,94478720357","92925,79696027655","92099,35413155338","89659,37762384131","90455,60530249047","89776,39779274206","90917,26377808566","84808,21870239804","84067,72889915266","50417,04333881559","104522,03400605023","116975,26391038143","117829,18657109345","56447,55747816529","67386,70003046464","68050,05181090442","66768,32775423821","117049,54993573039","115509,35074764333","166882,1661463472","165943,28129749862","166615,5904029703","77414,5406564088","81474,55479390557","81474,55479390557","104096,60091291687","31787,091693248596","166935,9269587681","161847,2060738936","153375,7120845741","161103,0438372804","161788,35279743143","165613,926818737","71151,2253685794","44606,99485989167","44346,917692777635","92365,9400815809","90465,8695570321","91765,62318025602","44829,56296987261","47759,82773757033","45379,04617983645","91649,05744137701","57152,86582250324","105827,2621609569","105045,97446503949","127607,8235287302","74495,01538359345","87507,22992833891","71435,73003598813","87071,02870698253","124397,88667169915","134404,70315854822","134553,25893268202","132089,47290243342","135366,863561885","133925,0404815032","101433,65309650518","87511,4065689959","87045,54912893103","89062,94268839121","88656,92756701105","87012,91676875696","78404,54210161332","76704,51614350372","48265,238686427256","48265,238686427256","83641,34695617214","170295,11288470196","168952,7802470633","167795,83541425626","162779,02801322617","162707,7175087678","101029,4680329165","101261,83079715911","103191,02082071072","101350,57665352707","155246,54090018364","155992,8940227782","155992,8940227782","154699,48655695666","156809,44515902596","156896,58528654228","149413,4257349546","153410,967565487","151862,2053996166","159860,1521567827","156869,45467825944","159571,50627028756","154904,6353121204","154931,7078602648","155476,8547271015","153611,86350766558","158388,67580750707","160721,58335891902","150391,45738820522","151643,61860753078","158276,08709783637","154518,25619618734","158917,34277715412","154874,36596333783","158096,55116204053","154593,51370141414","160673,91910687843","157945,250531265","154069,21456254643","102969,80946626412","92552,87056063548","100363,14483839163","132800,97393955055","126653,11525560827","132293,716392001","119152,94994362922","125821,39723506404","64848,69401891437","49090,89268769169","85727,71636053575","42281,77597914267","41637,20807267969","70053,91209285735","168082,17172240338","68135,34597901371","68390,13080560946","13884,351533492149","15687,583399015648","25008,401874805204","61936,30504362913","119642,11483385313","134260,59859338956","80121,02184340698","78677,5279221381","0,0","1165,2036513786936","54258,1200859115","54468,746377863084","54468,746377863084","90447,58636257591","140635,27636527433","141229,99579012333","141229,99579012333","43356,4392550019","42417,39110619335","72232,35462146219","131544,13648615615","132138,67646864126","131747,88780750684","109856,95600191105","114566,91087608201","110493,31357356001","114509,1327953026","112794,16589129459","154677,45073181734","153663,21867885767","148412,02882030615","149325,3066280294","149085,05742665956","149677,20312403783","154438,1083139462","146577,1400516704","143970,63368504023","151702,5138210901","152684,53692367583","38271,65546248246","37256,13150031184","109520,16994756513","167425,14552441388","164103,84222152588","158390,45500438078","161484,74726258588","158149,91085639413","160440,3939641385","164498,44835967838","163162,53852005352","76409,52565182628","133363,93330889993","133822,76837470353","136711,37066699128","45828,75180647122","53697,782230027406","45828,75180647122","48805,596627432555","48650,46667385269","47559,898917716906","65047,32953021204","61964,84511450773","58580,694282102355","51751,99852126342","83076,571852439","84610,11700337533","30683,538637971553","30398,166432781232","31120,23737092379","29687,117794140544","23511,544628865613","48747,64804212292","52455,71510290417","142000,6723510202","132368,96314679648","146166,05989606166","140936,3516464219","144544,91519511043","144771,51342005096","136375,49654638406","91773,3244425831","161584,54922369943","160642,08314785978","95726,57441645925","94879,88924482328","147080,7990646552","147080,7990646552","63244,3573767534","133550,34277139878","134565,3384799825","132288,03293780726","15917,238156897096","17766,902901868318","104722,43420534157","104722,43420534157","87778,61468397644","85259,9747772583","121302,66458087327","21775,024898861324","19887,869036463646","19176,630997837023","74807,88176183199","112764,34307743302","105045,11079917614","115297,13903595555","136866,90969834264","131854,92489486764","144771,2018326764","136274,671573282"
836089,"71724,61277036618","71714,05467548706","59765,911142871424","57381,1231045409","57146,36177019401","41750,57979020077","33090,930133138674","31738,741235626167","96907,6526704092","94306,0163866057","61712,319389881886","59061,93414293858","55766,962288944815","61909,744350735935","98323,3002599858","98686,36340043473","65809,93453771759","155535,04851771955","20775,53354231208","20916,16669061701","147365,8693408879","137729,72709539096","139161,9955230079","138394,09816844686","141075,2414117936","149608,54720966084","64316,52807864851","45367,11467505297","151224,90027573728","149335,24806123183","148179,97969192965","149112,7465433089","151074,4700761289","152089,63515450328","149276,39432524567","59488,722962349566","64345,79785636469","62913,51178540036","76726,54490930046","62913,51178540036","59804,9843366604","129280,35494439787","135330,0743885817","128900,80300896008","128122,4873916618","37295,49663268324","39680,91005964808","46788,17973228049","35513,24800386731","32227,78612907403","30014,69355020211","36230,71258245145","39340,12871536056","76029,9155984777","75764,92377848439","74231,0270874461","67343,0284701909","93891,45930455909","93068,89260161467","90173,36348456686","90960,72136340826","90268,74671530028","91437,59978370961","85920,11472811602","85178,6638161759","51556,00387847904","105549,57240084639","118021,31515702323","118873,97268736284","56728,27562553312","67571,79727459709","68205,59760074927","66983,40458901494","117849,246654902","116319,74559782213","167477,77218927175","166550,75708320754","167208,07727450336","78336,39280947734","82405,66739201189","82405,66739201189","103917,81398273166","32700,6124327868","167739,65451853786","162601,47185936235","154075,4263969978","161898,80772359116","162345,34898826192","166077,2920099966","72293,38390487712","43598,35808177259","43335,22988466008","92909,720678221","91585,08907352776","92922,39410465096","45059,61739968548","48645,40550926794","46265,75936225254","91987,44256472797","58291,36946768909","106467,55517717153","105667,86496934397","127978,76225970485","75619,34382336061","88619,40142661733","72558,36232104777","88172,47953391918","125290,60245858278","135316,322066436","135464,1613264353","132694,56973315263","135992,16176469784","134557,83009308125","101846,35944073486","88675,95904715765","88210,73382303232","90227,4568154043","89821,71966876206","88177,95501100711","78911,47849634597","77220,74130436759","49326,24136445465","49326,24136445465","84224,07064447591","171093,54097330006","169786,55785572244","168648,01902494204","163617,69083910843","163555,99750062026","101926,31547621687","102151,27088697067","104187,8958867299","102236,83858016698","156106,21943655104","156885,18251639593","156885,18251639593","155626,28840243755","157718,32504194503","157772,4935032242","150291,0645258142","154282,71277400237","152790,71265766316","160749,00045838562","157735,7202072111","160446,3975369699","155771,5007629785","155860,95702955293","156354,06083737276","154530,17819436913","159293,2680104547","161598,29809311108","151318,07487956036","152525,2990815986","159196,21170672763","155386,6030359253","159812,7847815664","155773,23131700032","158961,06559776698","155497,12219883598","161572,53962639457","158855,62238761992","154986,10572968432","104083,5694865842","93680,03323445706","101462,55775557517","133941,50038978865","127788,21918073381","133433,3401468292","120295,51831433423","126961,7653202767","65878,38408360587","50128,85212630256","85669,99930156193","41894,50302597412","41347,74944567026","70256,17165155862","166934,75082511693","69191,13014438433","69442,6628169762","14960,570682610027","16697,92361899186","26076,10154407537","62363,97485284943","119992,11668605662","135382,30713167816","80486,3269342695","79069,79794676375","1165,2036513786936","0,0","54294,18925628562","54493,79629503885","54493,79629503885","90534,99857265306","141054,39505056787","141657,3307370343","141657,3307370343","43531,65145811221","42578,53122844748","71535,95508624043","132067,6364570993","132658,82259504707","132266,49625273162","110742,74434882322","115451,53345819646","111389,48079771288","115395,56864854597","113683,99155498948","155625,60212194436","154608,62841070472","149355,8218238477","150233,71021601933","149996,6514505906","150637,4469666355","155383,65391967449","147477,42906773975","144886,90902598356","152678,9644803655","153636,23366148694","38753,36383954109","37700,087964909995","109952,24252189138","168280,69054966193","164981,3228099825","159249,60147005355","162374,677211235","159006,84861171545","161308,97580995987","165363,25862319476","164019,82791887136","76363,80469785057","134115,9875048067","134580,62588584845","137526,5959938934","44881,74211080955","52788,46444211176","44881,74211080955","47660,40117564663","47507,45026739533","46421,40877259679","66030,31955861997","62825,86961849212","59490,01241932773","52461,03772775791","83627,99808419916","85214,33232161334","29757,587021322142","29491,47767313834","30213,52484076707","29551,99057141686","23698,302884585682","49910,67514824498","53582,027295339845","142824,19642420806","133175,94125800888","147023,9536238534","141766,39060690344","145391,09334303066","145620,32648445756","137237,5724102929","92928,69419482254","162407,34450490293","161471,2753302255","96890,88001400701","96043,85125040183","147609,5406515557","147609,5406515557","63798,64125277533","134712,14803212413","135726,29649117924","133449,0310882351","14960,570682607717","16802,874456933496","104814,34375653621","104814,34375653621","87906,30371810516","85529,96558675985","121874,31326287943","22812,24576818383","20772,33008475089","20040,663216069384","75455,30909401193","113507,1799456576","106183,62498566695","116441,49630154048","137922,33483296243","132953,44855540185","145862,57992174462","137334,71471611393"
736042,"71845,29810056268","73056,50049949891","8947,162649053324","6529,8573107048705","7225,309961067599","62358,36773101655","65998,55092067037","67167,13413163439","94129,53979862892","84899,82314733286","84252,24217934873","77480,41501680142","74334,55147474825","49121,0557240432","51564,93706092771","52912,88698710342","73930,88902535223","152732,80743302772","45095,813510547276","46559,34434034373","124522,23696380857","117344,22653521712","119583,38378775101","118737,92828072143","120804,55048763804","130542,32671505169","118539,66579256751","97463,80334162463","119250,7425827968","115704,78539750629","116935,78870695466","118120,02611356563","120116,54790867484","120621,63941033893","118127,91479587414","59075,96055807946","111765,12534710534","109666,98783639296","122056,98565584097","109666,98783639296","113881,04545555977","88056,21093591873","96474,26347850506","89069,06242773987","88921,91211832523","43590,4758917877","31690,53432480407","43762,88828167045","53191,725176168984","45031,80870456365","44230,92326036168","43571,522809101356","43342,90427902108","94305,05906131136","93438,13600020368","92835,83765403411","84108,76058760827","75757,99640289546","75412,5301769419","140184,77852972757","141100,88120439163","140618,321503822","141324,78084252245","84791,7671278256","84061,194648689","80901,40753319956","91068,45436867353","103832,70209876439","104456,83083762784","11971,728573688992","121204,4728158527","121988,15125829693","120444,27705081283","84860,33077396013","84110,22071292014","122548,04751283942","122068,11180238148","122174,78691941852","60295,43537655101","63992,62366077294","63992,62366077294","158008,59915284056","77919,06019708428","131965,01915295946","124475,18192391313","113712,39311248175","125928,93136927561","116217,56138514903","117128,95222805758","96919,0063992417","51218,295486466406","51340,11773994477","49929,16898925","90500,97834789273","99808,69910908057","98566,05154851283","92435,59448432672","90293,70372261884","144286,03091237217","86143,83224167844","66294,65962701006","64731,52963659735","77435,97587483164","102340,8533709006","115185,86132824555","99940,4311293677","115957,36442552526","97495,46519378416","108007,24997550536","108093,16276482219","89257,84629189073","93211,96662633962","92150,46624114341","53316,927298572984","100452,60819280251","101368,5063300337","101716,41850171109","101745,54920875675","100817,14273452331","129232,79308122273","127434,48249254005","85821,65778468281","85821,65778468281","44311,399800751075","134910,3532531353","135602,6718071184","135586,14700723815","129971,00755963002","130478,67951504332","77149,50279222889","76814,849986035","87031,88118198002","76664,29911244397","124070,48518383125","126889,35329550238","126889,35329550238","128075,426284404","128796,13845635","126668,76045349515","119698,00645149399","123094,52678437151","125524,16084466212","130331,73976740742","126026,50908962815","129146,40308433001","124198,76003677229","128473,27374417163","125405,33857829635","126437,06887465171","129996,74524110998","130358,76676292137","124001,77788632002","122068,67537410904","130977,98316321499","123926,48759184316","129876,02600980469","126274,46047821648","127082,85905655583","126333,6603795469","131760,01677052915","129976,45652934759","126767,53793394867","100151,17274751312","93558,74809517701","95823,72262584006","131653,19677374282","124888,86970870178","130987,73452993379","119737,72074675318","125254,33980506717","60866,11347135398","53033,3708347348","139964,169335619","21386,17376149817","18476,04507376014","18178,114548338395","168511,07912011762","102969,39328449548","103408,57557001757","50094,98393946908","47811,27589756245","49090,18816086317","114031,98767146439","69148,19604074705","129333,16787547","32192,08814649011","31929,470976056826","54258,1200859115","54294,18925628562","0,0","553,8211239637953","553,8211239637953","144571,72778296735","91402,11376828396","92200,20876937496","92200,20876937496","12298,603520417697","12865,227547498454","120456,06363189951","85694,67102065786","86153,49203963733","85724,38169987932","83994,54171965068","88079,3023240392","85288,10859907452","88154,06698840395","86868,80281296425","129649,55634597676","128483,79602204167","123424,80790674078","121696,71225688663","121694,99453620208","125892,32220270191","129224,5503840243","118550,10983173917","117232,3316909103","129109,3182601196","128045,84358450277","90438,68835711939","89782,43188924031","61593,74307945314","135435,4165075688","133633,47313142158","127026,67400257684","131949,3320356672","126660,56637482982","129571,3480547234","133206,9372888089","131463,3731091315","130656,38785576029","97256,08195914251","97993,04864800448","103901,42141466407","89404,34080056338","97630,32374269934","89404,34080056338","79979,94349939423","80178,77371654943","79957,95377729881","104272,75919242784","106040,1437154142","101393,07498840915","32681,255871533773","42356,68034539354","46157,62162644077","77002,52255821833","77204,9565364916","77816,38635176944","83817,25705429692","77568,19224146985","69903,73871238774","64114,51374872525","109351,9039302693","99367,340170313","115370,01382334922","108740,05752733527","113113,6767947316","113489,78894894374","106469,08470306735","111649,11865082306","127902,1428363142","127370,94047920073","107179,32022842488","106113,60808968607","100925,1668618887","100925,1668618887","113756,29368541771","139200,31914479577","139667,28455124723","137590,34054283224","64668,17123571229","65916,76073298727","158823,88017180734","158823,88017180734","141781,36186013598","138504,66072784917","77677,32939320161","66914,214012411","68863,89207943334","68613,04435685565","40899,605715121106","77756,40668067736","106370,94384035285","116711,59653896179","122834,20933586353","123560,53860479471","134471,29441668346","122804,27193722756"
736031,"72398,93468123602","73609,80666056546","9276,624232771806","6925,578755588835","7654,040491997521","62848,23279036015","66428,77135425944","67583,8743468119","94679,04969860581","85439,57458255971","84765,51047424345","78002,25680241638","74852,57591460086","49673,40053589898","51780,83160649367","53150,582629118","74476,82821088146","152244,36357042968","45091,037434708895","46548,79164874128","124977,30740845636","117819,12563640367","120062,16258276503","119216,63663641084","121278,5059132485","131019,45119882622","118718,34022479634","97757,24007930956","119629,33953188249","116067,41867620626","117323,25625172954","118509,35053772994","120505,09535976396","121004,72507010782","118515,66339323606","59626,763766705","112138,33900973712","110046,63603533895","122458,60312538756","110046,63603533895","114045,43713713025","88336,01937050282","96783,52499778905","89370,16110232771","89232,68095392175","44088,655894389456","32201,617383209603","44301,84560976831","53669,2714910357","45498,474123036445","44682,353103653295","44063,66142781449","43852,08555392416","94839,02120596159","93973,27539732894","93368,14319393788","84641,07368119313","76272,67267119439","75929,6821336333","140533,69022998604","141447,9222811244","140961,6832677455","141676,03403518422","85344,59598414632","84614,12422366155","81380,41141770154","91588,17659386374","104346,87079814282","104969,70691368912","12469,992317051267","121461,35524438796","122238,22431443779","120708,00558634274","85254,23785272153","84513,20679540187","122737,52292463902","122266,65306054427","122362,35083009211","60825,43908273612","64517,22694000522","64517,22694000522","158169,86139340248","78282,58438399417","132293,58257878863","124776,63532635279","113987,01868396452","126258,03872794083","116384,94923100276","117226,74757677829","97433,86115821316","50961,911118185024","51086,871562645734","50233,641970308796","91053,0258981119","100362,04589920395","98822,37728522904","92831,1586136845","90684,85586947492","144590,13612911248","86636,24046096306","66617,50138110647","65044,3310948573","77505,43127271994","102850,77043510489","115702,71389781135","100446,12479364441","116469,78428380315","97928,29698712389","108436,82497166307","108522,156387746","89497,4343119433","93460,37218060002","92406,40769468319","53479,86777592789","101001,75572104","101915,87564707971","102266,18433054643","102294,76750674656","101365,16558224565","129573,17241256626","127776,03439275829","86265,29429155533","86265,29429155533","44685,118526086655","135232,43645001945","135948,61264956993","135944,76939403385","130325,73805876578","130839,52119164809","77624,28843368425","77285,99823034035","87542,4265749503","77133,88904040672","124445,79912386349","127283,80117142707","127283,80117142707","128491,73152631412","129199,79016402055","127052,3586197998","120090,4231452806","123479,12669201719","125944,17652279258","130720,38735856714","126404,2220913295","129526,7692633818","124578,8364677417","128890,80467243637","125791,14713500706","126849,39899444184","130396,33229895725","130739,16085266927","124422,13221785938","122461,13747684626","131387,00774905842","124307,86788654573","130269,57651861686","126673,96896247452","127458,2709093422","126736,28751918378","132153,8682388017","130379,93831007784","127178,58371675448","100697,4724019062","94111,14661736242","96367,97991629619","132196,07514448374","125431,71289374905","131530,4011809984","120285,69170782","125799,46662240113","61419,92298898832","53572,104624222484","140161,93392582034","21168,14310982342","18319,81654452543","18301,5783237016","168040,67540184333","103445,73750376527","103884,1720052523","50427,755419764915","48155,91667225613","49512,67698772502","114341,97209617402","69213,13435086032","129867,31131363162","32418,076264286803","32192,568499189343","54468,746377863084","54493,79629503885","553,8211239637953","0,0","0,0","144808,9853447876","91491,93036932722","92295,5331368458","92295,5331368458","12705,92747496914","13244,169414769873","120471,7228030062","85875,98006080283","86331,33725922709","85901,71862568994","84447,66095439525","88523,54656918887","85745,07748017207","88599,32308310499","87318,69090722615","130078,39449252177","128911,96199705174","123857,0182475273","122107,49418691832","122107,89714945748","126332,69116497222","129652,0875756233","118959,05006848297","117653,38501550141","129557,04300433281","128478,5477484807","90735,84884349196","90071,47129783148","61749,21962173835","135796,4845028358","134011,21518570205","127398,47760152852","132337,13202369682","127031,24157882525","129946,99118232881","133576,44585535687","131829,42320481307","130857,59593914052","97592,28890191381","98332,21686739055","104271,89682527137","89383,87280517716","97602,51355428949","89383,87280517716","79841,98566868284","80043,8879242986","79832,48854125105","104722,33976192649","106452,42961186217","101812,99673769988","33235,076990286514","42713,56309997633","46539,36655243358","77040,71423636487","77249,06232297598","77857,74051021715","84005,95891048209","77802,08135763391","70410,47086611869","64646,737996270575","109720,32113263791","99739,1553897865","115754,20734726528","109113,82667179142","113492,71306956852","113870,14738982351","106867,9436745305","112188,51951630691","128248,00870334404","127721,78381818379","107731,1700297548","106665,51893625506","101088,35307825975","101088,35307825975","114096,34855479433","139752,1968589331","140218,62911241874","138142,02510458507","64770,58787807985","66007,68044345743","159064,11791893505","159064,11791893505","142028,95055420802","138788,67394211513","77913,25836287704","67264,07321400564","69181,15246003515","68924,6251982645","41355,40452017499","78126,01770866453","106921,88283915468","117261,17848697497","123335,97728319502","124085,70084102108","134985,60573679264","123308,71683969513"
736039,"72398,93468123602","73609,80666056546","9276,624232771806","6925,578755588835","7654,040491997521","62848,23279036015","66428,77135425944","67583,8743468119","94679,04969860581","85439,57458255971","84765,51047424345","78002,25680241638","74852,57591460086","49673,40053589898","51780,83160649367","53150,582629118","74476,82821088146","152244,36357042968","45091,037434708895","46548,79164874128","124977,30740845636","117819,12563640367","120062,16258276503","119216,63663641084","121278,5059132485","131019,45119882622","118718,34022479634","97757,24007930956","119629,33953188249","116067,41867620626","117323,25625172954","118509,35053772994","120505,09535976396","121004,72507010782","118515,66339323606","59626,763766705","112138,33900973712","110046,63603533895","122458,60312538756","110046,63603533895","114045,43713713025","88336,01937050282","96783,52499778905","89370,16110232771","89232,68095392175","44088,655894389456","32201,617383209603","44301,84560976831","53669,2714910357","45498,474123036445","44682,353103653295","44063,66142781449","43852,08555392416","94839,02120596159","93973,27539732894","93368,14319393788","84641,07368119313","76272,67267119439","75929,6821336333","140533,69022998604","141447,9222811244","140961,6832677455","141676,03403518422","85344,59598414632","84614,12422366155","81380,41141770154","91588,17659386374","104346,87079814282","104969,70691368912","12469,992317051267","121461,35524438796","122238,22431443779","120708,00558634274","85254,23785272153","84513,20679540187","122737,52292463902","122266,65306054427","122362,35083009211","60825,43908273612","64517,22694000522","64517,22694000522","158169,86139340248","78282,58438399417","132293,58257878863","124776,63532635279","113987,01868396452","126258,03872794083","116384,94923100276","117226,74757677829","97433,86115821316","50961,911118185024","51086,871562645734","50233,641970308796","91053,0258981119","100362,04589920395","98822,37728522904","92831,1586136845","90684,85586947492","144590,13612911248","86636,24046096306","66617,50138110647","65044,3310948573","77505,43127271994","102850,77043510489","115702,71389781135","100446,12479364441","116469,78428380315","97928,29698712389","108436,82497166307","108522,156387746","89497,4343119433","93460,37218060002","92406,40769468319","53479,86777592789","101001,75572104","101915,87564707971","102266,18433054643","102294,76750674656","101365,16558224565","129573,17241256626","127776,03439275829","86265,29429155533","86265,29429155533","44685,118526086655","135232,43645001945","135948,61264956993","135944,76939403385","130325,73805876578","130839,52119164809","77624,28843368425","77285,99823034035","87542,4265749503","77133,88904040672","124445,79912386349","127283,80117142707","127283,80117142707","128491,73152631412","129199,79016402055","127052,3586197998","120090,4231452806","123479,12669201719","125944,17652279258","130720,38735856714","126404,2220913295","129526,7692633818","124578,8364677417","128890,80467243637","125791,14713500706","126849,39899444184","130396,33229895725","130739,16085266927","124422,13221785938","122461,13747684626","131387,00774905842","124307,86788654573","130269,57651861686","126673,96896247452","127458,2709093422","126736,28751918378","132153,8682388017","130379,93831007784","127178,58371675448","100697,4724019062","94111,14661736242","96367,97991629619","132196,07514448374","125431,71289374905","131530,4011809984","120285,69170782","125799,46662240113","61419,92298898832","53572,104624222484","140161,93392582034","21168,14310982342","18319,81654452543","18301,5783237016","168040,67540184333","103445,73750376527","103884,1720052523","50427,755419764915","48155,91667225613","49512,67698772502","114341,97209617402","69213,13435086032","129867,31131363162","32418,076264286803","32192,568499189343","54468,746377863084","54493,79629503885","553,8211239637953","0,0","0,0","144808,9853447876","91491,93036932722","92295,5331368458","92295,5331368458","12705,92747496914","13244,169414769873","120471,7228030062","85875,98006080283","86331,33725922709","85901,71862568994","84447,66095439525","88523,54656918887","85745,07748017207","88599,32308310499","87318,69090722615","130078,39449252177","128911,96199705174","123857,0182475273","122107,49418691832","122107,89714945748","126332,69116497222","129652,0875756233","118959,05006848297","117653,38501550141","129557,04300433281","128478,5477484807","90735,84884349196","90071,47129783148","61749,21962173835","135796,4845028358","134011,21518570205","127398,47760152852","132337,13202369682","127031,24157882525","129946,99118232881","133576,44585535687","131829,42320481307","130857,59593914052","97592,28890191381","98332,21686739055","104271,89682527137","89383,87280517716","97602,51355428949","89383,87280517716","79841,98566868284","80043,8879242986","79832,48854125105","104722,33976192649","106452,42961186217","101812,99673769988","33235,076990286514","42713,56309997633","46539,36655243358","77040,71423636487","77249,06232297598","77857,74051021715","84005,95891048209","77802,08135763391","70410,47086611869","64646,737996270575","109720,32113263791","99739,1553897865","115754,20734726528","109113,82667179142","113492,71306956852","113870,14738982351","106867,9436745305","112188,51951630691","128248,00870334404","127721,78381818379","107731,1700297548","106665,51893625506","101088,35307825975","101088,35307825975","114096,34855479433","139752,1968589331","140218,62911241874","138142,02510458507","64770,58787807985","66007,68044345743","159064,11791893505","159064,11791893505","142028,95055420802","138788,67394211513","77913,25836287704","67264,07321400564","69181,15246003515","68924,6251982645","41355,40452017499","78126,01770866453","106921,88283915468","117261,17848697497","123335,97728319502","124085,70084102108","134985,60573679264","123308,71683969513"
936109,"129274,77355226323","128076,32369476328","149199,45909395177","147017,66763846882","146653,19232558773","101750,90319054529","89667,33097916184","87100,67590433055","145976,64798817458","151283,47110682313","100336,47537621648","105310,0671207919","104647,90230830948","134945,49668448375","183167,71551378028","182894,3463140613","118791,53289598154","205102,40840415875","105954,65475961112","105080,19518024569","205866,18043793607","195139,35240511628","195445,6926608337","194898,14545180395","197782,05122914512","203553,16063052847","30048,365545958863","49044,23458698079","218798,74058732344","218770,34718737024","215357,34360426568","215928,77340488374","217631,07044637608","219053,80318807033","216231,40538882406","124587,91051467932","49876,75296399911","52476,73981309145","53657,31692604156","52476,73981309145","35680,00875246059","207584,442850559","211052,3796919791","206062,94022631212","204823,2574389742","113844,95173778365","122814,48050527199","122116,12088810938","104895,5282881442","109005,4694087518","108098,60365597713","113019,43825694396","115684,6390145123","109602,22533019431","110366,57354736813","108582,01234720273","109141,45488184059","159046,7831462155","158055,4029324051","34231,06851831905","33624,045404281605","32423,57154736861","35014,36321007706","137752,1922214857","137332,73744043522","90385,5374645782","164015,60504595103","172924,99039057005","173811,95267057908","145313,95005069004","23939,427323419637","22835,558374597214","25131,933778350955","190535,6399917866","188574,8942266446","246795,8033027396","245462,0884604521","246642,8766223508","148363,84969899873","151339,00506296483","151339,00506296483","25974,547851762734","72615,67091471353","237671,67097416995","235359,05209427798","229673,07924012316","232515,39256135598","243087,67856026764","249517,19193406467","99077,89815967373","120980,51761829814","120632,05357055007","175978,9818611868","140911,77513338113","132183,0630381276","46225,303515894775","66039,19897807851","66708,0013003816","20017,6539031796","92397,50783219714","186193,4779702986","186020,42156487","214078,10675219962","96345,26036225699","100310,94945978174","94605,21448614581","97890,52644249528","192237,0796584881","200252,47251605673","200439,6626176234","212604,00051314253","215103,98285925944","213451,23356511974","187572,4037383045","123631,97904041778","121521,67348062068","124758,44700669593","123970,97330203069","122223,25243452119","33606,540176384166","34595,565404087276","79538,08687526999","79538,08687526999","166671,9678113762","241190,31125229606","237866,38779318155","235628,3545025388","231675,3264000944","231021,29568036634","170637,0377502459","171275,96547120027","165600,4741202714","171537,6733530202","223222,94597827035","221790,63244136522","221790,63244136522","218081,73310540649","221391,69421858204","223744,78147764952","216564,5517533136","220718,91415186567","215294,8930783467","225680,25264030587","224344,17828816624","226344,92096174488","222444,8147997366","218112,6878847056","222316,54245696598","217697,31055351958","223187,9035198844","227314,43988398297","214062,03849798243","218402,37116221196","221944,22692355124","221984,44455203693","224333,17599322792","220280,63667907938","225619,44511418795","219682,74374521754","225769,53747764285","222353,07642004234","218231,4653160631","151830,9874692181","141048,9317917738","152025,54080458093","170678,3023999703","166959,5715012166","170508,9241988326","158639,02859533046","164827,0352102489","131138,8833509926","118816,67545458162","11970,559187777439","131576,8961977613","131537,99225036657","159413,20123174452","209160,71152421087","82557,97801909139","82201,60427789962","95980,3324029652","98562,71872662302","101824,98568566676","36167,27113273913","206591,33175837708","176603,10346239083","167499,85548288465","165685,1746802479","90447,58636257591","90534,99857265306","144571,72778296735","144808,9853447876","144808,9853447876","0,0","225951,6258777491","226356,75964780565","226356,75964780565","133180,88645895224","132323,2221174109","59482,363757062936","214493,9185569187","215164,75090999858","214824,34516862498","179298,99116728338","183680,6505977467","179258,57894899003","183519,02589552134","181743,83153791548","216381,92489506013","215656,83069313908","210890,13367729943","214394,25558453548","213941,71424230482","210725,35443870662","216369,61371017701","212385,09351153864","208824,4497227082","211199,92590589632","214232,71328403847","55921,91210821594","56089,956747357435","195113,91661607474","235062,26449461296","230472,0312149607","226238,6029423575","227143,06076876877","226148,82469459216","227581,34558873228","231681,14015167157","230891,43319062595","17006,410584481535","208177,56041244304","208349,5655685483","208249,27599128723","77312,95930185787","74694,75995860586","77312,95930185787","97735,92522539648","97237,84644598606","95992,10262826663","73364,72428751248","62200,03148868457","66229,51587585549","133919,52134046832","166886,7557262445","167041,35382100113","78214,04401590682","77508,7940860716","77312,95930185798","61673,67732722277","67009,19509624728","102455,08743933559","112937,06472079268","212802,5267656563","204579,29784592713","214744,8198338449","211433,63913632857","213916,61155038784","213974,82067778168","205280,5798316734","115382,25760239038","231469,876800992","230198,76878877237","129766,59133246446","129621,33057120141","229535,49137291883","229535,49137291883","41589,48853677825","161898,51078235332","163415,58577131678","161494,04903371248","83720,94615440247","83246,77488290292","14282,325324936517","14282,325324936517","4073,811411053907","14842,598772436846","203180,88853258995","81137,35669692709","77488,13532972489","77473,17818996178","156649,21315031126","189046,9209886617","148316,06816547323","154940,97848261445","189426,77583349159","178861,99480545544","191425,2983334576","188318,25546118306"
735170,"108450,73097452291","110171,26784559163","83447,43759205817","86118,55787999554","86009,48288412018","126133,99357548983","136915,88502038195","139306,84835096708","111241,27602091945","98547,9080643305","137512,8423377308","130122,95623358156","128912,62682005137","93224,55867757271","42981,393289441025","43074,01038077066","118111,52326663473","220398,41324675106","136180,04317140608","137680,9068987477","89739,67403240458","90993,02102254139","93692,36246230704","93115,4344400849","92953,7059744628","100700,24486876788","203873,5681036463","176907,40543596228","66889,89459284945","61107,237581789595","67434,78255999649","68612,9338847374","69722,20918693513","68802,53267809073","68253,38506678762","106070,31281390823","183263,10832503633","180643,04989028917","189399,6639598618","180643,04989028917","199967,03485961733","32913,81449329417","40405,087425237994","37011,301496199085","38835,71485119887","112120,15871496087","103582,64803757032","104206,53461385217","121384,22139704645","116957,28900225839","117947,87583920258","112934,867887276","110313,2770857268","138316,06732437573","137160,10148879007","137891,4814168261","131447,7419429516","83543,40955453247","84297,73470174138","212395,7751360483","213458,60349052737","213380,21043081224","213228,53462119083","110280,50722303396","110065,96034747637","142178,74279328255","92017,08901916996","96698,68020203113","96539,48640430045","84989,05441358165","202024,6233029283","203228,79208977713","200830,37461420742","54885,7150056912","56691,30774143795","36894,906286403646","37496,247933400045","36356,39751962972","84500,4845280025","83481,21400396258","83481,21400396258","243482,22095900102","153541,8295062022","65571,85901049856","54902,962600394785","42509,83638816352","61131,05943118502","28954,16047600426","25775,372980006327","146929,1827614451","140878,85950054644","141065,38132610027","50041,83427155222","112289,66626156581","127125,44152788073","180380,17701817653","163344,84543775034","161914,0374627566","220585,40625914262","143816,79470604437","43416,08707784849","42686,82017376527","14321,926882217364","152681,09874114388","161178,8388142919","151856,15577017117","163203,51731152096","68145,0020493122","72508,86700269417","72405,4632305547","25716,367391784093","27879,480817433297","29056,400636813003","39211,57099656861","133800,67644545797","136035,7500129987","134108,47499082456","134679,40025019526","135084,74759885072","202905,78727290317","201095,65655686572","151713,08550197328","151713,08550197328","59374,68435012037","66681,57071602972","71740,63052832396","74269,54501026856","69215,9666117484","70859,24014946564","72063,80681727007","71036,12585077624","86545,99380320121","70601,68302951394","69386,15554985432","75691,29492594623","75691,29492594623","81793,87766217896","79212,58607075982","73049,03070255896","70347,87058735259","70802,19439748117","80950,67278752821","76816,32646159364","71280,0114138561","74094,29952382154","70535,42643202127","82381,13899599978","72665,120630895","79661,10949791042","79107,52422060749","74981,59740638324","79997,20656018736","71921,45025227325","82073,8914907516","70641,23250934258","77611,00518546972","76449,6512886191","71518,45906286775","77233,0002649446","79051,66386629583","80016,7887865059","79575,09502366191","111948,60799274119","114797,09248409941","107641,83226661645","131230,35724100482","126149,41614011468","130561,03459350452","126899,39799123611","128282,1545230796","101074,1579629271","109067,64876939204","223846,8942281315","112219,13097891417","109726,65642629411","73252,45100159742","238635,68937842373","160881,08694783444","161397,96664043725","131314,45556289793","128676,81690364724","124218,5090974415","191265,3769822869","22556,96948578778","123579,52174181401","60766,2627992646","62026,13352841516","140635,27636527433","141054,39505056787","91402,11376828396","91491,93036932722","91491,93036932722","225951,6258777491","0,0","1224,6122565423286","1224,6122565423286","98865,55304089763","99928,42075480644","210960,99638209","16121,579995439273","15452,634491709105","15488,957415215926","68355,20624259555","67401,035629829","69738,62418119617","67681,43867721783","68430,4709727236","86104,60093212308","85103,76278576381","82677,747671262","76060,79384744112","76583,49755358358","86548,12788257816","85464,25530666308","73561,50170389112","75752,20048519022","90828,97567959891","85986,52313932031","170066,24627650506","170002,46111354267","31144,33444650021","74655,50263980466","76824,54541722553","70688,60933303571","77807,89509495837","70182,63753783195","73360,21223203182","74727,36336293962","72686,81082735163","214560,49507480316","46129,255648858205","47015,351338011926","56288,09450412459","180481,97802802452","188763,08552874453","180481,97802802452","171188,79987344367","171409,95188581222","171249,54503351587","166670,19532721175","173514,5442780915","168391,79603923994","92043,28173068454","59065,634458170476","59187,14012151356","167344,73774245457","167442,38358553968","168097,3784742706","169684,97657721466","161655,77450433723","128411,33997727597","117835,53722888895","58648,18235019282","54546,89551598938","65710,7236509553","59505,44972254977","63176,39869548492","63699,53310112375","64081,59682816274","149111,4861925954","65885,23741091434","66508,81394979802","135528,58474743154","134647,05335514017","16200,861856624584","16200,861856624584","188401,20536341605","146924,23086679183","146384,5854947698","145302,01127194305","153865,1693612226","155354,25972224827","239637,59991398774","239637,59991398774","222544,3719075537","216696,61795268432","27007,90161679931","144886,51567668817","148875,1303690558","149011,16248677965","69526,39180373248","49184,985337342834","120946,95127352484","126481,8925774302","103936,56788962132","114527,50922416414","117405,35302525506","104949,37961847933"
735154,"108443,63416316391","110160,67854692088","84201,7806713377","86876,22999093325","86756,58904516144","126404,05544289689","137252,55842145556","139655,4606765935","110953,19856302752","98288,98680974293","137597,74837466746","130225,62320496996","129046,21479368788","93435,35039185167","43496,15053211676","43520,16206289972","118152,72368069256","221575,05677097203","136931,26301311972","138434,4171448148","88855,83815604851","90215,63677654859","92908,27168105627","92337,64895344201","92146,87235099373","99836,68725267233","204386,68983001946","177313,57165301993","65876,3031398275","60092,278283054904","66458,10302266682","67630,00092603792","68721,68202800944","67787,20988149657","67267,18714023085","106217,88800642457","183519,6379389937","180894,49776217644","189579,8176293881","180894,49776217644","200502,4200841797","32256,46567774635","39558,881951414274","36335,812272726296","38171,08825002087","112515,57009677049","104068,95905412546","104542,92455691297","121733,68551118443","117376,19441911446","118387,51345707057","113337,32795341608","110697,52406561171","138272,63679242186","137116,6950689896","137863,56364195075","131473,62587385997","83324,74845596522","84088,30884465079","212631,67618114658","213696,09984922665","213624,96118387458","213458,23690769172","110111,6649724168","109905,36110652507","142360,849643139","91622,53525959632","96157,34509498146","95988,07148118723","85676,43338297648","202434,270456612","203646,44064219133","201231,904490666","54377,74343674698","56205,87491745825","35695,4929762508","36284,586114084996","35158,5875782726","84520,69866722723","83442,16879464927","83442,16879464927","243980,06715206557","153914,337508889","64401,61971460206","53727,51597629608","41357,5232235981","59986,92643920703","27768,63766479298","24934,51526233882","146940,5610374431","141777,9656122952","141962,74807203416","50403,596313917806","112059,520934347","126900,71205439419","180830,0354252108","163622,643136665","162205,80230255856","220889,45020823524","143943,36081565058","43386,41475143146","42714,61836231248","15307,268168443868","152681,34089345628","161098,4474509802","151880,34336643352","163135,6679831508","67479,75950862975","71708,5387380944","71602,95526338671","25003,27193046632","27033,187703046915","28252,10072826926","39836,76717991812","133630,49682041016","135875,15623811472","133924,49573574186","134500,5670954896","134922,1855309728","203176,93686984995","201368,44952393993","151937,4454163073","151937,4454163073","59731,76271517292","65494,453007382835","70580,38277766784","73127,30952695366","68091,6928729876","69742,43071789706","71768,85365484691","70742,75060030798","86173,30614133511","70309,21097321894","68331,39219639647","74655,54791402582","74655,54791402582","80795,85960277595","78183,73114991852","71993,53843338093","69358,4734898901","69771,92681094116","79977,24264766675","75749,31837944684","70217,3311775762","73018,37348054438","69488,88585441084","81383,29402734227","71621,78512878872","78665,01058874725","78063,53058892177","73899,18123958327","79035,0032333458","70914,17135496391","81043,3892152445","69599,01526351042","76555,87232284629","75427,94325732687","70445,16811224355","76217,28132932828","77986,88090115684","78980,69792959707","78574,13541282743","111584,8328340117","114546,55388768337","107300,97831708955","130631,26175994515","125588,01197885915","129963,9499976189","126411,10084910593","127736,06105679843","101165,85006984774","109315,80481508723","224311,97416445558","113060,23757173482","110545,58254355186","74040,17605047933","239804,55393649638","160968,11926283728","161484,98475884376","131826,94088756936","129189,67234549874","124655,67504705815","191613,6906712858","23488,813601560556","122937,92421414562","61437,78517825627","62662,899113676285","141229,99579012333","141657,3307370343","92200,20876937496","92295,5331368458","92295,5331368458","226356,75964780565","1224,6122565423286","0,0","0,0","99564,05150741013","100628,89482942603","211653,91422329072","15661,914991046227","14973,561455411837","15042,191807958508","67924,53900939284","66893,33571957314","69292,57900739915","67174,03070326144","67949,79552580556","85124,45700254223","84129,27139298929","81746,41876290484","75094,47924018922","75621,76600800731","85618,74217882144","84483,77617825315","72615,95102614496","74844,10512215445","89896,48602638043","85025,10765598586","170484,22403172584","170431,86401833757","31712,439405429224","73517,51501573446","75721,25819392798","69609,06667747858","76730,77259081425","69103,18981836551","72273,4147196297","73612,12389583657","71573,89730953108","215031,30060124485","45308,54135258861","46185,80145493562","55420,2663666518","181221,35236071557","189506,3131013617","181221,35236071557","172025,15893120778","172243,96994437443","172076,18823366932","166810,82098798634","173720,44901109047","168599,050338856","92466,48196624976","59474,03501525562","59503,678013432625","168041,03297145464","168133,59096782634","168790,40099969017","170236,19898092264","162173,8971098188","128600,41249095688","118005,65599480453","57708,56083196868","53747,75738756521","64741,30136619835","58583,23008163934","62217,99037655199","62740,08810104396","63235,363426025564","148947,10012973202","64756,964213245825","65391,24102037901","135286,12902328387","134410,10618406688","14990,413176957543","14990,413176957543","188705,47053215583","146382,73115692142","145831,9841985217","144764,53932593137","154522,72688572592","156019,14694307154","240022,23661828737","240022,23661828737","222938,03308747846","217040,79407973867","26791,34994370466","145315,0469781584","149331,55855881012","149474,3172324918","69860,41932559843","48822,53194006133","120578,88455516375","126028,88986332314","103199,85587220978","113876,32782070374","116643,14151545291","104222,05678208225"
735074,"108443,63416316391","110160,67854692088","84201,7806713377","86876,22999093325","86756,58904516144","126404,05544289689","137252,55842145556","139655,4606765935","110953,19856302752","98288,98680974293","137597,74837466746","130225,62320496996","129046,21479368788","93435,35039185167","43496,15053211676","43520,16206289972","118152,72368069256","221575,05677097203","136931,26301311972","138434,4171448148","88855,83815604851","90215,63677654859","92908,27168105627","92337,64895344201","92146,87235099373","99836,68725267233","204386,68983001946","177313,57165301993","65876,3031398275","60092,278283054904","66458,10302266682","67630,00092603792","68721,68202800944","67787,20988149657","67267,18714023085","106217,88800642457","183519,6379389937","180894,49776217644","189579,8176293881","180894,49776217644","200502,4200841797","32256,46567774635","39558,881951414274","36335,812272726296","38171,08825002087","112515,57009677049","104068,95905412546","104542,92455691297","121733,68551118443","117376,19441911446","118387,51345707057","113337,32795341608","110697,52406561171","138272,63679242186","137116,6950689896","137863,56364195075","131473,62587385997","83324,74845596522","84088,30884465079","212631,67618114658","213696,09984922665","213624,96118387458","213458,23690769172","110111,6649724168","109905,36110652507","142360,849643139","91622,53525959632","96157,34509498146","95988,07148118723","85676,43338297648","202434,270456612","203646,44064219133","201231,904490666","54377,74343674698","56205,87491745825","35695,4929762508","36284,586114084996","35158,5875782726","84520,69866722723","83442,16879464927","83442,16879464927","243980,06715206557","153914,337508889","64401,61971460206","53727,51597629608","41357,5232235981","59986,92643920703","27768,63766479298","24934,51526233882","146940,5610374431","141777,9656122952","141962,74807203416","50403,596313917806","112059,520934347","126900,71205439419","180830,0354252108","163622,643136665","162205,80230255856","220889,45020823524","143943,36081565058","43386,41475143146","42714,61836231248","15307,268168443868","152681,34089345628","161098,4474509802","151880,34336643352","163135,6679831508","67479,75950862975","71708,5387380944","71602,95526338671","25003,27193046632","27033,187703046915","28252,10072826926","39836,76717991812","133630,49682041016","135875,15623811472","133924,49573574186","134500,5670954896","134922,1855309728","203176,93686984995","201368,44952393993","151937,4454163073","151937,4454163073","59731,76271517292","65494,453007382835","70580,38277766784","73127,30952695366","68091,6928729876","69742,43071789706","71768,85365484691","70742,75060030798","86173,30614133511","70309,21097321894","68331,39219639647","74655,54791402582","74655,54791402582","80795,85960277595","78183,73114991852","71993,53843338093","69358,4734898901","69771,92681094116","79977,24264766675","75749,31837944684","70217,3311775762","73018,37348054438","69488,88585441084","81383,29402734227","71621,78512878872","78665,01058874725","78063,53058892177","73899,18123958327","79035,0032333458","70914,17135496391","81043,3892152445","69599,01526351042","76555,87232284629","75427,94325732687","70445,16811224355","76217,28132932828","77986,88090115684","78980,69792959707","78574,13541282743","111584,8328340117","114546,55388768337","107300,97831708955","130631,26175994515","125588,01197885915","129963,9499976189","126411,10084910593","127736,06105679843","101165,85006984774","109315,80481508723","224311,97416445558","113060,23757173482","110545,58254355186","74040,17605047933","239804,55393649638","160968,11926283728","161484,98475884376","131826,94088756936","129189,67234549874","124655,67504705815","191613,6906712858","23488,813601560556","122937,92421414562","61437,78517825627","62662,899113676285","141229,99579012333","141657,3307370343","92200,20876937496","92295,5331368458","92295,5331368458","226356,75964780565","1224,6122565423286","0,0","0,0","99564,05150741013","100628,89482942603","211653,91422329072","15661,914991046227","14973,561455411837","15042,191807958508","67924,53900939284","66893,33571957314","69292,57900739915","67174,03070326144","67949,79552580556","85124,45700254223","84129,27139298929","81746,41876290484","75094,47924018922","75621,76600800731","85618,74217882144","84483,77617825315","72615,95102614496","74844,10512215445","89896,48602638043","85025,10765598586","170484,22403172584","170431,86401833757","31712,439405429224","73517,51501573446","75721,25819392798","69609,06667747858","76730,77259081425","69103,18981836551","72273,4147196297","73612,12389583657","71573,89730953108","215031,30060124485","45308,54135258861","46185,80145493562","55420,2663666518","181221,35236071557","189506,3131013617","181221,35236071557","172025,15893120778","172243,96994437443","172076,18823366932","166810,82098798634","173720,44901109047","168599,050338856","92466,48196624976","59474,03501525562","59503,678013432625","168041,03297145464","168133,59096782634","168790,40099969017","170236,19898092264","162173,8971098188","128600,41249095688","118005,65599480453","57708,56083196868","53747,75738756521","64741,30136619835","58583,23008163934","62217,99037655199","62740,08810104396","63235,363426025564","148947,10012973202","64756,964213245825","65391,24102037901","135286,12902328387","134410,10618406688","14990,413176957543","14990,413176957543","188705,47053215583","146382,73115692142","145831,9841985217","144764,53932593137","154522,72688572592","156019,14694307154","240022,23661828737","240022,23661828737","222938,03308747846","217040,79407973867","26791,34994370466","145315,0469781584","149331,55855881012","149474,3172324918","69860,41932559843","48822,53194006133","120578,88455516375","126028,88986332314","103199,85587220978","113876,32782070374","116643,14151545291","104222,05678208225"
836098,"63248,96853229198","64289,238167324635","16234,533916654702","13883,24545702261","13615,675427216232","50620,48301577618","53743,24501638177","54879,32325894405","86861,70695975058","78782,83258925528","72938,49620393271","66421,98394203518","63170,193745819226","41849,69576939303","57112,26674456486","57976,52713391112","64077,95824072063","157050,71587317582","37855,409714271846","39388,22740126263","122629,02129324822","114682,68204107658","116742,65034860074","115904,7287630588","118164,72139182709","127720,59870416531","107811,68952159805","85619,95683731177","119987,83204879802","116935,39937450188","117413,94787813905","118533,81326994664","120543,59049072352","121214,59284217456","118590,65716130397","49884,973216646584","99503,9391883888","97391,49718982699","109758,39780612712","97391,49718982699","103336,61342454326","91675,78207588452","99291,22268038399","92155,39212165082","91763,71989812984","32071,27211898315","20645,269377215125","33696,5474571704","41297,47275407907","33028,73167565332","32094,03747434089","31934,139317924004","32084,424528506355","83655,18773294524","82843,98352497027","82117,72585828941","73413,71185906563","71490,59185397303","71003,65518034132","128002,00697869975","128925,80141407398","128459,25074640001","129132,47814202566","76924,96884232028","76168,45808025826","68990,3041661606","86344,52372598604","99342,11539754226","100035,31511672946","13919,199333311184","109646,09123090532","110491,5165960367","108825,73163233184","85387,94775891938","84356,569209132","127975,51473195964","127308,0044517886","127643,36823086461","55277,26075588692","59282,82668018422","59282,82668018422","147445,6946094845","65690,33670329646","134068,48341969503","127322,70222616578","117278,71302618424","128044,92558636353","122120,73707572444","124337,59598972269","85625,25475428926","49339,1021400134","49378,983117530595","53540,41879440104","82798,63995788923","90907,54953628148","87033,88142501806","80139,2360400108","78001,16229866013","132345,76374261265","74412,48623272606","69099,68573163234","67820,53267848435","85328,95427251802","90922,41701254636","103922,4905470317","88433,85519733225","104583,33623781134","96602,03407510983","107151,41904927998","107257,23136245829","93799,49590982385","97523,83822190182","96298,04305995954","59858,74507781355","90798,06577654002","91531,05186623668","92129,84812914116","92094,92523406389","91043,61504167886","117088,85312416627","115285,36361638604","73619,25423658176","73619,25423658176","46263,6557023059","137175,06653285836","137212,9964596341","136835,80817246085","131356,8793829887","131686,27898587412","74831,30866458079","74655,93099588981","82875,98112120414","74572,82664397337","124881,41563057344","127096,81454685434","127096,81454685434","127563,79013678854","128699,67657877672","127215,29531604546","120006,34556230958","123628,05648350032","124899,03120210774","130704,95229387979","126755,45956199146","129780,00682787952","124865,08413473972","127918,33372348579","125889,9878239628","126066,56609315868","130025,85432918477","130985,93788899455","123372,71606986142","122362,96634892926","130695,64170552422","124554,45843360532","130097,71499122941","126323,76690849138","127876,07639135027","126282,2087463717","131963,6354347067","129880,00901338263","126438,12577341942","93268,09893105093","85754,82598558134","89191,59572175218","124996,686103701","118259,25393008335","124353,87763625992","112561,14744883063","118390,39838003046","52697,5228764181","42832,31090416832","128988,94700555014","20777,79978413099","17064,628471350075","26743,993500572167","172038,553656524","91015,55110868","91446,46721967995","38033,57415655713","35683,86034294875","36814,48590316692","102062,72934990707","77179,29675531488","123424,95898703985","38169,71409421927","37173,24430765347","43356,4392550019","43531,65145811221","12298,603520417697","12705,92747496914","12705,92747496914","133180,88645895224","98865,55304089763","99564,05150741013","99564,05150741013","0,0","1081,7805186846128","112096,19924983641","91497,35973980057","92021,80825662737","91606,15165116778","82476,78596771057","86855,42003823383","83606,17939920218","86891,64964143703","85444,48787182632","128699,187824815","127562,46955288434","122385,53892622275","121401,70547706334","121329,45925010904","124546,35700445058","128321,76777832801","118333,01117617532","116615,6995720134","127474,92058665612","126966,24601600465","78572,51066608698","77978,93280973534","68144,88424467016","136614,90559748933","134326,56785725083","127928,12467305163","132341,58277821026","127597,33519568041","130345,92178034577","134148,37796253106","132514,52408193125","119651,95515109299","99354,45037091564","100004,70551536094","104977,22052592505","81824,07818667908","90133,29755448077","81824,07818667908","74814,52401514174","74945,458761909","74526,94032063312","92099,81337190981","93746,5023488882","89110,30157820952","25225,474651330842","44858,588600822244","47808,13970881996","68479,18636687422","68580,05391784877","69233,17699586847","73043,52439337301","66295,89803574652","58466,07256087216","53495,56765205917","110451,67653415959","100437,1258371231","115958,22337034273","109684,95176271469","113872,63958267341","114206,34845320883","106653,9433510549","101230,92451563709","129548,31520009197","128879,41321296753","97879,37727371143","96828,10954539526","106986,36934734079","106986,36934734079","101616,60414103403","131345,42449640963","131917,11080757223","129779,2384166319","55203,43583731217","56621,474754995645","147396,72053584503","147396,72053584503","130294,44134165971","126710,31639986303","82407,26354759508","54743,93239503574","56876,56396530235","56664,91645001756","40260,65816118829","79104,84803300854","98806,45640149384","109324,4300950623","118902,31179260023","118300,61734626682","129821,16903616866","118735,66926675463"
836090,"63627,989147080945","64645,803536777035","17201,339584625068","14807,207895580284","14574,055756579593","50441,53025945689","53310,0893849495","54400,00651650645","87366,81881615066","79400,87020330808","72860,61624436134","66406,63689397497","63133,79613590796","42414,15904428573","58192,588905026605","59058,26331221896","64283,368602021284","156389,0258327296","36773,69232293509","38306,54882051821","123511,42317315754","115525,64159534185","117574,6184424094","116737,40323818343","119007,82725833611","128550,49119997471","106873,38322802904","84842,91986755577","120983,68749197475","117947,87199917673","118401,24028223718","119518,55825066165","121528,41550324041","122205,21626149424","119577,15834990868","50206,104498234294","98899,8986194688","96803,51036089372","109228,76582544167","96803,51036089372","102381,34300600707","92745,44201958731","100346,64695055249","93216,82488703709","92820,8107170957","31987,593940338935","20736,54260423858","33923,72881487152","41073,24237562154","32770,324386364904","31766,819518392367","31814,844888556996","32071,714370044036","83711,03881823384","82910,58302032472","82161,53458405942","73467,18523263413","72256,83731081683","71760,634006025","127343,31518267744","128263,08950880246","127788,55003935513","128479,02338019214","77374,8332271115","76616,11917553803","68739,89341695089","87067,45524808664","100074,57887587033","100772,32658373319","14994,273171656874","108813,36552446224","109648,46885356466","108003,67943807215","86385,69196758905","85344,94294150919","129057,19624447319","128389,30423889011","128725,09703096969","56009,05412130666","60031,41708183091","60031,41708183091","146496,12786739497","65058,5011748258","135103,27997031738","128375,41431909111","118345,14081746506","129080,73044955288","123201,99787775303","125406,89376123274","85545,98581049973","48383,76334078032","48420,06629265749","54616,4398413196","83261,6852491796","91225,8053408382","86193,93742193487","79593,36270796409","77443,05681737681","131597,24014322055","74220,64825123838","70160,97007443802","68886,69978665402","86380,31126573042","90810,8513635965","103843,95950506722","88300,56632466438","104478,48782513995","97540,40051052638","108087,94450545676","108194,60317685844","94878,32695275483","98600,66393268708","97373,42314783538","60930,67676803465","91013,59778688125","91718,9413499843","92354,55120917059","92310,34756332415","91241,40036708102","116410,74746638043","114609,59123912617","73225,8449478883","73225,8449478883","47319,53831982341","138213,61049165964","138233,9092540641","137845,85372839158","132371,86777877546","132695,701379511","75712,0532490908","75545,09111985403","83640,985986917","75465,49941732961","125878,91426261837","128072,25138729956","128072,25138729956","128510,18584718945","129662,98502638239","128203,19029735333","120986,92927543088","124616,1263804329","125841,11476055704","131685,95316102318","127749,8365872261","130770,55711313027","125857,61436557944","128862,8045461024","126875,8952920043","127019,21604126482","130993,88231894518","131976,06509871501","124314,9650697251","123342,56117576554","131651,03037257184","125545,70236424424","131073,15045433317","127293,27474959599","128872,47267282322","127247,77102044648","132938,05980654855","130843,09634534795","127392,405807762","93806,8237045672","86204,91820978535","89756,30277887634","125542,82959640167","118810,21778812514","124902,3268138619","113062,06945663417","118919,38315337471","53142,25303152724","43011,97783363213","128077,94731115401","20009,547034970925","16295,598388256347","27727,32503102768","171318,05340938098","90741,8873349624","91169,49694203914","37312,3787648371","34990,14064882162","36363,17476798701","101320,77522707131","78225,39099760304","124037,78886992951","39241,10265390943","38251,47324944326","42417,39110619335","42578,53122844748","12865,227547498454","13244,169414769873","13244,169414769873","132323,2221174109","99928,42075480644","100628,89482942603","100628,89482942603","1081,7805186846128","0,0","111034,83331080248","92578,39367522638","93102,60497028056","92686,87925097227","83392,88706434185","87783,01344210305","84513,7904869447","87817,46092806314","86363,47510339555","129626,00332406902","128490,85029694223","123309,7161861543","122358,46376037513","122283,32537526097","125455,59509666117","129250,8242284676","119293,62205687193","117560,0692135104","128369,29582077685","127887,50195656913","77800,09782137099","77191,28082046815","69218,23600548888","137622,7588582936","135318,48805715522","128928,16780512487","133323,01188973323","128598,60727527774","131341,28261083033","135148,80921701054","133518,8099989693","118743,36277598837","100394,12093931681","101042,11650536761","105987,24286660626","80746,92949472638","89055,77942776479","80746,92949472638","73745,76764416526","73875,63864092788","73454,37294585085","91722,34055799691","93248,0139585015","88635,2392189654","25840,774254050233","45924,63379185078","48856,84256730714","67416,88690172942","67520,3757872972","68172,5263365705","72103,52805312235","65411,828464195045","58367,02099197495","53582,01569690492","111461,29249303543","101448,01315151683","116949,71085904354","110689,77725946835","114870,43322474517","115202,63289380942","107632,98503968366","101320,46179794586","130571,22510018178","129898,41223891034","98141,40011898932","97092,60883619827","108066,70953170421","108066,70953170421","100936,00932949419","131769,74165549892","132352,50393737527","130208,74273460085","54169,48197396174","55580,87027213954","146545,43367078571","146545,43367078571","129451,45412583227","125925,23406425476","83487,73518032645","54075,212883096865","56134,61694564826","55910,93938544671","41253,47151785036","80130,16125768701","99274,26071406968","109805,57267002655","119665,39549201756","118967,89377965202","130530,75364306569","119489,60945387755"
836091,"137016,69226339183","136487,01785969132","127752,13068830427","125126,01621765786","125143,77207705073","104976,55556958601","92215,42432068945","89548,28660109872","160052,64189111372","160604,79288323253","116082,29134538336","117414,70804073676","115094,03748471555","132227,03384432505","168831,36428252267","169422,88681579762","128511,35602372195","146188,21753230703","75420,05154052128","73995,26702109813","215634,91350090152","205472,69004334862","206561,62365428018","205851,41117443706","208655,20202576328","216423,58645040065","35801,46731251459","61239,245124560526","221844,68981689488","220268,18411604184","218695,29875921263","219563,8322400227","221490,8498148976","222598,06770549066","219757,26237524816","127050,38178763537","81306,55454598063","82490,15652353216","92632,6021607145","82490,15652353216","32554,385869960443","200789,42505354996","206847,36186304342","200436,63865476893","199655,67698568056","107482,77795048532","111210,0458932486","117124,49606805854","102643,99467186345","102129,31343807072","100194,17990781828","106425,85570415015","109587,39383485622","129575,45737245781","129859,45375435194","127987,95862860166","124379,65295160493","162999,53609015528","162102,29798178858","85784,10680348359","85743,81352845112","84469,92370936328","87038,47474327359","149651,01865906196","149005,81543188135","103965,94647085574","172820,57911339845","184397,69016641175","185288,83585842027","125977,75057117676","54429,25493512503","52987,20062347014","55895,69407607563","189032,30481024543","187430,16732753854","238789,7701580338","237915,81671974988","238505,26058691653","148375,6459517835","152267,31004435875","152267,31004435875","52603,15593202775","77923,64355529146","238854,50913878612","234006,03769750948","225607,19358604043","233075,66313367453","233445,58382843575","236384,4255393366","121309,89376353705","79854,05497774524","79530,79660189865","164032,73826535957","154543,63229504388","151162,031418051","53584,26808283812","83831,88491574027","82684,47904972875","75905,98215723751","109220,10580782175","177954,8132858818","177109,7673020948","197374,85881201073","121459,70959727405","130833,3832889586","118694,64283077419","129100,02389976585","195497,93735067704","205186,47074840596","205345,9457918727","204065,50226750836","207432,13171392927","206019,66958789842","171890,6818764135","144333,79058726967","142943,16288261948","145797,7864102736","145152,69916095855","143303,0368810947","78302,71380961988","77893,07971034631","95085,6281087533","95085,6281087533","155549,4755386143","242246,0561491795","240631,64829838544","239291,59118696867","234419,27380372697","234252,2565201598","172172,00231522357","172496,3624399879","172419,8969075278","172623,09386399298","226679,29237650766","227001,7791350488","227001,7791350488","225136,57501971978","227556,50840933868","228129,42788319825","220640,74935023344","224704,09828316522","222278,31504326448","230909,2196707853","228222,53718409172","230811,8350407615","226254,3273644862","225321,40666962604","226695,93089347915","224207,8777349793","229201,2023299378","231935,7474032966","220848,98756045758","222812,4097898141","228823,20323355508","225850,84862714264","229871,47650198036","225787,49112515635","229468,18502244132","225433,22340163897","231574,59241003988","228663,74944486868","224688,6581743135","167015,21759589005","155876,86168821194","165483,76028744702","193181,77573031976","187916,61851758658","192812,60981511886","179708,73308991521","186446,77423025764","133898,33139212825","118421,12837280717","47758,196369601654","101544,03836115559","103125,55256831218","138195,76720203322","149709,4489591257","108992,35730593657","108894,07949883268","84595,00117639908","86975,96566649475","94916,59259951749","65774,00791484657","189176,84258805777","196728,66658134168","150225,9571481953","149096,23581997116","72232,35462146219","71535,95508624043","120456,06363189951","120471,7228030062","120471,7228030062","59482,363757062936","210960,99638209","211653,91422329072","211653,91422329072","112096,19924983641","111034,83331080248","0,0","202978,74430438556","203544,09801708732","203141,0697348458","181100,7164786324","185807,484514061","181601,53031426514","185727,29764909355","183975,84011612326","224681,10735851448","223730,95848429887","218538,99329840406","220104,56011247836","219812,5076637847","219432,50823380423","224499,31406873514","217493,40920859794","214637,79314741882","221041,65887403386","222619,66901250975","63060,525439617726","61684,10767925654","180143,83627909777","238884,39721535044","235300,82058550196","229823,73787509277","232514,1505268635","229608,3788698424","231758,53803102727","235855,0250160023","234608,86747605327","44121,49903864749","205534,91545546017","205976,8952729067","208575,88793691623","31798,797507755018","24381,632936037036","31798,797507755018","48933,726952586636","48476,30093875963","47718,798289726525","100782,87102180805","90424,05935075475","91412,29142256232","123984,30504846819","154813,0012963269","156616,1591180924","43619,281564394725","43520,79217533978","42863,723492452125","48565,72227455974","58002,61957451705","110356,29430239057","118098,57262025501","213797,28375687043","204293,47825829245","217635,23756823427","212681,47340745796","216138,26595245875","216338,32243646705","207818,62325561288","142070,8083787002","233366,21019240687","232370,94338786317","152141,96154173845","151597,23542273516","218532,6348096607","218532,6348096607","73200,65622668734","189287,67768472948","190604,67546962306","188405,5802795618","57454,47157048097","55844,23066237198","69392,12252656603","69392,12252656603","60386,3223869515","67709,5975851685","193101,20356916127","78732,48668235145","73357,75960743595","72698,98036534456","146964,03502551434","184961,06780637513","166670,51120138177","175743,26471987658","203588,05487886418","196245,39171596017","209395,43684412117","202787,94975159632"
735226,"93876,62000892677","95572,86575541773","77141,09166322777","79824,05165493023","79548,28337642603","113588,87683876746","124954,71936352563","127453,91902673354","95415,22515988018","82813,96759028827","123481,05847256769","116227,81572086683","115244,31463498237","80297,25336869956","34402,292627509756","33583,84950052315","103821,71784956074","223198,51979802374","129321,89755164244","130849,90468874694","75085,02397072922","75592,0649960645","78323,54538776654","77712,64846919665","77721,3587472581","85845,55435666732","193611,18231848508","165536,24976376552","53913,94623639702","48240,232621937794","53926,86344038986","55174,97455992569","56516,58867336282","55828,108378999605","54863,800871207124","92570,06675208228","170481,00630325","167821,43015264627","175992,53469996588","167821,43015264627","189970,98206658888","17201,732976964566","25890,263640688056","21335,721515890615","23093,215387659955","100849,49556221339","93373,36661218813","92378,06572369198","109602,62046669214","105910,79245111824","107121,26196201415","101734,08894928388","98935,82677142452","123491,73422046028","122337,02157333691","123153,84302587101","117038,13740322682","67961,83261736881","68750,90000804981","199408,18575710792","200483,1142712779","200464,71246599208","200189,51595244466","94873,0513199295","94693,81584768626","128854,44459757365","75967,54594766966","80595,24935864388","80444,56863063767","77628,4126567079","190644,9880486562","191929,23818670452","189370,20601400945","38767,69185263862","40569,81103778514","36892,51147853561","36539,86470532376","36503,97919464502","70165,12654731021","68777,59890203105","68777,59890203105","232988,58477209872","141884,34551898617","56310,7737803868","46172,423276418594","33497,04680168648","51078,42776752125","30630,474306180025","35066,71110004617","132411,49098346304","136524,9768359974","136677,3992439499","39228,19340315125","96644,87663692779","111492,99764146376","169460,21249749346","150778,50200773956","149474,65021752226","208173,48683255294","130069,08025717858","29083,421786320792","28813,37680223002","18842,38626279369","138091,3727100321","146143,90430982114","137411,3060601426","148230,89850785033","52297,811295458334","57296,16232887535","57207,26772405902","10592,049839900219","13980,96727450092","14581,688169149582","32473,173797352443","118372,26930449749","120645,91132875875","118624,47039436283","119215,53829349023","119687,17659789728","190224,40860530498","188430,52656362453","138711,666350379","138711,666350379","48257,60799640091","58119,094480989275","61979,89115583593","63885,186540818235","58415,9268428949","59837,382610149376","56236,42785831823","55214,17370608775","70531,92086894438","54782,75275098445","57063,35432449933","62960,331639522046","62960,331639522046","68437,97495391511","66334,63192888047","60689,85587341244","56978,65539321629","58038,713106390176","67277,97633867247","64624,203650049356","59077,00367417436","62109,52016684607","58049,86386469891","69018,305572015","60096,642604624336","66295,88191329697","66478,2778978866","63116,425523706974","66193,79581553857","58789,20719086446","69195,82164907135","58079,38694239218","65191,28582698229","63487,06544714259","59516,81352105139","64171,501882801706","66792,32254211225","67247,35552482068","66278,14536369378","95947,94855331289","99082,73998252377","91686,84594007031","115191,64813087042","110061,43099974119","114519,17910275687","110778,11572997514","112180,28672679325","87172,8762637552","96390,16043804749","213017,8868464806","107017,4366953912","104163,8347431923","67683,6038763744","241043,4271095078","146832,54094965354","147348,74316828186","121251,88475742032","118630,91520024324","113334,52748647488","179298,18813852352","23484,83720118161","107627,56250734704","53675,575789442526","54387,04086042536","131544,13648615615","132067,6364570993","85694,67102065786","85875,98006080283","85875,98006080283","214493,9185569187","16121,579995439273","15661,914991046227","15661,914991046227","91497,35973980057","92578,39367522638","202978,74430438556","0,0","729,6162463169053","650,9981287800452","52262,67053114426","51282,00696840947","53633,18826979228","51562,31063338436","52309,67814019331","72481,43707710487","71415,95326848382","68509,67019777843","62337,311473737405","62799,91288832747","72338,860772918","71849,50744742692","59611,80376781686","61389,25307337129","76631,3005573325","72134,83440419627","158831,45474237704","158887,42908659883","24375,578864974395","64140,46740016403","65387,764614425876","58824,9429997628","65800,34201781897","58324,69298277753","61608,42358860044","63604,820829483106","61538,320427215986","203806,92099300347","31271,363808813818","32217,960184794294","41707,36312064491","173257,09115710534","181571,8579422053","173257,09115710534","165557,13021680247","165737,256071942","165451,70930786073","152992,60739786123","160327,9828547619","155223,2171209889","81208,4727056374","48536,84291166102","47636,39559263507","159529,10410760093","159553,6159715398","160232,28132627247","159948,4595248815","151548,23204096797","115172,96300218825","104474,65308286942","44788,09752092827","39429,31288688985","52128,23915191917","45434,675644916744","49485,02070314178","50014,61840755582","49245,6818684039","133699,6532630443","55258,32678994675","55585,97046255902","119833,46056407172","118970,33596505671","15555,267102281037","15555,267102281037","176030,24557856476","130818,25940467222","130287,16457554816","129193,45869946686","145555,0187675829","147139,548215285","227961,01385010517","227961,01385010517","210975,8711315645","204656,56153424876","11811,99765486998","133830,34709762657","138107,71545457444","138317,38210184054","57983,59930426145","33202,47355482241","104938,01169917772","110372,839303337","88315,84679521692","98602,49018958416","101889,38281751545","89287,28551671708"
735156,"94604,17026994925","96300,6496311787","77618,13076965875","80302,28442334352","80032,7743013505","114281,47293135847","125633,7679531929","128130,37243356301","96131,21459458738","83534,16851315944","124203,10870583364","116947,65297633885","115960,41006688646","80995,2912833187","34916,361497374375","34134,47384332767","104546,58412368668","223338,39544595432","129838,76586856214","131366,10925037772","75555,21502507983","76136,46488303148","78864,83224759794","78257,5895143988","78247,96582172434","86336,58261183806","194247,95615875613","166202,63486414502","54235,20281826241","48547,43649986762","54289,75957164321","55533,24753725951","56857,66560049294","56150,90502173225","55217,99317121991","93281,80159784258","171181,91325573897","168523,0914648864","176705,8557654248","168523,0914648864","190599,6365764881","17758,83082022498","26308,089959915345","21892,545814825742","23663,012863039","101506,73331375283","93996,6887287679","93049,66740764551","110275,37760881441","106562,31748424206","107766,47087523753","102389,44550595597","99595,82429919286","124221,08070964251","123066,3593397101","123882,83171759173","117764,58888335964","68686,8342739237","69476,59390018412","200114,0877519478","201188,7976161062","201169,18860004935","200896,45050121177","95600,42438779837","95421,62017588987","129564,82942099163","76665,42071496362","81251,73058874292","81097,51233860603","78145,97476464156","191312,8640863521","192595,04379878487","190040,14705993788","39433,087425650534","41243,43527032058","36472,40563050394","36155,864616664745","36076,80725158397","70889,21815974182","69505,6076795051","69505,6076795051","233633,81725134267","142556,80875478918","56386,42732710252","46199,96428140038","33507,18437708417","51195,151425056465","30124,75856512342","34382,530821831635","133139,11738663897","136949,36095878045","137103,14273612903","39841,440264788034","97367,57140140946","112215,77193704601","170114,44526652794","151473,89300861297","150167,05722984707","208867,34453831404","130787,03012335749","29800,43507329245","29518,747650167104","18612,609561385354","138819,58926873966","146873,46029551435","138138,36499661463","148960,5132106412","52896,344424150986","57815,713382825146","57725,2317833133","11025,431323379584","14276,779018062214","14951,653949275274","32900,304276621006","119099,07298923409","121373,21906744374","119350,38794814268","119941,78778278001","120414,39305986385","190923,7384625909","189129,45621113497","139416,00288791367","139416,00288791367","48890,953061249325","58156,2281884059","62092,3099555019","64037,92064384579","58589,59707447437","60026,936581825816","56953,798506228806","55931,86842062713","71234,68976337765","55500,61784966179","57339,17703449336","63270,42643257837","63270,42643257837","68798,1839218021","66657,72630749262","60971,37692049643","57332,84591774844","58347,50500000061","67662,34833265966","64896,92577707457","59346,0789694969","62365,86547932867","58338,2915579185","69379,34335722661","60392,76566730289","66655,66920174101","66783,32745436775","63365,34283441128","66588,12392112301","59126,34720111293","69520,60298137998","58373,385696288635","65480,46946840151","63814,635452217786","59772,13165503305","64506,919153503564","67071,27667088638","67563,05244577145","66632,6752816042","96651,49533973417","99803,24087535677","92394,74254380948","115829,01661761796","110712,19900985417","115157,27143605979","111451,88734490787","112836,30359476847","87891,49102572324","97084,27111272272","213671,77347120896","107466,08513603544","104625,34006005942","68124,4447927586","241202,6306825565","147555,3067406021","148071,52672618107","121875,97326336805","119254,07876253089","113982,39262546475","179980,6086469419","23489,183255936692","108247,50020675948","54162,66016680832","54896,75447503473","132138,67646864126","132658,82259504707","86153,49203963733","86331,33725922709","86331,33725922709","215164,75090999858","15452,634491709105","14973,561455411837","14973,561455411837","92021,80825662737","93102,60497028056","203544,09801708732","729,6162463169053","0,0","437,3831528464449","52952,76893211306","51948,48763837192","54319,017551987316","52228,90882588117","52985,16254516949","72864,28785987702","71803,43602956962","68935,16303767901","62723,16306525014","63190,888011081486","72769,29017784995","72231,42341165117","60014,684701927916","61828,479836629216","77062,21211279486","72535,70479502548","159493,7291370587","159546,41003940572","24764,48278597534","64301,64177778412","65609,59812722365","59070,06070479945","66061,09928364586","58568,94967794787","61848,333725357305","63804,4711404209","61737,80524341455","204458,31082268382","31735,32791703024","32676,637097263716","42154,13187513953","173793,77201810174","182108,2531392921","173793,77201810174","166035,3789305219","166217,05066564726","165936,08787221022","153710,02211376998","161036,82099058802","155931,54962447047","81848,30144560982","49149,771724959566","48283,95149989123","160084,64271050383","160111,66416908178","160789,60199736012","160566,95103174058","152177,32291336192","115880,98517727894","105184,48016809895","45172,09503137051","39929,76751984165","52495,71873793524","45837,67157641855","49859,20104783096","50388,72581621784","49722,86122083002","134426,55523736528","55417,22381701875","55764,46789143732","120554,2541647868","119691,72482882747","14990,992390029565","14990,992390029565","176722,19079217126","131476,1908118637","130941,46867596386","129852,6483822371","146125,57489816498","147707,0909874077","228637,84280557517","228637,84280557517","211649,44149242737","205341,65113456824","12536,575201026915","134485,63126605583","138755,12072653495","138962,66083734095","58636,989175691386","33911,3809763995","105640,48967995148","111056,14678198726","88887,47610444057","99217,48666868935","102449,78816672183","89864,1584393472"
735171,"94371,06595361675","96069,15157095765","77192,04340296047","79876,39767974307","79608,05337767991","113965,69387432419","125301,91338631946","127795,78777871371","96004,4506355411","83393,90467147341","123944,94826634045","116682,6164789778","115685,45267877687","80687,34264819746","34498,78218248029","33727,56513548793","104299,21980616318","222919,88561877538","129421,0041492849","130948,17735084255","75717,62709853967","76240,03900621802","78971,1127119189","78360,69659129421","78366,67322233458","86483,57306740439","193880,49856864783","165858,19403181117","54490,40982047616","48810,00765767835","54521,62143778579","55767,81220453547","57102,02861744918","56405,313830187944","55454,901224092166","92997,27562006416","170877,74696127672","168220,1110243981","176424,27899169648","168220,1110243981","190226,9790033329","17850,69057780526","26505,383726417742","21984,766571571177","23743,438001375012","101154,70921859393","93621,17867680728","92710,47450458199","109937,17903880184","106205,72450303116","107405,15877025863","102035,89154296022","99246,1065521631","124005,79055903586","122850,9092550895","123662,13784502367","117524,7485966622","68526,97260059851","69313,16297167941","199818,05263881653","200892,38022219908","200870,70993911292","200602,2382381611","95426,550513525","95244,57366153164","129277,32979104701","76582,13016322779","81235,6546398352","81086,22086679032","77728,60322688126","190969,72607705137","192250,01647527437","189698,94090826492","39404,8405163216","41202,87242503799","36906,86633468843","36592,55499774465","36510,64220958516","70639,00212531396","69276,08984262204","69276,08984262204","233272,159865961","142218,16273383534","56748,10597569239","46576,82933746494","33888,76652252916","51542,23705813871","30546,7406802144","34711,61254906891","132906,28945474944","136515,90350400016","136669,8202957984","39461,18900868176","97217,75193586275","112065,5396990235","169759,70642900007","151161,714455515","149850,86086416448","208552,92533309796","130516,68612429396","29529,807809150883","29224,17717420131","18307,679143245794","138591,15885779093","146673,46074432542","137901,8759153874","148756,32656325662","52948,65182442241","57940,13482240634","57850,941875163575","11210,439776036399","14542,489314816901","15177,008440260603","32467,595221051815","118928,82637413817","121199,64596792287","119185,33944320431","119774,8672913068","120241,44900974259","190617,1209192366","188822,24575699252","139117,4696444381","139117,4696444381","48522,32680388374","58530,40509454405","62441,179173137665","64371,511234545746","58914,660136480394","60345,39372263211","56823,24990789249","55800,32159574392","71141,23763686838","55368,539291329405","57617,95747966362","63531,73643113829","63531,73643113829","69031,79932331033","66912,12394431281","61247,37228720448","57569,78844561035","58609,43000813157","67881,60536680618","65177,35824775567","59628,22339751865","62654,23021971305","58610,757588067405","69612,48343985857","60661,32680243285","66889,50613751991","67047,3382978691","63657,25893228847","66801,26293233076","59372,94014298468","69774,11854739397","58643,007316257965","65752,65647819724","64066,56402912007","60060,94756900105","64754,54120536727","67348,64221564485","67821,43974700675","66869,54488234516","96556,16040951457","99661,78826836223","92289,4547750762","115837,59069797897","110703,72213309113","115164,95587914146","111410,58460271712","112820,77380823951","87623,237155863","96770,63918868084","213316,67233890694","107035,47767857493","104196,57779069815","67692,9670354629","240780,84411073982","147299,51515380494","147815,79636984653","121500,75169254061","118878,32219278598","113622,98841863677","179652,2450284611","23099,58788964611","108276,60824686018","53738,65049623454","54477,671412569696","131747,88780750684","132266,49625273162","85724,38169987932","85901,71862568994","85901,71862568994","214824,34516862498","15488,957415215926","15042,191807958508","15042,191807958508","91606,15165116778","92686,87925097227","203141,0697348458","650,9981287800452","437,3831528464449","0,0","52884,55737044087","51918,48186790469","54258,34502403358","52198,7282047161","52941,52521550243","73084,51661027386","72020,83637877944","69128,41434895324","62941,46645544507","63406,060416558656","72959,30132068596","72452,21248934224","60222,410641699564","62012,48894918586","77251,93171176898","72744,81970311911","159145,66942678977","159195,55563273595","24328,730752048745","64631,87496845536","65914,04197485535","59363,69962348982","66347,39291936092","58862,98401979736","62144,45143787473","64118,66907280545","62052,042832614075","204101,2823352075","31901,623834048758","32846,703197531795","42332,717480341125","173381,32245277322","181695,70732563062","173381,32245277322","165609,2868613574","165791,23737260868","165511,12615711347","153438,18946874284","160746,20953058155","155640,0069075017","81483,41205458493","48769,03084300794","47925,19648387359","159678,20312018413","159706,0899221838","160383,7737638403","160188,3526268868","151805,02680487186","115589,04895702912","104896,03372422625","45391,23915092345","40069,17584234865","52724,86761967157","46045,10099331432","50084,338763584776","50613,916972444495","49879,96253902971","134255,62053240163","55748,217268473745","56087,48413341882","120411,63572505755","119546,90394222934","15398,058059912346","15398,058059912346","176405,31035376602","131457,99875247962","130928,2336657844","129832,71247167222","145724,6082723888","147304,97673415754","228303,3766380659","228303,3766380659","211311,70626095278","205016,27722380037","12293,738276631233","134131,84527048806","138395,2617780981","138601,2479756525","58282,41874771544","33804,63897486981","105547,44261285922","110999,41939193821","88966,3728494173","99252,13161880123","102539,1246251007","89938,0565712768"
835204,"50387,848732633625","51770,409527588854","75631,2965861959","77591,47593875855","76804,79241126249","78800,29517308035","91798,56668301534","94568,50416763856","44246,592203251115","32560,15806155218","80718,35177135767","74586,38953828535","74812,53804948056","48935,496534788304","48770,83897404791","46149,29306280376","61046,87817097807","236307,40591620258","116392,25307494905","117857,9077095839","40533,628639531904","34124,424932178576","36632,82711655801","35798,2807532151","37470,85932999617","47310,84354821565","163604,17665930046","132329,0658807826","40789,56925216724","39779,2793883641","37598,5170444393","38464,66412454349","40399,40623978248","41498,714800149064","38656,573529283305","55498,89370439702","131301,17622003067","128567,20074797781","134069,99492151215","128567,20074797781","161116,75979002623","36869,21168051912","35078,71665613126","33408,381505350015","31598,43501417621","73723,33990162503","72405,86485922811","64093,25502211653","78862,41630227667","79033,50752857441","81053,56545491696","74788,42715303475","71628,32171123895","76822,98276668417","75715,5068576124","76926,69841818811","72739,29027568722","20428,177968125587","21420,11752975794","158631,80833249513","159731,81715544063","159950,00065570237","159194,0248427415","46197,44569533282","46244,03962138977","89161,05362222645","23809,81412740082","29393,483357556604","29445,2443875852","72185,13789115919","156426,6757818116","157981,3330643674","154878,63847565948","14137,770675373988","12068,227158041174","72046,19581707349","70262,27983925372","72069,87399930476","32741,91261952747","28969,12925481655","28969,12925481655","200969,7179648472","108785,50944797749","58710,222373365825","56131,21190387063","51955,36863167637","53330,691023731466","70977,49978979952","82473,24112442676","86915,03583702378","131714,41652397005","131735,8985161048","41895,76369266226","46478,998756621775","61073,53132133503","137882,45591140905","113291,64143580395","112596,03865800584","169459,23483315995","88319,19464982826","30677,651202519704","32662,04154891264","65666,48994787244","92076,41596656844","97924,35898209436","92088,42972156144","100250,07645654908","14584,485909676572","24925,565311883147","25051,87082950753","44142,35122308475","44226,75624177345","42494,33931746294","53260,62689680603","68842,78150112354","71259,86298828981","68816,05221603817","69494,83810998281","70282,88478066641","150877,25077910328","149195,04975602048","99930,5472575042","99930,5472575042","41887,32093068108","62207,664432602345","59758,58769798416","58221,88950088886","53510,9952197977","53226,40937618606","8958,710915915928","8608,615094267772","18621,519725685655","8506,455258163263","45592,6955977955","46153,302368914265","46153,302368914265","45458,20598866446","47142,177868535444","47065,83003910023","39576,47652977494","43612,76428237534","42704,31885143549","50007,830044131006","47121,98505643731","49745,47217698843","45153,775894574326","45764,67954834597","45639,70550876174","44147,52428990808","48655,90156944052","50885,05241236379","41188,31818727407","41790,6611601856","48828,099675629055","44751,61318059105","49094,97491393623","45082,04957887171","48367,625790260405","44854,44504835009","50874,816221048495","48299,58593440722","44568,74090886366","43917,91025044537","48462,727604622814","39884,53432493102","64405,680725513004","58734,60784867852","63706,66320949842","58706,24784656956","60635,36062363706","48652,87438424466","63129,524899886324","180246,1611551729","102928,82152268753","99277,92364914068","71718,40342416294","252406,91301768605","103005,90961617618","103502,28313508691","96686,77107056243","94435,73257872646","86184,32471872057","143136,61284713147","64087,923718472695","57854,36366033937","58853,38571420055","57356,22138432793","109856,95600191105","110742,74434882322","83994,54171965068","84447,66095439525","84447,66095439525","179298,99116728338","68355,20624259555","67924,53900939284","67924,53900939284","82476,78596771057","83392,88706434185","181100,7164786324","52262,67053114426","52952,76893211306","52884,55737044087","0,0","4712,5856554640695","1658,150801686152","4653,5245744085505","2999,441835263744","46269,336790854904","45147,50276233073","39938,6699521882","39672,95053486365","39494,89913183603","42083,51577462569","45912,87278737723","36810,37974410432","34524,43255340815","45145,958770773235","44501,880643216486","126507,1349850401","127047,67993991723","52705,043828502385","57798,237691391834","54262,839315781835","48734,79530814504","51635,278090185224","48530,149956991525","50663,273075677185","54754,97774497238","53521,044166626634","171586,9022032667","30592,79317649384","30471,436868961697","28952,625909442762","155536,41000301178","163523,0405047146","155536,41000301178","154005,03462527622","154029,1629728782","153321,18912047017","110599,68150246658","119798,32556324809","114956,99406898375","60313,718558496206","44439,100024870306","39829,99644640044","140481,92131901163","140232,4504249549","140954,3670735478","133545,9741121559","124203,80063907233","76878,7471818921","66601,14675167401","33592,96978629887","25440,844775533526","36584,324348103226","32284,143995228642","35259,08246120036","35410,92522809838","26775,002627112783","83987,94757105267","52779,168316670206","51651,12637873921","68999,66508134753","68231,65585762847","62013,32489707596","62013,32489707596","138350,03582596008","79131,43908965022","78721,01484809868","77472,01293487816","125666,96779940826","127489,00209137406","191636,16432818616","191636,16432818616","175445,0443587711","167466,38388764585","41968,502221217845","103875,78101652075","109028,7174059506","109528,4935578992","43096,63227451575","19437,150266457615","52852,25896988771","58144,91955551622","42767,20141561539","49356,35134367371","56231,15433023825","43243,035097463835"
835205,"54603,64773331288","55941,89057471569","79625,34478900129","81642,0623465167","80871,95340446135","83376,93257682573","96394,1400131503","99166,21048506706","46906,5987296874","35786,490634874644","84801,21641820016","78799,16223195434","79116,84015372452","53647,96483079286","50947,20343710938","48311,590052592095","65242,79946567621","240168,4945997943","120998,26667512557","122467,69649130756","36617,53375156685","30984,678194564163","33603,917113148316","32788,39393389775","34216,32431490312","44017,064493119564","168193,94630048558","136851,32021371718","36105,03417982325","35224,94159862572","32897,743330192774","33756,472630521246","35688,71354137554","36795,47999707736","33951,145034940426","60085,346948591316","135519,1478677844","132785,50724036412","138065,22303003375","132785,50724036412","165737,20810479758","35170,71808787154","32205,117507373467","31450,94992482641","29592,486293862483","78435,74021079917","77065,11026807416","68805,8340009164","83539,38190129148","83745,15240564014","85766,082584971","79500,86744544751","76340,82061395467","80442,05435058354","79348,1756150138","80613,63408834362","76702,97084158548","24657,27608084084","25650,99014694302","162682,92953084433","163783,35518841632","164020,3320478029","163226,16749903726","49676,00748580632","49773,445245311595","93456,46910865305","25878,351521930574","29383,490514603545","29290,74894322972","76331,20644746063","160877,791504737","162442,119444128","159319,7096719534","12515,994781612495","10768,89733586459","68859,31022836635","67014,55681309149","68911,856303634","37441,52727222306","33642,53980898934","33642,53980898934","205467,81762856685","113349,05708877985","54167,238697690715","51905,22205217037","48326,491273453015","48859,53945083261","68210,19511686204","80210,85916407552","90657,329462926","136136,9450768086","136162,64447155088","44646,794341981964","49534,90549895542","63913,10761394247","142452,0247790654","117653,24775170193","116992,17463734419","173648,9866697681","92460,67569396923","32115,955643282206","34191,18062409786","65706,42443019447","95724,13804806912","101170,76375106542","95832,21704501275","103536,24462668071","9918,896597204133","20361,707824191646","20479,947157341507","42548,83178488832","42203,37186598","40515,95321919416","55146,025587145","71912,6744891196","74354,45638772896","71806,27322429157","72506,79848949163","73378,25880850253","155049,27664210272","153377,6021532844","104250,18896128768","104250,18896128768","45391,890005496425","57672,42320401854","55104,200666712975","53529,078136038115","48854,02226991073","48545,44590019283","13645,155923088567","13320,614114099419","21216,098341399684","13217,6702162951","40896,16116935716","41452,42577747849","41452,42577747849","40883,763668277374","42481,80668103044","42353,33113075138","34863,91432664683","38902,13722871297","38152,825583035774","45301,88913296177","42415,273033395664","45033,06910641774","40447,078278945264","41203,55784262195","40927,12211060976","39531,85878522321","43980,79637136916","46172,4668145874","36632,00369419884","37078,92371059549","44209,01959000391","40043,508046629475","44398,75950955554","40394,56582913573","43662,42830672934","40179,81930604466","46184,10018506129","43642,80997419997","39945,14187428287","45931,95038697119","51329,50636294594","42171,693896749384","64265,47171034882","58893,33172153045","63578,33366291111","59530,646585983624","60948,1237557093","53220,73328416192","67794,9105349492","184732,06429804806","107232,40939853348","103594,75693153052","75358,18995405246","256373,1587538579","106891,05259462753","107383,60722337048","101399,1932869204","99148,24110851275","90891,59669115124","147513,9737664906","64721,35036132112","57233,17562275434","62154,606089713656","60764,72002341809","114566,91087608201","115451,53345819646","88079,3023240392","88523,54656918887","88523,54656918887","183680,6505977467","67401,035629829","66893,33571957314","66893,33571957314","86855,42003823383","87783,01344210305","185807,484514061","51282,00696840947","51948,48763837192","51918,48186790469","4712,5856554640695","0,0","4422,436581671496","281,1117457970977","1936,8572482922962","41843,78546399317","40707,85925876144","35534,16879650746","35022,48862054683","34859,09018652978","37831,03364644695","41468,16235398863","32133,484825271804","29932,720860152942","41047,43845657424","40125,444323073716","131067,82158781769","131622,75670963223","53906,06210258884","53100,50533526392","49550,305586805756","44036,912204521104","46930,468456260045","43836,234562663725","45953,64459109945","50047,541000203295","48823,10754573891","176100,77273165702","27317,022056462672","27083,036065681303","24670,733199406743","160240,09267815368","168230,37473844943","160240,09267815368","158631,5868507821","158658,55419117108","157957,38328159068","114607,97379940684","123942,43403928197","119133,1422107068","64922,632557465025","47890,27669899355","43342,350280993334","145188,94920298405","144940,70672312766","145662,59886012506","138229,14755185993","128880,66842696027","81307,69999116643","71097,4631135214","29127,84113423624","21429,703742625403","31902,977150531366","27781,44664677833","30627,50074812201","30766,444993286","22103,7215347328","86930,61151445605","48179,01848376618","47029,88951982808","71630,7338693648","70905,79436069506","60038,254238509486","60038,254238509486","142651,0122059864","79565,2903124523","79065,04599532884","77932,48127477964","130373,91689167934","132195,3052625074","195947,436626717","195947,436626717","179814,0134145615","171754,4454956356","41619,85601990724","108529,187335094","113692,11604188064","114196,29864860994","47223,41128690374","19550,48994279419","54733,055650091985","59278,16230384359","40690,873268874435","48477,19073384664","54356,138282675376","41300,26872365992"
835133,"50198,20839599431","51545,59135290877","76965,52957844273","78901,71023561605","78108,06165699015","78991,27444211167","92018,15815804023","94791,3833544747","43247,69652070996","31775,594386971254","80430,6728711854","74396,36722356715","74699,68392359994","49521,498935732336","50423,22021422944","47802,44843013092","60842,38019213969","237676,17566286947","117295,50506385442","118755,5806480962","39238,18565563348","32623,916051037617","35108,56979477427","34271,61622618668","35989,587794610205","45828,976984908295","163812,1850031387","132443,22786407074","40411,088725089365","39633,8515908425","37163,87971900627","37987,920455445295","39899,05582883108","41049,74380540063","38197,58123299686","55707,52508266975","131117,28300641896","128383,51859394455","133725,28364637023","128383,51859394455","161375,94492085502","38063,76973544472","35914,27413845973","34529,651981329116","32703,058622576962","74298,41760929723","73227,06501679774","64682,215218896934","79250,70346248266","79589,75165209123","81632,74837376419","75364,89956427962","72208,339530333","76251,88404426718","75151,43369486339","76392,22879504091","72369,541408019","20242,473696983965","21236,41397768567","158325,4306963073","159425,75195927222","159656,93323617097","158874,7352060507","45544,22155963433","45616,627318863706","89040,77300437124","22589,728162763502","27799,121384232272","27837,34222198843","73453,41803760889","156457,3621054568","158022,609420079","154898,52060829313","15264,270621936832","13247,893535053317","72784,18433602058","70974,11294853144","72819,81363814956","33228,04915085674","29365,51625639062","29365,51625639062","201053,54673838345","108955,7694536771","58576,88549276559","56299,02872710282","52484,38840252124","53280,88868267436","71876,51148097795","83541,05500069603","86412,8948246116","132803,20991285678","132821,39368563314","43513,47641416196","45633,58507226182","60150,40884355576","138060,59104811435","113231,84196826257","112569,74455549015","169253,83748341928","88074,8087445444","32325,407384886126","34313,82709794117","67209,04552189654","91522,8989045843","97176,68099066222","91587,75788395583","99520,45504677229","13913,553315469142","24056,954891108995","24191,9265240204","45371,37703348128","45343,95014896229","43622,1985234328","54918,49955570957","68013,46586140126","70441,52654403905","67954,34755291951","68642,08063164761","69464,58689783998","150657,96458250174","148983,78171448183","99831,93900080302","99831,93900080302","43387,1779150637","62083,78688787038","59448,47406727979","57809,85658801193","53196,73095944049","52853,3623667637","9464,060427344079","9284,089090101812","17549,717687866763","9254,61527255119","45171,24587028115","45502,96550187171","45502,96550187171","44567,21929226085","46378,67384254219","46527,99936604154","39039,24426895791","43111,04530453047","41790,03374535262","49380,567527939835","46650,19089053461","49210,34960976157","44683,07188498528","44858,076320583765","45095,08791801348","43311,2813410187","47923,62428627215","50336,41103480964","40280,91275427254","41218,9992293016","47992,99899408615","44271,48080321465","48424,02960982859","44385,13858302015","47904,46080480813","44123,800136547834","50183,966555294515","47528,128284335515","43743,80280311263","42715,4447909248","47543,24345819119","38758,102954549046","62816,83909607141","57177,72473855239","62118,862999682744","57247,92424705203","59098,99823323161","48834,25375577587","63489,39728958453","180315,76468140076","104103,65365325764","100445,10260091297","73170,71328078657","253736,40237730602","102589,48922982707","103083,55785613733","97258,93650250994","95030,46101950573","86695,15055777358","143091,98083262003","65694,0601725977","56223,81845458886","60387,143168414805","58868,97847894595","110493,31357356001","111389,48079771288","85288,10859907452","85745,07748017207","85745,07748017207","179258,57894899003","69738,62418119617","69292,57900739915","69292,57900739915","83606,17939920218","84513,7904869447","181601,53031426514","53633,18826979228","54319,017551987316","54258,34502403358","1658,150801686152","4422,436581671496","0,0","4269,902439048255","2486,197184759914","45237,61366442948","44127,87087001446","38897,93742334727","38897,15537109844","38694,10142740159","40942,14370516003","44896,56264283272","36093,009035097115","33667,39829837544","43922,1872996493","43435,855329584025","126672,80604802672","127234,1679984172","54347,886786995696","57367,4648141753","53705,404344879185","48306,55177239696","51000,747157534795","48117,347711917435","50167,87071236087","54275,14394367202","53090,78191700642","171690,08265991052","31264,525915193863","31094,712269139414","29070,652979826667","156212,6317131674","164176,9026279151","156212,6317131674","154874,043924925","154893,60180925226","154174,36362136505","110262,58061208976","119557,26665774912","114739,9912528668","61225,719936300535","45949,15009069155","41329,652690347895","141139,20658593066","140880,93520260503","141602,99158189847","133948,30073606953","124587,92000171507","76886,28224811384","66685,13879993973","33550,11900069715","25739,43209776493","36217,464752451364","32201,42804220568","35000,44331798549","35128,54785199716","26442,246539434236","83111,48353410364","52567,11319423553","51405,242322594604","68004,00471556623","67250,84282993013","63156,13719004539","63156,13719004539","138235,40396895277","77617,17416338876","77193,86289855003","75961,28329580309","126325,89405986913","128151,99022515563","191530,94112048732","191530,94112048732","175392,46093969553","167340,85509319048","43443,80780704858","104202,64868295484","109378,48758045977","109889,19476674868","44389,79422479215","20942,612282574515","51620,37463831758","56743,723361248725","41129,34357935842","47710,132955864865","54580,736232539624","41597,77423945223"
835068,"54426,32808720033","55760,15916217219","79709,580894422","81720,35382391985","80948,38774223678","83248,77526094261","96269,98341394537","99042,51172158316","46647,907092440255","35548,97700055764","84609,8943935658","78620,07168433514","78947,48955964424","53579,744119111405","51150,85500273568","48515,4546045411","65062,73416830111","240268,71897219436","120989,59430654832","122457,98086524742","36513,18170920383","30814,003155709575","33426,906859443305","32609,920169018882","34054,62439192701","43860,452384996526","168067,69151372937","136711,5604642196","36204,22754006716","35364,84950200352","32986,358239802365","33837,13204251686","35765,015513011494","36881,63235442519","34035,212130118736","59960,16283575773","135339,21759175055","132605,6494705154","137865,51239067735","132605,6494705154","165618,63950384155","35451,22286590148","32468,550114962443","31730,049992919478","29871,325931795123","78366,79351290957","77038,95563804774","68738,85690496105","83440,64998304921","83673,23177835166","85698,01070408453","79432,18174672259","76272,62906819141","80219,07814604958","79126,00636160818","80394,52447791967","76502,42911315063","24487,337569614356","25480,784863125937","162487,41983788734","163587,86903873432","163826,41841262268","163029,09519616517","49447,81003709326","49547,825081953895","93285,63378706701","25609,687859622332","29106,130641954067","29014,925078023574","76398,39876908736","160726,08808301706","162291,87829502893","159166,52123164485","12796,581583407067","11046,1823588896","69109,18907619808","67262,16290317227","69162,81317755011","37356,644949767906","33544,38145718661","33544,38145718661","205323,3438814874","113217,56283151232","54307,796993232674","52090,81481328575","48557,583306583656","49013,530337951466","68473,45718990275","80484,32227688438","90441,16152550146","136166,89585432422","136191,88064159793","44820,35382667408","49288,58356983789","63658,348456229825","142321,4725770829","117489,75515634254","116833,17644928061","173465,83702929376","92274,27719371457","32344,864433889306","34417,50578706583","65976,22201049037","95502,21754011915","100929,18228439311","95615,97483546272","103296,27732864948","9942,327093145761","20352,86578634228","20473,300688861145","42829,5609563934","42481,22151965648","40794,32855117449","55362,75642374398","71665,25037230189","74107,82799659001","71556,02354324594","72257,27123001197","73131,70505450663","154864,592671328","153193,94778907447","104081,86439315877","104081,86439315877","45516,36127045166","57814,32538774432","55215,52136457008","53622,55782876431","48964,67568669634","48645,796410441086","13557,679516483451","13252,875529748926","20961,861886475846","13158,7470336028","40987,61522418636","41499,948291642584","41499,948291642584","40880,43465048505","42506,29099728943","42423,02675228351","34932,97180601775","38978,45475987771","38143,50371704733","45354,47589144921","42497,46897446481","45103,48955518916","40529,3672917254","41196,84461575706","40995,38804647268","39540,18692910791","44012,02760464863","46240,392760074436","36623,73326562707","37141,49976286851","44218,65104308084","40123,999455532554","44442,53904654025","40432,47620595883","43746,29409602428","40210,72765094305","46224,099777296244","43665,83905250848","39956,02090511936","45659,46159868198","51076,52427397515","41904,53620789695","63992,05772004325","58616,15978847802","63304,729872811484","59249,63011405199","60669,61512199745","53091,93959519522","67691,77471832761","184585,66496891802","107280,24926411352","103640,63438092673","75475,09930122839","256462,94950751576","106683,78741600245","107176,06346471941","101330,26630436383","99083,06818414542","90812,37316715556","147352,09464000602","64979,04517490642","56967,527004182426","62296,299083867736","60898,55271592716","114509,1327953026","115395,56864854597","88154,06698840395","88599,32308310499","88599,32308310499","183519,02589552134","67681,43867721783","67174,03070326144","67174,03070326144","86891,64964143703","87817,46092806314","185727,29764909355","51562,31063338436","52228,90882588117","52198,7282047161","4653,5245744085505","281,1117457970977","4269,902439048255","0,0","1788,3633313176306","41808,620756396966","40675,16684223586","35494,485199233706","35042,66425711848","34873,82195259585","37767,728604262746","41436,49365700285","32165,301236406453","29933,16086670871","40964,45361884397","40081,54298209065","130935,5220160628","131493,4896214644","54147,201882166315","53190,61303744447","49616,7918181211","44127,22787257305","46981,792926071685","43929,360655945","46031,620108919","50128,60422339649","48913,19943036049","175959,1939977156","27568,279428125985","27329,701720510322","24854,905138328424","160189,90356801922","168176,30077212464","160189,90356801922","158617,1105810995","158643,1946671347","157939,84259734701","114409,69134026553","123755,55369883061","118949,35531818127","64912,420534992394","48019,238154309634","43465,82542798808","145135,25033306994","144885,46047646963","145607,3851503203","138132,79691314377","128781,41871129906","81154,07842483245","70954,55933127798","29285,493590448583","21641,47488817913","32004,223207337356","27932,872607834324","30748,368778095242","30883,074524593103","22211,299603082625","86678,16568323596","48307,027441800325","47152,27046291046","71369,64298379936","70645,88302415021","60315,96050182365","60315,96050182365","142479,90340542982","79286,18053561305","78786,62030272587","77653,16647790973","130320,31566779433","132142,44285437805","195777,052754777","195777,052754777","179650,7718721195","171581,58703410684","41894,03744955461","108421,0357769769","113587,48764485585","114093,36512469649","47290,57020679418","19811,20677189886","54458,117886641354","58997,284457705326","40466,73107801775","48216,35313189657","54126,07630463951","41070,89477424298"
835206,"52671,049629230576","54012,35461864829","78470,31269699859","80452,39852906282","79671,84550842445","81460,74878673037","94482,73181306773","97255,37557091149","45267,19197799727","34002,339479820075","82881,17809088851","76867,54493908092","77180,79198422964","51848,17596976673","50707,340408728305","48075,63841869576","63311,92616656589","239100,5589210156","119390,87934629538","120856,23818932335","37694,047767395154","31602,752171992583","34166,031202112325","33339,28642868251","34901,340784982734","44732,21736603346","166279,94072901332","134923,9260495456","37978,90385519558","37152,26823932291","34751,302037997644","35592,93425462107","37515,08016003923","38643,64876292016","35795,059208414146","58172,72229113414","133587,95785122304","130854,27142659089","136157,152225398","130854,27142659089","163833,1540125917","36427,590847819556","33828,28043665554","32787,68298409093","30941,449481292002","76633,07247987797","75394,77880246915","67008,68523623631","81668,61400849826","81934,64737354736","83965,54622217896","77698,85918277655","74540,20091760694","78592,4386624657","77495,888515864","78751,55276927483","74796,87005636896","22721,655301756957","23715,439036179076","160768,17123005033","161868,55971651035","162103,3215375367","161313,7435062552","47847,39320852903","47934,968486715305","91520,82034463945","24370,00621154641","28582,391951264224","28544,784808742854","75080,36498243576","158943,25383991754","160508,20701693906","157384,61113851305","13640,269837699481","11744,953859973695","70587,6643861197","68757,82873384262","70632,84460856614","35601,333522220586","31774,051221483696","31774,051221483696","203537,06762726084","111429,22610492952","56095,11345998965","53832,81501003961","50154,153336828334","50794,74629610524","69825,40730741512","81680,52814974828","88786,36493441806","134693,5060250573","134715,8899270928","44134,959527403604","47798,26054613097","62235,62811082792","140533,18221546992","115716,39546200719","115055,61059814354","171720,19554921758","90535,05700404453","32169,667465267987","34211,24920012273","66366,84893708941","93870,57296121157","99401,66062355382","93961,35810339582","101758,33252247803","11614,251278219377","21926,447439274376","22053,107068777073","43780,52387114211","43577,11949292748","41873,20979809109","55039,38602977786","70180,41233243399","72616,83469912557","70093,35094379453","70788,7157893229","71640,23680995728","153121,8438645437","151449,26440357207","102313,88340954576","102313,88340954576","44503,67316998229","59601,28980427986","56998,123554474216","55391,58504672773","50746,97547760779","50421,053085760796","11804,21972274886","11532,729853066356","19552,080637954994","11456,674259211773","42755,039370825994","43202,33745648846","43202,33745648846","42458,95822857335","44158,591145569015","44163,265409441614","36672,955604596114","40728,2779735982","39704,946916421","47066,00628851335","44254,554562166646","46844,60828458851","42286,67611984991","42765,23771308223","42733,602537056344","41151,91919649219","45679,815967928655","47977,697543571565","38188,8847241279","38871,19361555508","45832,84496712525","41879,12799530506","46137,163992833805","42115,487429759254","45505,31201593989","41878,40519535209","47910,7335270663","45314,427244774","41574,48430561087","44472,99239562429","49639,78696929739","40629,84949678955","63562,76144742301","58073,18018275312","62870,60002905508","58469,57833259852","60072,139579261275","51303,859791045215","65916,04296423164","182800,13728483705","105876,8969053835","102229,66961807574","74407,70678810427","255241,91604019518","104997,7481741084","105490,90390034253","99596,12033916425","97355,19090586364","89062,89656302515","145577,14092197956","65147,92563091534","56715,33810060709","61381,2628281124","59934,88603571371","112794,16589129459","113683,99155498948","86868,80281296425","87318,69090722615","87318,69090722615","181743,83153791548","68430,4709727236","67949,79552580556","67949,79552580556","85444,48787182632","86363,47510339555","183975,84011612326","52309,67814019331","52985,16254516949","52941,52521550243","2999,441835263744","1936,8572482922962","2486,197184759914","1788,3633313176306","0,0","43283,440365859875","42159,152236542235","36955,77253016652","36686,145281990095","36503,68886571817","39136,13644155232","42923,787694977844","33836,77896994589","31526,455002795403","42245,4094971117","41525,14225759406","129147,16237425953","129705,30923571657","54091,97510126992","54956,24209276259","51351,65871632436","45893,36523771978","48690,824941778286","45698,32197776757","47783,19368342794","51883,93967229053","50678,93711281271","174172,0039332256","29045,374098822987","28840,44514028464","26600,211097093885","158489,07349342277","166467,76224779137","158489,07349342277","157001,27298607078","157024,9409343613","156315,70174967556","112697,66927549514","122017,17777735605","117204,98714261559","63312,4184521175","47031,82709417821","42448,61015111997","143427,63957690002","143174,87997465575","143896,8594302144","136362,71709254125","127008,65370067758","79372,41488472729","69167,69966313447","31063,984975220577","23319,979999308296","33780,70013746531","29715,584298259826","32535,206644875936","32668,485170104763","23992,583541805056","85232,67141735327","50095,17827759232","48939,39208893487","70010,48842957708","69273,77598604716","61409,89359762742","61409,89359762742","140715,41110699513","78654,7215837625","78187,24862357785","77011,52068646261","128613,06438020893","130436,60937616463","194011,60063427343","194011,60063427343","177877,1568102105","169819,441694633","42404,91156492639","106641,283029977","111810,27560869671","112317,49358287448","45979,79606888429","20087,16701509283","53321,36046592285","58110,61403789251","40788,01393482144","48056,70667614925","54373,74109441609","41336,0569418907"
834025,"88725,70634371237","89595,6324827083","121054,75527755708","123167,16986202948","122426,24734376314","120196,2649058938","133255,6333597723","136017,4896891183","70755,6756794582","65495,77893468274","116068,44988406442","111602,46022610783","112839,12727806414","93831,38372176839","87538,17435422524","85013,05719382867","98539,17489008386","281029,0388399397","162440,61063995142","163890,07660730433","11247,474258367878","21683,076026841667","22157,608364375403","22464,81929721567","19792,069805130493","19888,13219863585","204192,65156187266","172036,9178982931","19555,985298018142","25263,24833236759","18671,70351358948","17495,680415228297","16536,908979717897","17729,782690145334","17865,61456184847","97635,98137594383","166790,9928702356","164112,7919602273","166783,12216724333","164112,7919602273","202323,43252718807","56324,967193689445","46641,74606177177","52559,27734649499","51272,86204197175","118334,61995648465","118230,97994093495","108861,99724843341","122069,34562091868","123485,69318422137","125641,09027540455","119400,78286107379","116285,47871336897","107683,10956347207","106779,34433439214","108441,03365848598","107241,5896613915","61824,52077617234","62687,382721119706","191561,61093662583","192649,29758038858","193097,817138811","191880,26868567884","78656,9120731436","79101,77834624342","126601,53411567336","52758,549032241914","43675,040664608845","42812,33362256837","118009,08432312755","194767,0083293577","196453,42536701015","193083,68959929625","45890,55972378225","46149,977655622126","67283,45335343471","65096,44762425322","67666,21213859253","77388,27459654806","73264,84228618602","73264,84228618602","239698,42341073108","149458,77419384918","32811,04472842001","39637,060561966624","47154,445580628715","32044,00296843435","71419,94678306878","86475,93228573012","118423,8041678178","177972,24047874866","177995,95033687347","83426,81498558252","75590,80909561568","86319,22927306734","178317,3994517678","150979,20914855483","150757,97011464194","203999,86586704315","124010,74738298917","67937,43914511174","70027,6700144767","90996,86388867692","122361,82170706803","123855,56259033518","123362,3301916632","126456,21089502126","32178,112712331364","21643,400608284748","21556,403605428335","61912,04337991824","58706,15619687079","57912,76410667017","90381,18877960368","95236,62735230263","97645,51654035134","94498,4011688069","95303,71105831479","96767,312739701","185449,5166947807","183928,25968443084","137373,0538623692","137373,0538623692","86072,99154263691","35379,55442581936","28580,741959788855","24753,51653596339","24727,913637595568","22913,32161841616","54432,04160378059","54429,824897158425","52358,2500293971","54447,89217206623","18759,30516357609","12259,34820655466","12259,34820655466","4788,07369049296","8972,18823015947","15747,295630991564","15792,156969832587","16307,035708724326","5205,581393301384","14042,39277543512","17668,94732148425","16659,219223999386","17309,292340495726","4259,442516246947","15281,235266342548","6702,229860656099","10362,069029237786","16733,744576471297","6413,252200018018","14503,317735194832","7263,52237986631","16993,09429028315","12381,149696754599","10780,63323028128","18271,97706804031","9774,642976883873","12543,538463762874","9034,739584619969","6959,23261228906","65698,56332727885","75775,29168159564","64684,846919466116","63025,676025884095","61496,22489652083","62604,645740617976","67283,14334807222","64276,61909730632","90783,07157524397","106342,59372654895","218918,58421219714","149050,93734073223","145421,4761050862","116006,40988558282","297528,5394337504","135338,12232111575","135775,07271400982","141138,44269572137","139049,64314819037","130269,55950000006","180558,06367018534","93421,92241681425","53806,38594128249","102029,24052016402","100959,22348856393","154677,45073181734","155625,60212194436","129649,55634597676","130078,39449252177","130078,39449252177","216381,92489506013","86104,60093212308","85124,45700254223","85124,45700254223","128699,187824815","129626,00332406902","224681,10735851448","72481,43707710487","72864,28785987702","73084,51661027386","46269,336790854904","41843,78546399317","45237,61366442948","41808,620756396966","43283,440365859875","0,0","1192,1090402922202","6342,796947209625","10147,975919529052","9718,279021762097","5706,229125461204","641,7025840207186","13037,927234565437","12712,723359527447","7253,678941399931","2149,565032527676","166909,51774731214","167689,15832627672","86358,81796315066","23959,31619591356","18227,058708672055","19396,383670960662","14573,44769289253","19769,721372112588","18189,70197839475","20710,02062988811","21436,271058845028","210783,46529649108","41686,43026210335","40698,79868566897","31300,28201550228","200505,08597255565","208332,6382331772","200505,08597255565","199932,81809966086","199940,78423292495","199191,86615581348","144059,7902383421","154612,44685795184","150271,96486185983","106410,77159515547","88406,5921311406","84077,37989928121","185356,7194234702","185050,44704759374","185771,72935516245","176412,62509347775","166956,85182545308","116315,78456852365","107203,33879188415","27693,375662519793","34749,84525752088","20417,398397498142","27102,85652715155","23016,218911178243","22487,433362944732","25102,610345585665","107880,34447170365","27239,175255407514","25748,649968416845","91466,72627317125","91168,78527178451","72233,84321895867","72233,84321895867","174797,15615496697","80295,32953816655","79103,28681723402","79141,94808250206","170585,28884369566","172428,43075450402","227592,98464606903","227592,98464606903","212379,51282764855","203347,6975191911","68439,85705315655","146251,34648692937","151574,0900134351","152172,83017825487","88933,99420302348","54208,34722712258","71524,55705552774","69487,72990788949","32014,125737525857","46056,48265776693","40497,92484466719","33434,928991618835"
834024,"87871,66449925535","88755,87365871255","119884,27204665424","121999,88704400112","121260,16426581262","119293,64558396864","132358,9293067083","135122,48916524363","70115,18945993714","64690,74323706101","115332,33625603802","110816,42995351198","112027,17570870636","92796,13457870872","86349,07401551916","83823,25657499784","97722,86340577116","279843,31709910335","161354,51382054342","162805,52247205802","10951,417488600353","21175,955535483867","21789,4564599509","22056,110107252865","19446,37657147706","20133,44199282668","203350,27229083749","171213,78589752514","18688,9185989438","24357,815525642163","17671,68856175745","16518,208357670428","15638,808438332735","16891,674951600187","16899,65040031662","96693,03775440436","166093,42813124473","163412,05976535782","166164,94237317707","163412,05976535782","201459,26670527417","55214,7486979936","45562,69367588487","51435,968107828245","50139,40253173705","117320,72464798199","117158,18283329165","107838,34201871573","121109,04370992842","122479,92051568278","124630,4779431155","118387,19871755465","115269,02424231089","107050,5798176462","106140,05719286254","107793,24351711434","106515,53266904074","60836,83128286203","61705,00776587942","190951,25426759073","192039,82317875032","192481,89985079278","191277,08358632587","77915,6375717664","78352,92321976341","125819,45006531604","51942,55168561209","43046,81367046012","42190,5091259171","116849,31463684977","193995,5426834357","195678,34691291244","192315,91242558163","44699,107947640085","44961,66517419051","66637,37235459621","64448,4923214041","67013,50484104002","76350,69426387898","72233,60484982512","72233,60484982512","238926,4369931309","148595,20937099174","32519,129549624577","39085,590823298706","46365,999660758505","31543,739644847894","70675,81813007974","85712,40483553719","117791,64536680742","176841,61344593743","176866,0670648368","82235,17690279837","74913,82153229714","85771,76982909051","177472,85516355545","150207,92504545045","149972,4637761665","203347,85101601353","123274,47505886886","66746,79307209744","68837,43830158122","89908,86724762798","121766,98197689092","123375,57140313672","122743,01247768532","125972,97917361725","31022,407871785123","20481,3625089889","20392,144814551542","60841,37827743411","57661,66502439398","56852,974628780525","89198,51257276592","94687,83273590342","97103,08657168609","93965,00704495214","94769,39018976937","96220,25179234958","184788,4884488115","183261,78414618495","136599,7421972371","136599,7421972371","84891,65141636637","35168,71432605969","28478,53056394257","24711,59099053182","24411,31689021069","22634,130471022607","53342,93088039635","53331,63655066242","51452,33245546141","53345,97860783363","18131,853069635366","11753,085727211583","11753,085727211583","4273,402868513093","8648,618515622908","15255,361253885989","14846,353234686263","15583,374739240167","4154,276447264257","13837,015159141394","17147,371109286145","16341,765766763774","16671,26958675685","3827,2793725922797","14695,192218847296","5971,297671051637","10173,323703808783","16500,822671945738","5274,724366917929","13666,280724485674","7297,848918347527","16333,711643807626","12154,108609550529","10189,171207904279","17818,27891699414","9163,527906536234","12495,166258286567","8865,284348041461","6297,847813116556","65135,85677245505","75139,86594133421","64047,80378751086","63033,43598517817","61378,174799312736","62601,583729020735","67052,83962685666","64155,63433655933","89833,21357587038","105373,39230710232","218143,58821421728","147903,78416319215","144276,095155481","114821,80470851931","296347,38734254113","134704,59254268295","135143,59377571798","140137,65304530016","138041,46703388199","129280,4640165262","179809,75444831458","92295,76825143273","53813,205093130164","100839,73971491904","99771,68948765438","153663,21867885767","154608,62841070472","128483,79602204167","128911,96199705174","128911,96199705174","215656,83069313908","85103,76278576381","84129,27139298929","84129,27139298929","127562,46955288434","128490,85029694223","223730,95848429887","71415,95326848382","71803,43602956962","72020,83637877944","45147,50276233073","40707,85925876144","44127,87087001446","40675,16684223586","42159,152236542235","1192,1090402922202","0,0","5264,266396930229","9081,268043433143","8622,766340386554","5210,978008536932","775,5724654634065","11910,46555368401","11520,627156957282","7475,7868349997025","1728,9788627580256","166062,01271687474","166834,12309136527","85192,61357960664","23923,913931154922","18197,566492685124","18941,722903696573","14495,28648345816","19295,083325903626","17892,084313993364","20606,95485777299","21223,188370128522","209989,25222238438","40573,964159915035","39587,144622129745","30172,04463100312","199489,42413463397","207325,62444202646","199489,42413463397","198858,67147007716","198867,93688902105","198122,18119172062","143403,7379607689","153926,66294191268","149568,8988998962","105316,44573818623","87223,10303286958","82897,01245618888","184344,17889219776","184040,62254489257","184762,01923281018","175482,60280158988","166028,68518386772","115467,97275775431","106313,8008150059","26631,909993561436","33591,03045187397","19397,33636179908","26014,117165561704","21974,891810499543","21447,05646258997","23923,6691372109","107423,45301813769","26820,693464575295","25310,70744131238","91003,03079984259","90692,6879934991","71308,3734676031","71308,3734676031","174075,61595853683","80330,68644656101","79154,27949820574","79158,64277138132","169568,8285004508","171411,18582594034","226906,1439707696","226906,1439707696","211657,81997441666","202655,2362322422","67303,22551944584","145330,02146641127","150648,75312206507","151244,19289616565","87778,18731474572","53016,38359448096","71069,51025100576","69200,85127576413","31884,56319972879","45950,31958475471","40722,12648639629","33307,550617994144"
834032,"82842,1772798119","83754,30919775245","114856,58694870488","116950,6499360854","116203,55033591033","114173,10065519487","127246,91821493293","130013,06907132117","65612,07817700566","59773,147724353985","110553,72345260017","105923,12705634686","107077,45885349339","87535,46459089725","81929,61804509298","79379,41233689227","92767,17776572004","274966,06117049156","156099,91787159207","157549,93706801103","8644,59226779565","17362,885676691378","18496,380809230675","18597,673935793606","16314,231468360778","19510,94748311721","198330,55443337775","166233,7498767798","17820,669158870038","23032,52397199901","15883,05567485006","14971,685817383152","14731,054527598755","16303,619343217264","15421,152200613524","91514,80465624624","161399,48694238547","158710,59677679636","161679,71923690717","158710,59677679636","196399,28285741527","51945,46357429778","42627,78074578832","48046,07163343801","46644,10791429114","112070,12948652223","111896,85081340278","102582,39617683498","115907,41623034287","117234,68618413119","119381,88084370214","113136,78228348374","110016,90744729605","102543,45429924381","101614,77206066644","103244,04140200428","101764,0743977721","55609,782312929085","56483,24503588482","186483,3584527307","187574,19849650605","187998,50337700066","186828,9693070777","73139,58905852868","73558,08752784056","120931,83231583617","47010,77690435786","38630,782816560684","37796,7148519838","111758,24509037593","189123,3975023088","190798,05654336116","187452,14067991223","40030,66599552089","40177,27623581071","66428,44693172016","64238,073743681816","66768,12714775174","71089,43202230375","66974,73400442132","66974,73400442132","234050,29064144302","143539,32166382653","34235,02587816901","39535,4957605578","45471,469901802906","32341,626257310778","69917,66034178929","84804,14805458022","113281,07431798494","171648,75596546312","171671,49305821088","77547,78477482231","70305,59942902815","81524,68654506636","172450,41297937123","145340,66164657898","145073,6573396342","198766,09925562772","118493,4763278134","62279,00713176866","64386,91861044405","86776,69449153","117359,21640070344","119310,22481035315","118266,07673587919","121896,25922537547","25929,81607557552","15443,768146612474","15370,476486088155","57918,214642777624","54968,070348522844","54035,72406682057","84946,05904698085","90429,34159957065","92861,96265610805","89753,58218645873","90554,52420793242","91965,83833655507","180185,4196458717","178644,7369169492","131729,90611432394","131729,90611432394","79968,09555131392","37185,43817928973","31004,680915562712","27520,197229420726","26170,604925189353","24592,123276411887","48090,17699432652","48087,05671497844","46340,937978433205","48105,51833897485","18674,753834317842","13316,435132800276","13316,435132800276","7296,549677130762","11287,571458027116","16608,30252745057","13651,443853873838","15756,738442095324","4781,5000639901655","16426,882280245143","18257,50712630186","18373,491730811926","17236,25086430516","7252,290623065021","15644,903395363152","7567,066820061611","13092,134362760378","18852,524678945054","4195,586918611189","13313,411017312606","11142,078633186968","16807,306628475533","14778,252623363842","11547,983657438815","19205,46885027327","10580,744503694517","15688,096904155218","11978,625566021992","8105,802361964852","60867,4920877336","70645,85067270642","59561,8027333935","60830,16640288534","58679,05377708913","60355,85337758359","63909,49671186998","61435,65783165602","84646,49205264653","100162,32946561399","213261,95697247927","142758,78560283582","139125,0853375087","109936,70964458438","291408,0697821663","130184,74164461592","130629,21199042602","134895,84418319885","132794,32931831942","124048,5966825436","174991,54359863437","88797,35626765495","51646,38353802169","96055,89086414881","94940,61533022387","148412,02882030615","149355,8218238477","123424,80790674078","123857,0182475273","123857,0182475273","210890,13367729943","82677,747671262","81746,41876290484","81746,41876290484","122385,53892622275","123309,7161861543","218538,99329840406","68509,67019777843","68935,16303767901","69128,41434895324","39938,6699521882","35534,16879650746","38897,93742334727","35494,485199233706","36955,77253016652","6342,796947209625","5264,266396930229","0,0","7530,867876440411","6849,078848582026","3876,8340928916055","6039,588618236013","9230,454656618584","7274,328199757872","8151,70684882716","4624,7812228725115","161034,69089757293","161792,61720166114","81224,19038994232","26770,55632366135","21206,573579246047","20275,724557150133","17486,444934591607","20524,39943297926","19933,278544369237","23290,89410672709","23481,316632579543","205066,48994062803","37348,31081923602","36376,16717770887","26863,135040661702","194237,11651516633","202078,7192643346","194237,11651516633","193597,93795892684","193606,7292970015","192859,96980483053","138821,10438302968","149264,5075209441","144863,89383681616","100068,16290742483","82326,91441078042","77962,50570509073","179093,81401483447","178791,9830289307","179513,44967583916","170317,97866758093","160866,96058665277","110445,19797944839","101216,32144957507","24045,05719544374","29863,747978817042","17366,403420582246","23181,68789263815","19674,1592695314","19170,309023171314","19944,773397784753","103440,50032193249","28084,40080602409","26520,539673616615","87011,89288362252","86662,27737212315","69440,32855925018","69440,32855925018","169321,53032790628","78189,68066811608","77080,14400629632","76944,29955422142","164316,21657619666","166158,11772385144","222232,45559178063","222232,45559178063","206899,59927276618","197969,624950754","63727,64905893832","140178,97539940194","145491,64296791932","146082,36075544267","82670,30257296453","48467,46251259368","67131,83263747934","65845,60596147671","29349,270866474184","43372,90824777655","39579,03349291496","30761,860098074172"
834033,"85605,14409196076","86636,88192964491","112985,53300435994","115182,51864682637","114474,26829348563","116366,86188877137","129464,02183829041","132240,1075007781","70079,39254607206","63121,27871465668","114145,61010883187","109153,13239915945","110095,87945863142","88328,04852359711","78143,78887613815","75657,62933028358","95804,07935746126","272370,6357774889","156003,3373408891","157476,14146104775","16118,218737100337","23676,118233437744","25241,477118821902","25206,73851569156","23235,20599629783","27037,586240944183","200929,99678267562","169032,90031428187","10303,550250033524","15661,957569795513","8687,7762814926","7627,750605078045","7204,532593879675","8776,470517525868","8050,940937178019","93381,63369040709","165153,9598878713","162447,3106836409","165951,7312698148","162447,3106836409","198810,82921783565","46204,6746353232","36493,80361945253","42471,92254116878","41222,670276497025","113058,95257765334","112078,7173933043","103474,34419541985","117508,21035399506","118310,56059183167","120393,49392929277","114126,73631177576","110979,1381228624","106861,12295630966","105893,24546176179","107462,62959133144","105458,27106202123","57215,64861833039","58143,04016117508","190771,85091281548","191866,8919200635","192251,11236561724","191160,83816135972","76867,4722923307","77227,31637685762","124147,94941933158","50429,88696855785","43529,66563859347","42751,56636106856","110222,54889609118","192305,87273236725","193950,98452495155","190664,6203077265","37120,64343670294","37649,27195431378","58900,193234747996","56709,61106417271","59241,59403337146","71932,63813528875","67930,88021129329","67930,88021129329","237188,8325272226","146027,38274359415","27387,786466268906","32079,99939226781","38027,10890625308","25022,47096930341","62460,22166043661","77388,98568308153","117566,46286194037","170740,46195419674","170778,38224108313","74489,09587454287","74501,25292438101","86434,46675449132","175060,37627752664","148586,6565442212","148210,01131043638","202779,17259337957","122060,9913364255","58663,917344129535","60721,22582266355","80850,63491886244","121861,3691157487","124442,75178790475","122617,3273969807","127005,8735267426","25103,607645504333","14932,254323971336","14778,905272472393","51765,47148905883","48581,88319254332","47772,34630910556","80779,01716078122","95289,16502023462","97746,7774997199","94701,1044802269","95493,52980564174","96828,73857535563","184160,0495065995","182585,4124234304","134987,84527070032","134987,84527070032","77719,07908496662","30520,613591438723","24907,176901413422","21840,817622705705","19507,13145086121","18145,564768596236","48340,51737012823","48176,75021865505","48956,6290988699","48126,82358585293","11444,922435128667","7448,106003544377","7448,106003544377","6651,254661249807","7485,068706536755","10069,986852376385","6160,195417577455","8446,929110680494","4942,414932014933","11290,294835574285","11402,914363645601","12349,561789676505","10070,946631877297","7159,141954220572","8844,14867146397","4769,465513348232","9097,000448788667","13143,317163717138","3961,078360429693","5878,097900592661","9299,56646465925","9608,793315145816","9962,560851652343","5886,4909749921835","12514,767070028362","5359,432844249209","11530,284430724061","8630,990824721215","5071,733849805106","65835,56102777673","75106,14564269522","64104,97862009967","67910,44297514381","65465,058383962656","67415,00187016746","70320,35801121709","68197,93981109069","86471,0937903366","101712,41225275859","216393,82926912993","141511,5600441595","137923,7199466434","107471,8336905564","289043,92468141724","134418,17151913946","134874,54120565904","135994,67190271043","133807,95475343487","125306,88151540181","178365,0293063789","83335,1346181633","58769,33676281234","93259,17957805823","92306,84534548572","149325,3066280294","150233,71021601933","121696,71225688663","122107,49418691832","122107,49418691832","214394,25558453548","76060,79384744112","75094,47924018922","75094,47924018922","121401,70547706334","122358,46376037513","220104,56011247836","62337,311473737405","62723,16306525014","62941,46645544507","39672,95053486365","35022,48862054683","38897,15537109844","35042,66425711848","36686,145281990095","10147,975919529052","9081,268043433143","7530,867876440411","0,0","698,172741933094","11186,732565306926","9519,853751150178","3203,2577977695755","5584,1069248796275","15220,788301444667","9941,967380419823","163634,86421776406","164326,16635534322","76508,9684265253","21165,87524990614","16125,481878442797","13489,391507461152","12755,51013217027","13649,949937718724","13798,802597883598","17657,410597674247","17367,611612868386","208055,75804467467","31574,562879277026","30585,513245983235","21248,233061749375","195080,70571681834","203020,908929434","195080,70571681834","193650,66208250556","193678,8796854349","192979,5811361721","142892,23512572504","153119,0035153817","148607,8715098308","99935,33516547456","79962,956306826","75764,47738966165","179990,00655063748","179721,58654562838","180443,6987591972","172136,80690170857","162716,98263707565","113150,49153789712","103575,46455804276","17551,15763213062","24894,47768205366","10355,855953585202","16960,104861555934","12900,668645714424","12373,934645715812","15652,719346751395","108733,78364087049","21038,000175028625","19469,299032336265","92333,18137671566","91923,31860011192","62425,90781388839","62425,90781388839","172896,8133943672","85270,24875019497","84196,13531772357","83987,88505302189","165180,59827012068","167010,56228103032","225993,65073919776","225993,65073919776","210431,61754570284","201714,26881828264","58395,75620612869","142130,68438636666","147393,89822101855","147950,48729006702","81305,29890202697","45134,405903751656","72606,3524640724","72043,19072125963","36402,18851575633","50303,24623314254","47056,72753127058","37796,31305259135"
834034,"85199,22566398662","86221,676236245","112996,12337653161","115183,57971178557","114471,47325861518","116013,33836238296","129110,30784589738","131885,89354924904","69540,08968698187","62662,18838312973","113679,50800012884","108714,65076226766","109674,31669007265","88087,9420919314","78338,74215208307","75845,03390069804","95378,61766853806","272463,4475456215","155853,72331327427","157324,60254132285","15425,00651223959","23005,194540168566","24555,22286365737","24525,24463823492","22542,994096866027","26359,157066248517","200550,03885335944","168634,80403623858","10975,065800333283","16291,054801501416","9266,609362341273","8240,535215419482","7882,0265338886775","9465,960910614966","8671,823122843492","93051,00920765959","164679,54557519464","161974,1185561892","165437,74798043782","161974,1185561892","198446,31420850987","46607,46265819341","36940,79600215037","42851,937641382174","41583,15929696243","112807,3010403957","111898,15495838353","103229,29583167158","117204,65990934128","118052,2207526652","120141,06246591317","113875,17119017027","110729,43036607964","106339,18339143804","105374,08638539675","106948,10352748196","104983,12331866028","56892,55420876545","57816,047790417375","190257,70002166802","191352,46460794358","191739,7312989995","190643,429320837","76384,20359855368","76748,57608279421","123712,48561072924","49958,73700300165","42950,48980994353","42168,31762427962","110200,45206354231","191878,06825256022","193525,63092039397","190234,33126043368","37195,42662032324","37685,514929195255","59579,425400045475","57389,02516449007","59919,51202889633","71682,31185026013","67668,94015746306","67668,94015746306","236766,2920357992","145652,99222357597","28060,06779632522","32777,33357713042","38678,145698532346","25719,253199919214","63115,383381953536","78035,00725612784","117048,0758278345","170666,75071530306","170703,25999521956","74607,39833077646","73982,66132354282","85867,30716454612","174678,14591783282","148151,11592587712","147783,1864459313","202286,46628527518","121597,70189264655","58832,6715578084","60896,448658296715","81286,40937015125","121327,37937007396","123863,89210456255","122094,52740266641","126428,77663429124","24943,229791246686","14680,390557275954","14532,821863928153","52222,49736412551","49068,245876871966","48242,22229123779","81015,28341128303","94726,7110362475","97182,86693884809","94132,43934958917","94925,55542124063","96266,25830137178","183669,56439259546","182097,47246638386","134550,18536226547","134550,18536226547","77757,44557263478","31181,471832134608","25520,657112474702","22414,11034668167","20161,746879033915","18780,81812993517","48126,707067791125","47977,0554371661","48545,884564552776","47933,19014396565","12134,916372347972","7975,6432601670585","7975,6432601670585","6486,49853654664","7744,218674330803","10695,50120090417","6818,093651780222","9139,92454395278","4528,687580503818","11769,753368795533","12063,1073038813","12930,914182282042","10755,325204265564","6962,648903568779","9492,454153436543","4745,701347773252","9416,861700087818","13695,631509369017","3413,8571159227304","6575,9119391600625","9374,594974274753","10295,16914596933","10392,423170454633","6358,845536121718","13162,26136364416","5750,509535422056","11903,115764680115","8863,389032527439","5109,881061355547","65260,40447986493","74568,58337194643","63558,61357523536","67217,46327627022","64783,28857353047","66722,68839396613","69657,25948740047","67517,37876169282","86142,21594386747","101410,34339795551","215971,11251630605","141466,77555999058","137874,18604408854","107539,38717790732","289114,55504295713","133905,13418663494","134360,6467885445","135736,7798756725","133557,20569388947","125033,80560860284","177921,27577327786","83716,30547590907","58074,859399298926","93356,68720379443","92387,81493505753","149085,05742665956","149996,6514505906","121694,99453620208","122107,89714945748","122107,89714945748","213941,71424230482","76583,49755358358","75621,76600800731","75621,76600800731","121329,45925010904","122283,32537526097","219812,5076637847","62799,91288832747","63190,888011081486","63406,060416558656","39494,89913183603","34859,09018652978","38694,10142740159","34873,82195259585","36503,68886571817","9718,279021762097","8622,766340386554","6849,078848582026","698,172741933094","0,0","10532,981627114774","9098,756970578428","3398,7481933951694","5199,957337984567","14598,528094485275","9403,347598306205","163252,67558248414","163949,5065382258","76803,84515418753","21731,23800414049","16626,88435212704","14147,150985297552","13202,027989950317","14315,38050150824","14396,47262058153","18217,740670353985","17972,097612193822","207644,24253709594","31970,202947731774","30982,206574054897","21605,528746937664","194850,10518999014","202782,1019928851","194850,10518999014","193490,44829759514","193516,91443847422","192813,29373970945","142392,07186561904","152636,11272447405","148133,21709974384","99780,61029421899","80013,46628362949","75797,08656959802","179753,81792747162","179482,4500516628","180204,55566878326","171820,45779639942","162397,28712849334","112754,55082937091","103206,17888735779","18025,623093440056","25177,808112643208","10900,538130630273","17391,410187205212","13409,040340769692","12884,706231673335","15814,952612679821","108142,72941922472","21720,977061012887","20151,99235513802","91738,6914779261","91332,82850360581","63003,09058944365","63003,09058944365","172436,8291269629","84577,59872991459","83502,3473320846","83296,46766291565","164946,07981202586","166777,24110281936","225521,25787988503","225521,25787988503","209976,72464139079","201242,33705283946","58754,94212302469","141800,55889148256","147068,45878387179","147627,9813760272","81259,48239989446","45263,30358598013","71999,1328879818","71391,94700742715","35708,56452947484","49614,6686243312","46361,94431490678","37103,32857693136"
834035,"83252,59957098069","84094,91773742266","117390,13323420825","119441,01467128404","118679,23761768616","114825,41095810004","127867,95251908853","130625,28779316576","65056,7630171954","59943,236151159115","110424,17300076333","106013,93659448209","107287,49497827559","88952,97770327663","85183,89256220787","82617,33781605649","92996,38375189326","277709,706913261","157836,83887549464","159275,30306882993","5821,190987732218","15991,4000549827","16583,56031847135","16845,144424862832","14248,880872255742","15970,405387696284","198685,1833497873","166498,23870858172","21480,248204558276","26808,766866181315","19699,251148793628","18746,076285010986","18372,68674706937","19880,4468813206","19187,162428185442","92384,64787402283","161115,59550885286","158439,44748081936","161078,38392825605","158439,44748081936","196857,51093114915","55719,57869024933","46465,163479661365","51796,03176916758","50368,35634774485","113342,45928591189","113553,8265370793","103918,57969336955","116867,1088618977","118456,25155687494","120631,98554723294","114406,86063630534","111305,61161258134","101981,28646833447","101079,20858784889","102743,37131034287","101588,99108334984","56757,34380553735","57597,864491062544","185855,99365342734","186943,60821695413","187392,74447961035","186174,20241934428","73020,89126367503","73473,39910001347","121006,62950781685","47229,97474069027","37974,30960618664","37110,11534474051","114161,2590062073","189156,15921716313","190846,76440068704","187468,66969693583","43138,85345004967","43162,68171899492","70027,26569559076","67835,90387340897","70376,823309982","72534,66974781913","68382,63082648437","68382,63082648437","234087,18306102653","143995,27190838673","37046,87205182193","42899,66104752826","49211,067070016936","35557,94108615353","73646,70537666642","88566,62237285038","112721,77898879719","173736,67688778834","173752,81881062043","80572,74868821749","69906,69624325655","80618,51219814969","172815,1241721017","145369,70473625985","145165,94651472868","198302,64175374247","118366,18950001233","65515,88384162516","67634,42969167813","90563,03389352877","116655,59495315328","118183,50686117337","117657,91972329117","120782,31231647433","28506,636878125646","18264,886471850827","18221,6200078516","61748,89935222566","58825,09867051971","57880,97752839541","88311,8028589307","89535,69974698198","91946,24535786883","88801,76366615444","89606,79105315548","91066,82482539654","179755,5993133585","178236,53332851187","131766,64520992636","131766,64520992636","82700,44931873465","39847,01902412743","33354,41472936925","29678,57900286142","28930,873490622173","27241,409210752336","49937,358405107254","50005,496998109404","47027,60468823143","50053,82855360571","21913,196180269315","16043,680087394856","16043,680087394856","8992,183596012046","13396,361433915163","19487,51424459144","17346,628357513353","19094,981031743304","7362,671064483696","18654,761505274266","21263,63905789943","20938,109494794662","20451,4115189674","8699,749247857428","18686,83072335637","10050,272585690545","15070,334808070229","21244,657039569363","7437,785379421935","16785,617382574947","12438,0169815265","20051,632681048864","16964,56553444551","14327,926219669176","22097,69985169143","13303,516287959335","17519,024364268553","13810,950624579253","10522,916701228312","59994,47159341837","70074,78881875788","58985,18787057049","58151,534805929565","56326,20672492318","57702,98427358018","61897,808160575485","59099,219564203195","85556,5715289479","101175,87492874321","213311,26963346434","145011,34723102624","141361,4114230339","112703,72044080446","294059,1573336024","129636,25545318813","130072,7533636801","136083,35121279836","134026,2984806121","125169,97492005171","174922,8557535166","92493,40069915638","48937,869602236024","98960,67161910702","97788,32232336162","149677,20312403783","150637,4469666355","125892,32220270191","126332,69116497222","126332,69116497222","210725,35443870662","86548,12788257816","85618,74217882144","85618,74217882144","124546,35700445058","125455,59509666117","219432,50823380423","72338,860772918","72769,29017784995","72959,30132068596","42083,51577462569","37831,03364644695","40942,14370516003","37767,728604262746","39136,13644155232","5706,229125461204","5210,978008536932","3876,8340928916055","11186,732565306926","10532,981627114774","0,0","5811,534245375993","13096,377533235134","10991,257246565334","4293,14946058686","3578,2960307741446","161413,39497421903","162207,25128579405","84746,26594544339","28901,158701675377","23203,812908621698","23201,85630317867","19470,89766811997","23499,575004010007","22507,020967027205","25512,677672819933","25959,60221755908","205200,58906753513","41145,61149057885","40177,41476313612","30662,740719474332","195504,15779917524","203293,29796464776","195504,15779917524","195242,3204427222","195242,08050404763","194473,605826498","138364,41610105528","148930,37225171755","144600,42959009492","101888,73981973194","85096,96170519399","80680,27004466478","180343,93666035566","180025,89551822733","180746,58719609806","171107,68147103928","161647,6155801322","110825,19943410404","101803,1175996454","27920,50546497527","33549,952654534565","21215,586204921918","27047,032523976628","23545,769933665204","23040,29036479897","23585,870900594375","102222,87362032595","31089,34905757409","29542,24038732212","85804,42235611727","85498,62316096736","73309,57405003115","73309,57405003115","169138,46855571834","75483,24780947289","74333,77475048974","74281,48982843774","165592,1041643209","167438,47237627392","221910,65416673693","221910,65416673693","206720,30635760343","197668,74008782877","67412,9688402238","140925,56778757428","146258,72930439925","146866,71736022","85053,84094030928","51661,65030332459","65867,77337547758","64013,644223776544","26846,038228815967","40922,10407218338","36322,20701409442","28269,148695257994"
834036,"88620,67901253658","89501,3594805619","120620,33793996475","122739,2235628602","122000,64448739492","120053,57725049388","133117,7077131519","135880,9257021398","70797,72279666524","65426,6921390593","116048,26425496319","111547,49561227503","112765,52367828663","93571,67798936683","86996,80551556169","84474,76185352966","98462,29480518006","280554,9373196331","162127,17791682947","163578,3919056622","11473,090668205286","21801,40637800962","22353,045914930488","22638,51827443072","19998,498958562952","20359,177194130312","204096,83917791236","171955,35423857527","18917,586283333778","24622,628738535022","18031,98919360133","16854,672731197024","15896,337499273111","17093,83247994669","17224,192933299422","97460,10090354332","166796,97490975","164116,66325483858","166840,19578592188","164116,66325483858","202211,07531575323","55706,16149459945","46013,244585382614","51946,15825887291","50664,96070239414","118095,57694596078","117932,37612074798","108613,62053272901","121878,7152860329","123254,28473336877","125405,15080777335","119162,03509138367","116044,00565785667","107730,76610992585","106822,71559440928","108479,01244788307","107228,16433803564","61609,5392320011","62477,16838046075","191623,66305856462","192711,90251074472","193156,405622556","191946,77633764094","78632,81099585102","79072,48497635777","126549,45973164096","52681,23365519587","43723,76104486907","42865,000702430894","117595,16669525293","194722,6657363642","196406,5425240304","193041,9322771106","45388,58057175845","45667,0135652673","66682,17972564096","64494,71182952459","67063,47361177973","77126,25557911333","73009,07427397188","73009,07427397188","239653,79771673566","149346,7723823311","32310,678504077343","39057,74777498642","46526,13114661758","31477,855418961386","70799,14219854379","85851,9966100403","118471,79556831397","177603,34075671033","177628,07946875572","82922,10760969634","75609,52075002932","86418,77662856017","178219,9126398276","150934,86509698437","150703,5713867473","204035,64260284367","123990,50645055418","67403,82446802879","69491,69964977991","90370,31831398593","122433,11071780961","123995,02858511607","123418,43399945882","126593,84381757633","31772,374972785452","21227,442254574333","21136,388415197816","61281,32263068143","58070,563084083406","57279,817506027444","89821,79206293428","95335,5251169582","97748,24229084495","94606,43845563558","95411,21253519166","96867,26764349475","185479,44265339233","183954,6605988463","137327,22745939158","137327,22745939158","85613,00049756971","34908,80811853534","28151,071806680065","24347,758625759758","24217,537696875672","22415,379895656504","54115,40849776219","54102,64325146787","52212,39589475008","54116,27611166557","18158,729977726984","11685,545894434397","11685,545894434397","4197,087031879484","8448,798690333018","15179,562640209484","15150,460443082527","15686,703122737435","4578,66047082301","13566,691312229694","17093,99105972371","16145,609610865979","16705,986651530267","3685,918261054321","14689,035388313481","6075,088540252139","9888,398521873065","16249,788189171062","5817,907483478637","13867,048415133031","6873,6345671390445","16385,17030033993","11895,947728202578","10184,405680650829","17716,21032511643","9173,07789535232","12128,264321483868","8565,964103199141","6343,882546824104","65788,48827257089","75820,65225046132","64728,91555479333","63407,09777136086","61821,192316882014","62981,362403030165","67554,47792178366","64600,34466681806","90601,30990697454","106144,18423005074","218871,80423181257","148657,84606885057","145031,13678591704","115536,41791007131","297068,54003235255","135385,37356561786","135823,62229134602","140911,673824895","138815,99987072562","130053,47659088843","180529,8062046646","92809,7014586811","54186,92755056711","101539,75542039493","100478,7375418853","154438,1083139462","155383,65391967449","129224,5503840243","129652,0875756233","129652,0875756233","216369,61371017701","85464,25530666308","84483,77617825315","84483,77617825315","128321,76777832801","129250,8242284676","224499,31406873514","71849,50744742692","72231,42341165117","72452,21248934224","45912,87278737723","41468,16235398863","44896,56264283272","41436,49365700285","42923,787694977844","641,7025840207186","775,5724654634065","6039,588618236013","9519,853751150178","9098,756970578428","5811,534245375993","0,0","12430,379444119964","12203,948879566484","7702,109383170345","2241,6889950072627","166809,77523166698","167583,71465355618","85775,39917191303","23556,074891812106","17824,037565336872","18840,744227746414","14147,787271145242","19208,43810108122","17683,612213194556","20277,73880702533","20961,711292475044","210723,00157354044","41068,8457473148","40080,918757916756","30690,341727020666","200264,3997006819","208100,1123412","200264,3997006819","199632,693692628","199642,07961096647","198896,594812038","144092,74267393688","154626,1469359188","150274,22710692027","106087,92308937521","87940,30668992597","83620,06689829548","185118,9890309479","184815,27742068257","185536,66752149994","176247,720989691","166793,47268391182","116215,63989753337","107070,99390621884","27061,444370994483","34160,35731310789","19779,46559982459","26477,701932987515","22380,946626279583","21852,047010978644","24538,322685684758","108032,76643204824","26696,338974627553","25199,61771018551","91615,05192051262","91310,05278809546","71592,69512171118","71592,69512171118","174787,138368121","80689,15445290087","79503,68044245604","79527,77808250954","170343,83470475403","172186,22934020843","227606,21336836714","227606,21336836714","212369,49238113288","203357,1677687304","67833,46117052583","146093,56860227368","151413,02353738536","152009,03811905562","88527,0801074605","53687,344130927355","71677,31255092329","69730,67008251796","32331,098260201386","46385,99932232627","40965,14770909441","33753,15531519099"
834037,"83415,28074712632","84485,67271110494","109828,93750963111","112033,7021246923","111328,81601505402","113965,50375533542","127060,78835213222","129838,17285508676","68588,6956491693","61187,52955551137","112217,94686883606","107095,85911988476","107963,21092351107","85588,53547047797","74956,60878416433","72466,95272773762","93693,30694565359","269171,1875870779","153056,37782079467","154532,69612714674","17329,14414503709","23586,718155440518","25437,787115894447","25296,602082352845","23618,558385048917","28482,764482865965","198614,7621127203","166791,49959157076","9311,911106512922","13990,72971320444","6779,855706247443","6074,076138559871","6532,570649650217","8264,093218937427","6545,771041196075","90907,33378800123","163257,04046141915","160544,62414759095","164268,76132792735","160544,62414759095","196438,39194118764","43311,115593478884","33729,25570859325","39525,51928890775","38235,09570122256","110344,5336200631","109196,3446995836","100744,29703421377","114941,21719433056","115613,1603746682","117680,03410124575","111411,9202151593","108259,93783689116","105239,86284283278","104255,80383660077","105797,33427493858","103579,01636500092","54734,9652991158","55674,652196773015","189086,4049590373","190182,91440780455","190549,54675234263","189494,3031875473","75045,03630246663","75380,91926853181","122072,8936063364","48573,21083559801","42362,565728632646","41618,30465140516","107095,4814075425","190186,43795403818","191820,71581182323","188556,25104807006","33929,328944956455","34479,22088610246","57682,073706992676","55497,67751494473","57999,016343182535","69225,1538909166","65256,78360458314","65256,78360458314","235043,09201277848","143696,96256597457","27877,954520296662","31504,191822577704","36445,53392078596","24854,44475940911","60888,56804304727","75705,10034123118","115920,2455096695","167671,93216813318","167711,74292611438","71286,20948737617","72878,4496213369","85120,24543113261","172756,12282862156","146507,05654614785","146091,84827291564","200972,9415963328","120117,20226692948","55466,31912957222","57525,68598184911","78039,08388690959","120308,59080534389","123197,4623086781","120995,79200072287","125746,47248228341","22225,916641845615","12360,096820723935","12190,431070392275","49025,05274124643","45945,32858161044","45076,73963945855","77618,67692156111","93936,13433319391","96402,75500479456","93392,77956535325","94179,77568428451","95475,07868218915","182344,02559938745","180756,07510255012","132920,30376174342","132920,30376174342","74544,02968980325","31165,460894830205","26103,547734325948","23374,428677337917","20328,587754684326","19205,84893976875","45553,12788473037","45355,79935017163","46818,41114564432","45291,908945011426","11814,378348296188","9551,829925048884","9551,829925048884","9841,667256050552","10390,006908309553","11419,964405397228","5282,642836815292","8871,491112518637","7892,615008013965","13484,140223208966","12327,67059340783","13970,090007088618","10645,071838629203","10336,89291391019","10025,842390921647","7967,590489076349","11847,362625349393","14930,299067301019","6636,656172070789","6269,804146843868","12427,961388905878","10159,240374876039","12378,197637472069","8301,623407164449","13558,685343746867","8046,7896515399725","14100,248398739235","11565,02690056106","8247,776465663088","64598,18725081565","73599,77118618389","62666,77904915757","68174,77962135649","65429,744115203815","67655,80199191325","69957,39879017996","68134,17877832566","83993,31679052948","99144,150034577","214250,273524465","138407,89556293367","134825,70719720476","104281,02544772968","285851,13319281186","132735,958845796","133197,18021301043","133293,776243096","131088,3749833917","122648,99104709105","176318,5540280832","80386,04472014323","59105,99560318552","90059,15184253138","89111,27179621451","146577,1400516704","147477,42906773975","118550,10983173917","118959,05006848297","118959,05006848297","212385,09351153864","73561,50170389112","72615,95102614496","72615,95102614496","118333,01117617532","119293,62205687193","217493,40920859794","59611,80376781686","60014,684701927916","60222,410641699564","36810,37974410432","32133,484825271804","36093,009035097115","32165,301236406453","33836,77896994589","13037,927234565437","11910,46555368401","9230,454656618584","3203,2577977695755","3398,7481933951694","13096,377533235134","12430,379444119964","0,0","4115,96087611421","17326,905516105504","12524,04251276594","161331,71388087803","162001,9126025152","73410,69819353828","22759,15604436167","18137,475383377638","14381,929618881793","15055,7309585167","14433,096482380604","15267,524758568226","19321,32260719606","18719,188013221723","205865,45349595672","28669,248763786647","27683,43560977231","18262,897818243637","192305,58842960928","200265,7283796932","192305,58842960928","190722,16473782892","190753,7618545576","190062,92386284514","141135,35812309015","151267,53945320638","146714,89355089542","97002,586812609","76780,7868929272","72593,20640132278","177229,47309457083","176968,44524003047","177690,53166556312","169602,96402245777","160194,6696547271","110910,1626136942","101234,6663061417","14918,821502190389","21783,31578566324","8153,916438968845","14177,314272652206","10452,948612367225","9945,072190511944","12451,565601650185","107589,69869560077","21381,192229083175","19838,655537931467","91225,44091774811","90783,24752495361","60213,23086244811","60213,23086244811","170927,46739866203","85506,81759118638","84477,06547017938","84182,93266600069","162416,84640850945","164243,72130437964","224080,00722158165","224080,00722158165","208433,90774333096","199800,44140731136","55403,09151655889","139644,68799431509","144891,83214885957","145438,8243940531","78206,05320594205","41931,15851446827","71622,59648363414","71518,73517603269","36757,23544704717","50455,35155340004","48035,85655284152","38121,73902680226"
835184,"80021,46829086596","81052,83158577244","108585,21886060447","110733,96581597548","110007,02398783858","110813,38283768248","123910,35578625898","126685,95024151527","64683,745520979945","57559,788496226814","108589,37209623877","103575,18048338818","104512,43559786274","82977,40548725364","74867,24322401024","72333,09107417172","90221,46021016128","268381,4083793079","150916,16701194082","152382,2700578494","14201,172519766407","19561,668200338554","21506,677369821235","21324,539773755983","19784,47796483162","25386,866806988863","195355,84009042193","163450,95185052932","13294,445142827522","17532,44305582529","10422,638591075141","9954,847776940273","10628,205494794001","12359,404593770785","10424,263712656915","87854,92821455326","159606,6167880716","156898,47212074604","160474,93596441147","156898,47212074604","193247,45340501773","44729,045109574305","35540,37860725811","40806,135714413205","39387,088265654456","107678,41933845107","106894,0811710068","98110,18374757141","112022,29278427914","112914,35205212393","115010,77586565496","108746,35030669064","105603,30635663448","101407,35428812998","100432,3238906846","101990,06674059993","99913,21652060033","51700,289535501965","52621,98905405064","185294,76284861326","186390,42406356722","186767,64227428104","185691,50819514046","71335,7433200994","71688,73079319952","118568,49753474326","44883,76654462886","38325,52076675958","37571,51209676294","105664,0186596001","186723,5894453846","188368,11440013774","185083,05067900286","33184,90454214679","33485,72683217265","61295,65611420163","59118,41949817454","61596,05288455993","66558,80648044906","62530,30745315901","62530,30745315901","231605,40503263666","140456,60968694405","31987,64065728267","35475,60331004494","39844,999776894365","28935,976161374383","64233,33699211097","78930,19777154257","112102,65694422521","165940,60444929666","165972,64859055408","70718,22937627633","69042,9105715729","81143,08702412545","169484,92005481484","143007,11775716193","142627,55320389124","197258,55755254894","116501,59819247364","55247,111509521616","57342,95227559681","79574,54894187907","116440,53628566695","119199,28818085023","117164,58535519292","121753,28745121567","20052,71753256476","9610,443435084093","9477,043929182852","50804,04267090415","47956,94925697693","46970,92138210495","77792,18115950012","89975,02667826434","92438,36946336142","89414,44613542277","90203,5557439168","91514,39124342018","178635,95486810413","177057,1860327318","129409,31299943737","129409,31299943737","73484,41439033249","35262,59555539097","30071,85008899859","27200,280794866","24386,176604265973","23202,528719803293","43071,11894683056","42950,108235372965","43372,5255549848","42919,24741732374","15915,012688939822","12974,290848072176","12974,290848072176","10959,287757631791","12927,019282833597","15276,839512442139","9374,278734395675","12949,869795834788","8298,6989592002","16856,113640278967","16332,692927958164","17721,594866167874","14713,352048460001","11302,735361022398","13932,006809346502","9651,568375009196","14616,251949211292","18594,511323590974","6773,1613278839095","10319,15022976084","14330,468096906918","14228,156879408692","15546,667730194287","11464,64619937133","17538,089360685055","10931,393341712463","17096,38745839248","14026,100324584368","10099,727678129051","60590,31863878159","69703,35662265458","58736,228686040355","64203,16575654776","61373,39067225996","63676,36997521327","65849,48891544975","64070,79168252994","80946,82534527945","96229,3473623538","210810,4418348793","136840,7813482508","133232,512981791","103375,7120707179","284929,57529196615","128940,40312224996","129398,76217847798","130598,81487236703","128428,61779619624","119878,40173036659","172789,48188326013","81530,3838916424","55166,72763448212","89343,83992898201","88296,19585942056","143970,63368504023","144886,90902598356","117232,3316909103","117653,38501550141","117653,38501550141","208824,4497227082","75752,20048519022","74844,10512215445","74844,10512215445","116615,6995720134","117560,0692135104","214637,79314741882","61389,25307337129","61828,479836629216","62012,48894918586","34524,43255340815","29932,720860152942","33667,39829837544","29933,16086670871","31526,455002795403","12712,723359527447","11520,627156957282","7274,328199757872","5584,1069248796275","5199,957337984567","10991,257246565334","12203,948879566484","4115,96087611421","0,0","15269,307043991943","11553,765360653062","158059,41358983165","158753,9528217099","73978,56049107162","26554,046425931905","21662,699432278525","18406,142483937423","18336,919657300306","18482,013712712105","19098,935053197885","23070,83277540002","22614,008443214014","202471,69914995963","30166,176896936948","29201,34924006758","19689,544712462077","189748,92886617748","197668,41417832923","189748,92886617748","188525,48304306614","188547,92640777538","187834,54770409304","137386,5865073092","147583,51562824688","143061,09163614953","94837,60219367295","75792,04730067553","71500,90935327906","174644,4896131558","174368,77489207732","175090,85365362576","166629,8631744032","157205,1076233553","107569,07185467369","98008,2069040018","17315,861348503146","22591,703678848462","11462,320528170218","16295,269157303685","13335,03612962711","12880,789742921575","12674,402072099883","103558,87270626792","25495,52991117245","23951,211434206158","87183,12868813954","86749,73560477808","62869,91036615035","62869,91036615035","167333,54347675265","81518,98229607989","80504,44978508452","80182,28798452571","159839,67282337815","161672,60384273448","220443,21313305502","220443,21313305502","204863,67730199674","196163,46389581534","56457,33491181186","136604,3356900716","141873,8933621129","142434,6181881402","76649,99528161073","41498,9002032018","67548,99655646208","67402,95558391845","32855,901736198895","46458,035188443384","44455,00892592944","34204,77158261085"
834038,"84471,4284498628","85237,79352576345","120672,78206854138","122682,67586645037","121907,74811854449","116246,15680916685","129241,66737181805","131987,06682727326","65282,48029225787","60983,72882080185","111011,88393793782","106847,96060785829","108248,20905940632","91193,71740232705","89107,39586734782","86529,07463435864","94001,59657263936","281150,59063837864","160333,27925848204","161759,5575401939","5428,227701157802","16069,122714099696","15927,634380683296","16387,111327792776","13542,28586716977","12663,038925406494","199729,6967464052","167462,00267456903","25431,60698183224","30882,730507537624","23841,89723777437","22839,049085859453","22322,97909292582","23753,700724654216","23268,63075940032","94064,61060961524","161484,11340573992","158823,8745365506","161093,1609371068","158823,8745365506","198013,87857542044","59997,07788133771","50758,29816821085","56063,94074291407","54624,63156352999","115404,84409938977","116001,02862475003","106056,38800894101","118605,75949706668","120461,7756271705","122664,40794553314","116465,82767371889","113386,80156644146","102102,65649866394","101231,90597322251","102932,3046131368","102140,34750049486","58816,253236734054","59620,57285528419","185827,109305945","186910,55266515925","187387,3666404075","186114,3351422023","73699,96953564583","74188,06166543278","121803,48695918439","48396,0586037502","38275,6304652168","37388,01355191354","117325,05735369491","189856,4975857632","191563,6836790331","188152,11640307907","46990,027077225066","46919,63653187012","73814,61354094525","71623,50510361473","74177,10806383958","74835,84426401887","70657,94924062182","70657,94924062182","234774,63109743418","145179,7999637686","39990,809045646085","46434,82207812153","53206,496315733704","38952,01151411092","77613,08588239465","92579,07948596087","112830,1079514015","176571,95766769917","176581,67514302934","84312,01280148642","70288,25644894928","80395,28529206147","173882,99050593103","146093,24124498924","145958,39888331655","198451,41580854286","118945,92078810795","69437,33620726486","71562,56854935174","94843,76304508228","116596,31234509822","117638,8413447595","117704,92808199594","120249,30973224623","32011,915222530184","22046,93482391707","22023,386499980672","66041,56241064459","63115,621645091654","62173,902909762335","92321,0236391098","89305,48525362137","91685,72076462433","88506,49970933812","89314,47218661515","90827,22521157627","179950,94230438457","178456,76756513797","132510,68338883115","132510,68338883115","86187,21129063069","42610,3529666698","35834,42000612591","32000,748005741098","31885,831746094667","30101,247520262972","52695,098117639005","52828,449963878185","48677,864331706514","52903,90833650274","25428,900907064777","19192,18704732754","19192,18704732754","11744,700892941399","16117,819953880422","22692,81810394351","21358,91311688845","22740,42958614173","10890,894558527569","21268,225769249395","24560,34613898233","23814,948322085853","23961,53794441333","11301,317819953538","22059,215136718653","13280,690686099493","17590,460161983443","23948,21585257524","11322,171957106852","20585,550411860026","14511,914747438625","23594,996004405068","19595,04514987799","17576,504852485064","25271,168390575338","16542,6085704318","19796,38186218258","16267,864706227809","13671,29620993989","59882,8752797587","70263,76863055737","59214,4443623559","55821,650245656616","54433,37575125294","55409,240495317856","60416,527694754295","57216,29596173525","87290,89787472252","102989,61722875269","214019,3996637667","148016,5944590348","144352,84866757685","116200,50558440981","297412,3051743765","129736,54052179426","130163,65473916261","138038,64706817464","136028,64257228517","127066,69924124438","175519,7232136371","96729,98090319072","46605,72926474461","102585,96829185232","101364,63431813267","151702,5138210901","152678,9644803655","129109,3182601196","129557,04300433281","129557,04300433281","211199,92590589632","90828,97567959891","89896,48602638043","89896,48602638043","127474,92058665612","128369,29582077685","221041,65887403386","76631,3005573325","77062,21211279486","77251,93171176898","45145,958770773235","41047,43845657424","43922,1872996493","40964,45361884397","42245,4094971117","7253,678941399931","7475,7868349997025","8151,70684882716","15220,788301444667","14598,528094485275","4293,14946058686","7702,109383170345","17326,905516105504","15269,307043991943","0,0","5858,088226899327","162503,04029302218","163334,8579657458","88871,54871320921","31205,28749381082","25474,31761719067","26392,836913507454","21827,125416353156","26735,311616233077","25362,23823936601","27963,524313136873","28662,893690710935","206004,14533782026","45431,948805176056","44464,88958333411","34950,60438575314","197509,408598772","205241,7738973478","197509,408598772","197631,3034906898","197621,9793288353","196831,89815777636","138558,81873213185","149252,09038845586","145003,835732065","104508,30187116562","88614,58392102602","84156,19439919697","182337,86945763844","182003,3154636627","182722,8968069062","172627,76435433255","163163,5283995611","111962,88961703498","103172,69103854756","32191,49839483012","37792,924967483836","25404,438171804763","31332,901799510917","27779,25778780992","27269,45632765719","27815,536070611044","101595,11043881351","34281,524834450174","32764,18159985283","85220,11170872606","84966,0599748289","77525,91606847335","77525,91606847335","169613,13289487932","73070,40390747761","71870,2605632433","71928,73305427327","167619,38920147647","169469,39848578608","222207,60513468797","222207,60513468797","207180,4908293478","197998,489826175","71646,12017774602","142419,93180417287","147770,55536194748","148396,21420048186","88225,0444888288","55564,1137347014","65276,768317064394","62747,03855677088","25016,0914549666","38990,19182402124","33264,39953750073","26428,261510134456"
834039,"86606,18335192314","87470,25865669161","119480,53523911705","121572,87318610179","120824,95362824675","118101,47056081581","131156,99378996","133917,7986751893","68610,60285081965","63359,67368893767","113919,97819753435","109460,99489729112","110704,07395127426","91870,29492010128","86401,89922063214","83861,28102517138","96405,59701384041","279581,98759179906","160567,38126768128","162013,50556580033","9244,729715919857","19569,327800507817","20112,925485965345","20396,82928760616","17760,634285831118","18481,836131349468","202067,09074669317","169904,79331683938","19880,073669697427","25471,44532006142","18623,588514060546","17523,910762678395","16794,05972987216","18131,910850846267","17926,73602077094","95570,87161332792","164641,53724079893","161963,27586057296","164642,3249859182","161963,27586057296","200207,0243422328","55792,07121323276","46253,29816451515","51963,776303189516","50624,11947304501","116342,4341288148","116332,39543901388","106883,29801013961","120018,44536924295","121483,07835572958","123644,42070734139","117408,15081369305","114296,71846543638","105539,54513693902","104634,74045269279","106295,27034371863","105092,52168544377","59805,205454689254","60662,13360163608","189422,4360034593","190510,30857094884","190957,5247510322","189742,62847591925","76509,02904808919","76954,66294118307","124459,16330632882","50626,24012430214","41531,219315824914","40669,530630278765","116373,97222082516","192622,49240420666","194309,5113042333","190938,59598651077","44586,22668808943","44767,13224350672","68055,62356974473","65865,39428656205","68425,12513408235","75432,22148351472","71299,77916349188","71299,77916349188","237553,91679193865","147342,48768554255","34183,81575867119","40596,40267250083","47629,39871475667","33096,76303332832","71986,32536216157","86996,0953238383","116280,35767857333","176216,27953400745","176237,5546425583","82116,28242281284","73442,08341682567","84195,99079057343","176192,80813706733","148834,78099641184","148616,16153831934","201853,80882699438","121862,26811417443","66767,43525297145","68868,85043775018","90552,82624182409","120225,80453970113","121758,32218142424","121221,14879783704","124357,59404130923","30550,37894315419","20068,224688085527","19994,099030153335","61548,79282247367","58445,03344484456","57594,267850692595","89345,94094695408","93113,09607916157","95524,07633556599","92379,9627459252","93184,9653460264","94644,35555454146","183302,40968975573","181780,61598146838","135229,01830551092","135229,01830551092","84588,20949498903","36860,73170648335","30196,55143892045","26437,45712381195","26069,824925518322","24308,286867153598","52575,83876522436","52594,861623090444","50269,036227154575","52622,12675514376","19603,12120580453","13335,017791640134","13335,017791640134","5916,2764214796725","10329,015941735617","16835,067701592423","15923,117895104193","16969,34220363863","5213,695885224481","15540,629374786567","18703,24494208761","18007,31969654443","18137,159744063632","5509,598590044966","16210,593408649984","7434,842416341142","11885,166218301358","18194,618372315377","5990,386819431461","14923,85613329684","9024,343087757126","17781,200873362435","13854,46355685862","11721,093639884433","19415,765205647105","10687,8794103137","14222,678329779908","10582,541493432931","7815,1878752552075","63570,24079654724","73631,01356849205","62540,18237080599","61308,44139892961","59650,5164416359","60875,589679351426","65339,93488087054","62428,17988783377","88724,1059915358","104300,64232800384","216774,6125719542","147356,55032242974","143720,1233049329","114552,49750810718","296030,8983444403","133194,52879687294","133631,81213078194","139129,26337064838","137049,4813260766","128247,34765842893","178410,5282291761","92797,2319252425","52088,32978834715","100651,61242911492","99546,59113352494","152684,53692367583","153636,23366148694","128045,84358450277","128478,5477484807","128478,5477484807","214232,71328403847","85986,52313932031","85025,10765598586","85025,10765598586","126966,24601600465","127887,50195656913","222619,66901250975","72134,83440419627","72535,70479502548","72744,81970311911","44501,880643216486","40125,444323073716","43435,855329584025","40081,54298209065","41525,14225759406","2149,565032527676","1728,9788627580256","4624,7812228725115","9941,967380419823","9403,347598306205","3578,2960307741446","2241,6889950072627","12524,04251276594","11553,765360653062","5858,088226899327","0,0","164786,1715706139","165568,92512362494","85483,91935134251","25650,38275883523","19925,08555284273","20536,815251074375","16219,849873519759","20877,555167813145","19563,35609497439","22326,50355240859","22919,269926941954","208643,33617679638","41153,57375021325","40170,86526464921","30701,6421876424","198513,15969758926","206329,69578052792","198513,15969758926","198034,174073488","198039,6146904687","197284,66751396906","141913,14931281758","152463,4046330554","148122,41741118272","104558,646210774","86943,62393466286","82583,72583038396","183361,01804608392","183051,32455653048","183772,45199572918","174335,64014890234","164878,6082650922","114193,08412966033","105101,05908980753","27400,287478087073","33960,07774304595","20295,584642569072","26700,22409414439","22810,766114896713","22287,118006675613","24160,03101861067","105793,39356556734","28428,091010265038","26908,2070076471","89376,35434368046","89072,82225359295","72349,04008467295","72349,04008467295","172647,83017833967","78608,55709911857","77434,36360985886","77434,31138061841","168594,91529717154","170439,04841629494","225443,93677264213","225443,93677264213","210230,17611711417","201198,40386733253","67764,8901282142","144168,47108193103","149493,9971054579","150095,14422428943","87282,74643977958","52983,710645061896","69437,76141215985","67501,69668644492","30156,998348497546","44221,91392171699","39051,307505586505","31579,907723599765"
836104,"78193,30384751661","77318,59506622997","94240,54843462021","92211,13751490224","91765,78555718984","47720,477289777744","34861,94807458185","32136,781793715545","99044,32702355676","101523,89052612329","53675,633311201185","56110,6201977122","54350,9022026498","80049,63672961864","127250,78813967429","126998,52424591806","68514,48728553012","183150,53922508622","58167,11548277199","57822,377943575135","157078,43232377214","146556,16724249235","147313,8121859451","146666,24680474694","149534,1299473668","156552,44800244865","37302,69151257026","7062,926892887492","166919,0365919363","166282,9923821746","163566,61222509856","164267,18991849007","166079,9151963846","167382,3496231274","164526,83009712776","71023,88221921872","27560,000432289864","26935,39508035824","40793,40109919299","26935,39508035824","35596,50545666437","152607,62971984997","156693,40916842732","151323,9037440696","150179,9490635866","58020,81292319332","66927,95047149947","66559,18004171552","49448,59151536082","53109,05623213688","52176,76122786933","57170,11104880794","59903,99055039872","66699,96234536279","67046,0832552322","65162,02129542701","62301,16774532163","106811,20113223884","105842,73772494112","51437,52904484485","52214,187297213066","51515,54391547429","52711,92604232469","89252,2544362881","88683,45722910698","41725,540287251555","114188,38270649873","124738,04616368048","125639,14404466552","90010,67337004772","31982,501491116356","33162,58249928722","30868,890258786345","136750,08054885923","134879,40550913414","191799,3860662173","190550,18691528772","191620,51416876735","94475,19575247804","97808,42244862458","97808,42244862458","74840,33952055516","17722,777552025418","185217,3363872603","182007,29929424432","175484,36881991135","179794,64926271973","187786,89763680624","193799,62470063454","58249,37128890528","78688,71488719384","78371,9722019121","120138,3756893474","93594,52805150149","88706,14554387085","11425,514634027426","21048,147267027292","19686,600672163164","53878,00344864366","46446,745256093134","130811,52970564661","130537,90656378609","158157,1623630162","58552,75271133427","68699,54753525941","55726,14244448964","67218,99813065807","140176,88468036498","148998,2924079192","149175,1152699577","157337,7504575538","160005,15461423786","158387,6949893526","131652,84115799802","81525,0135622747","80039,8446539258","82961,09997764343","82293,69787447825","80439,31784122808","40168,906448327645","38493,31173193944","32167,009898821532","32167,009898821532","110849,63575670906","188714,1718447908","186028,14879873997","184144,00889331914","179780,87089209387","179320,3964908791","117628,621999974","118162,12261672466","114778,86693780986","118379,06013749886","171551,1379853523","170869,53090856504","170869,53090856504","167997,58850128116","170908,26594627355","172473,32770093292","165096,14180924126","169248,71848223824","165150,3373865928","174800,6305867644","172859,73485801878","175131,43066292853","170914,84151490682","168104,61017238908","171030,4811161439","167345,56273345454","172648,7552384602","176176,86158734362","163810,2303185701","167095,09513316958","171808,2394621559","170474,64640984294","173583,28075338798","169481,0424394154","174133,17917091746","168990,2431742813","175155,13820778992","171947,15633134783","167858,9700445228","105749,5493174454","94552,4252200334","104778,79373622246","130493,16398114435","125444,26666622645","130151,07181278848","117155,0940233492","123850,93171866928","77854,291140928","64167,9861082821","54404,056270621215","80516,61738982853","79691,28675236761","104218,25431925898","191934,8441564786","46682,92846756761","46656,08605989472","40669,90246285809","43165,46523478422","45903,074671696544","23767,164214036613","150688,35524761342","134483,9391896955","111700,48320261245","109846,70830281074","38271,65546248246","38753,36383954109","90438,68835711939","90735,84884349196","90735,84884349196","55921,91210821594","170066,24627650506","170484,22403172584","170484,22403172584","78572,51066608698","77800,09782137099","63060,525439617726","158831,45474237704","159493,7291370587","159145,66942678977","126507,1349850401","131067,82158781769","126672,80604802672","130935,5220160628","129147,16237425953","166909,51774731214","166062,01271687474","161034,69089757293","163634,86421776406","163252,67558248414","161413,39497421903","166809,77523166698","161331,71388087803","158059,41358983165","162503,04029302218","164786,1715706139","0,0","1693,8756628851831","139196,40470903355","183640,841593744","179452,2568345374","174646,15872938145","176340,32431784697","174503,0732815432","176252,18005600257","180383,86810746422","179392,77128145494","45392,70070701156","154220,80601344226","154472,86873424135","155241,2115539604","53486,140275121026","57499,45721071738","53486,140275121026","68518,4036137823","68128,94446227758","66719,87594928892","39368,6082897523","30980,66827804808","30205,98017425635","78023,25021415624","111010,36498197835","111274,62916884503","43296,23724976967","42459,000000629945","42809,90254647705","20164,002660064405","16908,07464355406","50594,14240967479","60120,71478668812","160075,52777012245","151326,1750364438","162765,2797254485","158787,1177116287","161663,497650354","161777,87339391382","153069,08868982384","79095,60383921636","179239,2469678596","178065,39192035864","89213,30401805164","88703,46917108836","173988,08915065695","173988,08915065695","25245,80380122806","126227,17654166842","127545,48090886905","125348,43847672305","38822,31927803005","39452,64386867057","69798,32669267069","69798,32669267069","52626,04903155689","48161,01687742372","147637,4644421589","25215,976295177323","21838,980614446802","21956,77490015748","100888,92356000115","134529,39482424705","104534,00930391914","113203,8734848277","143108,1848292824","134665,5146914519","147767,9583626166","142190,4713688934"
836078,"78963,55060404271","78118,04639260702","93723,55545738406","91663,92990304822","91233,37761666537","48247,54347576539","35300,61688426762","32552,454820699575","100051,14186800907","102351,14839194226","54836,917438668606","57100,662085483935","55265,500199959795","80346,11622810342","127146,43151142533","126929,11841829075","69376,97793098849","181484,97256130262","56912,09437891439","56538,14787624469","157908,6539591547","147407,4979461029","148191,48370998644","147538,59346760847","150403,05615777636","157485,53085914458","36616,44529463097","7733,210061667852","167517,82660270392","166826,87383619318","164175,0228952111","164886,1883984353","166707,0957784904","167998,70585007194","165142,0360045626","71550,08073507006","29135,722517422015","28563,057840424746","42389,58132985267","28563,057840424746","34689,32852354811","152837,73493037","157024,5422245987","151597,36734950385","150469,89699098462","58043,09958949285","66725,2846312588","66700,26113025549","49656,41396140509","53066,552252431546","52065,32956326548","57173,78279422464","59952,53856919586","67981,27402396657","68309,07587744785","66427,89360775337","63413,16918287242","107427,63010326505","106462,5859151481","52579,951910427655","53337,64318591806","52612,67502407692","53866,26999278851","90186,42100010441","89609,31869815769","42837,20524016132","114992,58924596099","125635,37793684399","126536,26215388243","89567,5277608551","32170,576597242354","33275,10833355992","31137,495454201686","137169,7280419601","135311,55198926374","192013,93873716437","190780,59397052097","191830,19500414463","94918,937349859","98294,8047649468","98294,8047649468","74536,19555819946","18307,40319252515","185755,182143671","182455,23130891594","175832,09343152842","180309,31228553713","187939,2561134842","193828,61907121306","59641,08802113184","77262,8550256138","76944,41470814127","120118,08646340737","94590,43794677086","89899,81541186401","10851,590705319062","22600,863781867432","21170,997338697696","54634,73328590902","47687,75728420781","130960,80377295177","130659,81614660585","158011,9740113288","60033,723518951396","70277,36182986287","57189,45515385741","68815,51232616499","140777,20989455513","149660,97628050778","149836,83188985713","157505,88313368472","160208,59504930736","158598,79505905407","131502,54966678054","82791,1999634185","81333,23978992074","84235,18149264659","83573,95021562101","81720,5400078074","41307,15510347579","39655,34914502561","33448,53752892433","33448,53752892433","110843,76426893169","189248,46701326087","186620,77143891918","184767,07577448554","180371,62929627055","179927,89357332638","118154,205470466","118675,61386078673","115508,33672469627","118887,35752646481","172165,14021246857","171544,1463625494","171544,1463625494","168735,10885831728","171615,53122845932","173119,6400201513","165730,74190584628","169880,7577043865","165885,44424699896","175476,17216522","173488,59503051042","175780,88931321938","171541,02295797956","168847,35374478815","171676,4347442534","168064,53290086085","173350,92482777953","176831,7335128848","164538,61626019186","167741,6166460038","172539,7819872334","171102,73802304934","174269,30219392906","170165,7140641386","174761,20003567252","169683,24841634632","175850,33847801943","172659,42109062892","168576,1269564353","106789,38089830252","95591,25960437549","105758,2687253048","131741,43206687373","126651,89114587245","131393,8779934546","118375,08054725052","125080,06702281453","78402,03437461251","64538,85812919581","54208,17297131205","79531,89610510974","78770,38048969401","103755,89863436695","190248,32027682525","48261,538844566014","48241,285632751016","40181,73175106641","42708,75292082872","45791,050281797725","24684,29573678096","150503,76027267604","135658,12887379268","111434,09280297329","109603,98471739299","37256,13150031184","37700,087964909995","89782,43188924031","90071,47129783148","90071,47129783148","56089,956747357435","170002,46111354267","170431,86401833757","170431,86401833757","77978,93280973534","77191,28082046815","61684,10767925654","158887,42908659883","159546,41003940572","159195,55563273595","127047,67993991723","131622,75670963223","127234,1679984172","131493,4896214644","129705,30923571657","167689,15832627672","166834,12309136527","161792,61720166114","164326,16635534322","163949,5065382258","162207,25128579405","167583,71465355618","162001,9126025152","158753,9528217099","163334,8579657458","165568,92512362494","1693,8756628851831","0,0","139089,10992324777","184269,26686947772","180114,5420649454","175265,1372730408","177020,82889147993","175117,67889839204","176891,8141676937","181023,8997984065","180017,02570783824","45117,65361145095","154608,6361275189","154870,89394596106","155739,08759324378","51798,7448838658","55846,69366080973","51798,7448838658","66842,3621120233","66451,78520026975","65042,206858063015","41013,89099310933","32674,1799159503","31871,847740897032","77966,03847544488","110964,2919731409","111299,40959645381","41621,67030505282","40783,53306072533","41130,86005794212","18471,29915016988","15462,560628730054","51384,13123028958","60768,972114291806","160599,44682823235","151799,85596784978","163357,7073895312","159319,73206458276","162231,89040455985","162351,3508364086","153646,54281698557","80549,20627331056","179800,47772350544","178635,96321218804","90516,66748577532","89995,3719029743","174078,8895372804","174078,8895372804","26542,266126308445","127614,01886110466","128925,60937657973","126723,97004602072","37339,909322265834","37934,38838199739","70052,15636154525","70052,15636154525","52869,72948431473","48734,214508927544","147735,776566779","25116,83238491591","21448,076275173215","21498,492526797276","100920,89868002","134847,34270344372","105683,02629408028","114420,35587361858","144088,60620271837","135754,67171366946","148866,79947920953","143181,40633294557"
735146,"82029,14205238478","83775,99930562566","53215,885713897675","55904,83099685928","55696,16739734873","96240,96775515778","106501,00483568662","108812,98996570188","89890,37547975307","76972,42719271845","109502,456824804","101943,90218318814","100372,92973012953","64115,53164245444","11946,626250725436","12537,766794410316","90848,17832616117","200552,77789091546","105773,52963684297","107290,57894119699","86020,79807318404","83522,63546522804","86279,80276284216","85529,89650293751","86341,03095573334","95628,49698405899","172752,30660102854","146082,90287091775","70158,70191545085","65088,57198285329","69120,91726397401","70429,01879902589","72152,99992071667","71950,61021999361","70239,42393467003","77552,80527727416","153348,8178621998","150773,41360308326","160143,40617402628","150773,41360308326","168827,04251959","32072,80260223352","42220,6546040477","34917,123845616625","35760,639797813266","81405,34639822997","72524,13144355011","73877,60437572378","90917,9483169089","86122,01232388796","87026,24752394769","82182,66579233845","79662,28154727574","112076,03813958928","110931,00191710533","111422,25703636358","104263,27790512054","61745,13929036685","62267,71243579152","182608,2237162462","183656,8058021648","183520,1888255574","183490,98632625365","86585,18571895035","86222,02079264125","113041,49730225807","73765,90889991459","81933,41384972326","82052,55262614596","54226,603539295735","171175,7736091912","172348,1546585155","170015,5551347793","43188,125190570645","44056,75338359439","61229,924322550374","60914,16957806668","60827,962294340745","58174,058514078475","58193,012537445444","58193,012537445444","212380,22309608845","122894,10525605908","77171,74369108822","67894,1721088808","55733,442496873206","71432,60820579529","54663,21697753036","56246,91417600837","119821,53885215803","112220,04591847393","112377,22916662286","20142,744822093653","89728,43997436768","104153,74388885895","149395,1617012588","133297,7452100125","131765,33203978906","190288,46251666604","115272,01331699472","22046,951120140864","20142,744822094","19232,09732733213","125688,3241676876","135312,5811154671","124540,31131916812","137130,73373979202","59078,61316647174","67250,26608535358","67229,93931688156","30223,403672967142","34493,75866231429","33976,121910906884","8312,485347229782","109711,92988796614","111746,18843184269","110264,32553264424","110733,93277303716","110842,67896161297","172854,30773967135","171033,96888311268","122136,92669262299","122136,92669262299","29258,539079265214","79496,59474346788","82156,84349307195","83330,31441232511","77610,986871842","78698,45857453495","52709,86713452728","51730,448682433365","68056,72999828059","51311,75458353861","74233,13879702853","79116,90034478523","79116,90034478523","83098,31724480302","82051,88035368723","77602,0796902135","72255,37480885549","74408,8529289588","81294,56898219175","81611,56575670656","76325,30864812851","79540,23968164949","74897,5884685634","83635,73527890793","76690,32593704641","81043,69972027652","82642,15493668121","80678,90604524793","79960,03323911846","74428,25548408965","84778,02223158533","74797,18749477842","81778,1448755118","79188,57746303816","77052,04159064387","79646,80899501764","83571,33786893735","83122,21988483173","81170,30055532513","92225,6568808714","92583,8937120395","87536,90625948977","116791,95788119694","110837,54080802994","116085,3841408886","109703,53720869559","112513,20623256979","73333,34700760106","79447,28924412551","192812,62133955644","82832,51069138436","80066,90653890405","43479,1955246113","218135,46241844087","132717,11179551098","133231,85253938436","100198,83815813654","97561,004565192","93301,1863425623","160719,10125167","13234,342947286128","110535,07899760264","29984,63141393371","31049,536369718124","109520,16994756513","109952,24252189138","61593,74307945314","61749,21962173835","61749,21962173835","195113,91661607474","31144,33444650021","31712,439405429224","31712,439405429224","68144,88424467016","69218,23600548888","180143,83627909777","24375,578864974395","24764,48278597534","24328,730752048745","52705,043828502385","53906,06210258884","54347,886786995696","54147,201882166315","54091,97510126992","86358,81796315066","85192,61357960664","81224,19038994232","76508,9684265253","76803,84515418753","84746,26594544339","85775,39917191303","73410,69819353828","73978,56049107162","88871,54871320921","85483,91935134251","139196,40470903355","139089,10992324777","0,0","83427,03140520051","83462,25842127559","76600,91226254268","83024,17974780023","76135,08001610618","79408,43601834218","82173,06797783938","80162,89306381367","183513,3752928232","45628,44913838431","46594,23008652449","55383,029221292214","149947,54810370403","158250,70481955243","149947,54810370403","141562,69114931626","141755,9234152558","141511,04234266718","137875,41573919787","144051,07554890643","138927,88445354623","61227,83676020354","28512,80278054307","29498,749951473306","136557,00253997257","136628,81371236494","137292,650932381","138540,67847345953","130530,74074779067","99266,43211893739","88957,28151241611","59971,65934253563","51627,7576167585","67295,20290191117","60061,92173144612","64624,24650601341","65124,69018662602","61324,62023877567","124733,16375628253","74802,05033760199","74770,46503820638","112759,50484180349","111785,53074433569","39352,22633418895","39352,22633418895","158130,45903137804","130622,60847653926","130377,50201152403","128929,22612303129","122909,60153539473","124426,5777508577","208884,16917312652","208884,16917312652","191756,00949148784","186157,85778019702","19384,86941300869","113988,34418192963","117879,46116378768","117995,86695961317","39460,95737722462","34722,33383777166","101078,43980274459","108439,12331146045","94469,91146928354","102056,2514428074","108196,76509622924","95143,51035426153"
734034,"105957,0295561029","107070,32853196566","126532,48840215638","128917,13527747281","128299,02080313815","136107,39263355682","149182,94580550125","151960,46034154255","91226,3101310626","83930,17791704008","134951,92703212253","129755,06824593907","130551,90329879512","106671,16154088776","87825,69539533474","85605,03067572325","116312,14935331325","283209,81518409867","172531,90820371066","174035,13672154775","34720,14380335876","44118,02375568925","45225,26717429892","45358,55051383467","42980,46287341293","43764,68628783068","220883,61457037844","189207,19972666886","17057,496282235465","19735,4266357814","20204,969970063965","19406,531181247337","17562,271733581714","16320,251628760565","19176,549832101817","112910,38239894064","185997,65172823798","183283,41127276196","187013,57033644937","183283,41127276196","218583,84974651015","51354,94794613667","41246,78222116475","48723,33568903156","48205,79517788943","131448,94121868513","129343,69219980003","121807,45678851994","136618,07801903793","136780,25005520054","138767,80822097373","132511,26098691908","129348,53538385966","127959,28119594775","126982,02353562531","128534,03700259533","126328,8076439848","76844,28337330754","77807,3503467357","211832,4770706449","212928,61111550572","213299,6260422241","212234,8202038295","97803,97681156125","98138,29243398682","144711,93436971892","71331,75972262086","64678,68415245422","63892,63962715836","124498,25222762035","212763,4894042214","214384,88556111514","211145,9451432603","51303,45724334373","52511,053446717415","48085,91178299852","46007,655175052685","48567,13889622955","90540,03960035878","86729,08623269302","86729,08623269302","257580,8377108784","165963,28330690946","10632,299547931252","20651,375913564632","32205,774392180465","13559,245848639577","53866,72850406564","68869,06758290862","138650,78418620682","185735,23734730107","185802,06865571794","86182,77156772706","95594,65192686609","107598,0632796248","195057,50889200447","169134,97255574266","168680,90443597588","223731,13386574623","142843,39735737248","69660,51113398954","71475,7566891187","82875,20965998853","142993,12936179532","145590,37610965848","143716,48135416242","148156,94385875663","43572,60178318281","34815,1208519482","34629,343430213994","54499,30833878301","50436,56891686087","50357,47974941191","89269,31400909426","116454,84729011038","118912,06984536539","115863,56742633203","116656,55257287672","117994,41792005894","205101,5329760574","203512,03529515286","155562,71133654748","155562,71133654748","91148,87437059943","12123,029155182123","4818,021109773361","802,3144194557165","5819,214877480807","4957,375193232597","66745,62878191736","66394,90172554392","69461,9905482159","66262,91878285764","12206,003386792601","13784,280230204397","13784,280230204397","19911,38678384412","15554,445200669637","11342,190776937783","18554,460480427366","14396,18357201871","22002,025143059225","10344,001060615004","10781,106893494736","8833,730799693365","12729,763322152436","20210,591985459967","12756,766565627739","19204,12969999011","13832,82476421329","8047,09953712308","22728,267011274995","16660,218358435835","16695,80340553392","13166,545321718464","12005,317950939689","15499,867036003887","9508,067809154618","16343,415353060002","11430,584555529284","15094,613959692035","18668,360043165467","86990,50650316633","96249,3437272025","85262,71565259209","86956,26973827404","85225,51674082858","86525,45771961815","90657,20247578487","87997,20752430377","106004,25055449891","120852,3331612565","236794,10630350444","156037,5709099907","152569,5976661042","119786,45232432219","300413,87832572317","155479,47409372934","155939,2891394951","154402,40232085437","152113,51904789","143969,63193575517","198970,2842296173","87255,34465103809","77735,9281186687","105065,43445489559","104518,93559289994","167425,14552441388","168280,69054966193","135435,4165075688","135796,4845028358","135796,4845028358","235062,26449461296","74655,50263980466","73517,51501573446","73517,51501573446","136614,90559748933","137622,7588582936","238884,39721535044","64140,46740016403","64301,64177778412","64631,87496845536","57798,237691391834","53100,50533526392","57367,4648141753","53190,61303744447","54956,24209276259","23959,31619591356","23923,913931154922","26770,55632366135","21165,87524990614","21731,23800414049","28901,158701675377","23556,074891812106","22759,15604436167","26554,046425931905","31205,28749381082","25650,38275883523","183640,841593744","184269,26686947772","83427,03140520051","0,0","5732,571817841515","9063,602281857118","9435,848322781489","9279,021133068183","7494,305022409997","3519,2967377685277","4277,421367144043","228347,89051590353","38765,202544191496","37913,645055633955","31643,703582958326","212930,6570630829","220993,1334624517","212930,6570630829","210270,95160259772","210331,4507220011","209713,13309181397","163893,16751403254","174020,5810959966","169457,75530059807","116836,47670433123","93084,23919634071","89356,94046033932","197957,87035838308","197737,62569245198","198458,51761572558","191315,667001903","181953,9260392938","133358,82481974276","123520,82021822262","26168,296255295743","36187,941265060705","21263,096632032975","26947,82282245798","22958,476890764076","22695,63725119792","31071,9136589422","129847,05661278372","8885,484636919073","8669,771138430175","113434,42464435221","113039,6875956842","58992,07609883895","58992,07609883895","193634,6289923626","104244,99875741139","103059,17139134833","103079,98575490233","183151,4058516236","184958,0394487591","246811,50163772452","246811,50163772452","231119,63517795928","222532,8951516374","64095,46593991844","161536,47737922112","166730,211837936","167247,35495759212","96400,87707463262","57713,449903874054","93648,59056586519","92615,99590656094","55746,632896508636","69822,54935253887","64348,56650721633","57169,85499574005"
834040,"101551,83791199185","102617,48274724916","124775,60084728485","127104,68475591605","126456,31960944933","132041,88875826294","145133,6881670868","147911,53256188222","86139,81979012318","79220,08002797911","130251,29005958574","125201,67486265933","126092,54192135113","103196,52152631129","87107,48422775937","84798,19409448133","111816,54873228337","282452,70282025065","169818,03290707822","171311,2257321093","29024,92903129349","38569,38975923513","39598,82560351966","39754,78589201965","37333,90463457944","38046,09123877477","216729,4774555093","184926,24715030042","14384,802037082676","18508,888473371462","16967,592689990903","15931,019180676862","13939,817119104888","13118,248833931062","15816,593448451","108933,03525693767","181269,0765251343","178561,1050187934","182063,861087996","178561,1050187934","214524,549882102","51531,68242345249","41303,097057103274","48552,54879851504","47825,750368508554","127983,27409510117","126315,64225931923","118355,52407699199","132849,00393047702","133286,24864960517","135314,76879675128","129048,77657150378","125889,37706371339","122961,07631066191","121998,00046018194","123574,19813043221","121575,06025527346","72778,31146774668","73726,80407947788","206883,71796404573","207978,38284209574","208366,43927424168","207267,95019549635","92990,69593802908","93347,81132928227","140186,33257076982","66545,42192058366","59428,04609183115","58626,210846499984","122501,69825217643","208314,79190870363","209951,41673942283","206681,8621108656","48958,029540523494","49979,4581714726","52288,985586732255","50161,82318396896","52742,96062878391","86932,97070645865","83037,37194753891","83037,37194753891","253176,87641153502","161808,1299234704","15439,305161104974","24373,85551178198","34834,87370265624","16726,083372173605","57610,08995861236","72714,55867026054","133672,3590437105","183574,50855494727","183631,46879494903","84867,07782547135","90607,30153296574","102376,73176830304","190875,832371898","164623,00879713622","164219,08859975985","218904,63611410963","138162,11966289184","68441,98663193751","70341,94725172812","84221,0931127161","137933,68474534023","140303,2943884444","138715,4721627175","142878,08731893334","39802,92091087016","30454,13853866098","30277,82720594783","55375,80385276331","51478,88558664103","51204,10854279705","88898,86452123306","111254,12559737859","113703,76730174455","110632,86753538791","111429,00047847528","112793,26965324358","200285,27167907145","198709,9962825996","151031,42852444173","151031,42852444173","89327,65469510094","17500,98261357347","10414,367917315496","6526,569937395092","8183,365783674798","6271,7126466974605","63151,9325044743","62869,29430046443","64943,09461483636","62766,888612648996","9595,236109919402","8688,536726053195","8688,536726053195","14225,65622065676","9928,303850409442","7215,596155779502","14690,416891523977","10761,245330729978","16425,315050037418","4884,793718455917","7606,993515365494","4566,5204114065145","9462,981099974359","14505,411240547874","8627,339961624022","13652,443288220196","8160,944140145864","3386,556115475366","17254,166952444157","12488,456104909172","10963,644316962262","9774,570346758881","6449,973467982002","10273,173447408442","6594,4454159207435","11002,555660114593","5702,418144980135","9393,528602152006","13107,921212216464","81739,98585448334","91171,07521569756","80143,88269628075","81226,94895137874","79529,09807001762","80797,57507189548","85024,70949104305","82302,68825574583","102019,02008565058","117058,4739457723","232383,5725672192","154006,60051137788","150494,28928131235","118401,59525346365","299499,8961534952","150531,57266094082","150986,8513281379","150946,6667129637","148698,5392578034","140399,94201919634","194422,51587068778","88127,86141798973","72006,59237696299","103793,75742623975","103122,0680305697","164103,84222152588","164981,3228099825","133633,47313142158","134011,21518570205","134011,21518570205","230472,0312149607","76824,54541722553","75721,25819392798","75721,25819392798","134326,56785725083","135318,48805715522","235300,82058550196","65387,764614425876","65609,59812722365","65914,04197485535","54262,839315781835","49550,305586805756","53705,404344879185","49616,7918181211","51351,65871632436","18227,058708672055","18197,566492685124","21206,573579246047","16125,481878442797","16626,88435212704","23203,812908621698","17824,037565336872","18137,475383377638","21662,699432278525","25474,31761719067","19925,08555284273","179452,2568345374","180114,5420649454","83462,25842127559","5732,571817841515","0,0","6877,510461980008","3739,989069386431","7331,912205292409","4119,899176634057","2725,2421970106893","4363,173455574067","224002,87021361582","38085,40197494468","37167,91921836707","29809,805410253637","209731,7889549248","217747,50703935037","209731,7889549248","207546,23774537907","207594,7501288941","206945,89273260563","159016,27492939343","169241,33189674793","164723,43702176985","113925,21666989387","91366,53194455206","87477,63204155116","194705,31916389766","194465,39099854318","195187,08143853006","187539,30297651337","178147,72872520835","129046,03047238114","119345,5773547657","24442,415551391343","34310,195744387354","18369,01658962888","24923,33911539765","20522,960748008034","20158,252504725624","27895,879274511924","124504,7543182688","11497,437604000324","10507,931794555812","108081,95480594033","107706,07417064071","61528,004787075006","61528,004787075006","188990,74606321607","98513,1813494773","97326,6979791297","97349,7584601702","179890,86103536017","181707,8118977771","242105,90972383524","242105,90972383524","226514,62084189034","217826,15401491002","64302,36804518632","157643,89458290447","162872,32568058305","163408,09826731397","94065,98561572851","55918,16261990905","88249,60702032255","87029,01438658666","50042,86479443884","64117,51804368452","58638,529881129136","51466,24791404656"
734035,"97060,99079332294","98197,78598155252","118150,95224484071","120500,40969562174","119863,07212576875","127086,31029247073","140156,9738933778","142934,16216968533","82939,61631433995","75245,58517655176","126224,41458910069","120929,74090290231","121673,77739803938","97614,32453564095","80247,14692910826","77946,21570610153","107458,5719388088","275608,47260405717","163662,38018906448","165161,99908627575","28810,02751271792","37141,80151071578","38606,88901744399","38616,696242677026","36515,13221369353","38997,64717700274","211876,95142253875","180241,61776835323","8039,795871509797","11640,591124159679","11142,74164458045","10379,071082813756","8608,206542078358","7270,776355267995","10129,469287846421","103874,8732337358","177276,4586518672","174557,9949085189","178494,84328028155","174557,9949085189","209555,54319942623","44703,606572054996","34470,5619401544","41686,884339296645","40949,624317149384","122394,33412662795","120367,76937854777","112753,57441734555","127557,20305037583","127723,48573149924","129714,75469003724","123456,99847058221","120294,41424170086","119520,87904886632","118527,49302818505","120050,74972049685","117647,22573717886","67837,71891478957","68804,17829527857","203306,71718774736","204404,19662218346","204757,064300291","203728,66966227497","89194,40553969407","89507,58600079909","135865,61879136346","62732,71041615473","56729,24399015872","55977,37574238493","115968,11490384024","203865,236757657","205479,22885585108","202255,38431865914","42545,38228172629","43671,128470857155","48235,43681753662","46062,47174784937","48646,22736959512","81476,52945687005","77666,71130674737","77666,71130674737","248658,30615259364","156960,89542097147","13970,714561688686","20345,54975418197","29308,629014257727","12669,896500413055","52916,21169735673","68050,15744700433","130182,79968606043","177122,01171405282","177183,52284596115","78102,01579069711","87172,3008535902","99500,89881897153","186059,93566482278","160275,46713264822","159795,1295134575","215083,84218114975","134098,4997393834","61648,28462429158","63532,846268504894","77667,29982517342","134622,14106067346","137579,29274351345","135272,27310794234","140128,39389947805","34528,65638879302","26019,359879073167","25828,85337911104","48704,77549467791","44873,68965337821","44533,60161275702","82021,55411514886","108312,6651029368","110780,22580479833","107773,50855114486","108560,13188541104","109851,42528174368","196448,53344940682","194847,01709513247","146716,88620686083","146716,88620686083","82715,37114138888","17035,31265401764","11760,187449658826","9511,409921647899","6020,28202582239","4843,236389719203","57682,04337988593","57332,15586389831","60658,58635160342","57201,22363326381","3145,4555641211914","7203,290914517884","7203,290914517884","14672,408503904218","10478,032006232586","3716,2581365104024","9690,590956967255","5577,16165809583","15846,25087551211","6328,09584928345","2089,666987022563","3436,6861610409364","3810,833674262653","15156,825898835692","4670,201138140896","13180,809068032284","9483,531207319542","4306,7276005600825","16081,522584127888","8112,484033926991","12881,595477380319","4285,361107732951","7552,40665294898","8877,024022208165","1124,536404354994","9906,907438476357","8572,852526128068","10732,19859511449","12747,837435651629","78978,33213039301","87943,95909741173","77033,10454079435","81105,32917902319","78853,45679046388","80629,2907603752","83803,31416820193","81597,23413041193","96971,25837007425","111793,57970556119","227875,9657565177","147493,2079487586","143999,4255791403","111662,90798761633","292677,7291807573","146969,37174331414","147433,96209362106","145349,77765004506","143065,1929698669","134908,3321584677","190125,95493143925","81414,41234103103","71921,84232556412","97024,43188300489","96382,81634498297","158390,45500438078","159249,60147005355","127026,67400257684","127398,47760152852","127398,47760152852","226238,6029423575","70688,60933303571","69609,06667747858","69609,06667747858","127928,12467305163","128928,16780512487","229823,73787509277","58824,9429997628","59070,06070479945","59363,69962348982","48734,79530814504","44036,912204521104","48306,55177239696","44127,22787257305","45893,36523771978","19396,383670960662","18941,722903696573","20275,724557150133","13489,391507461152","14147,150985297552","23201,85630317867","18840,744227746414","14381,929618881793","18406,142483937423","26392,836913507454","20536,815251074375","174646,15872938145","175265,1372730408","76600,91226254268","9063,602281857118","6877,510461980008","0,0","7127,165445343352","506,05877393929876","2818,140577735614","6221,688162478084","4786,2621214729315","219402,87270069355","31209,439321039845","30293,983030399206","23128,942175862703","203920,66559417933","211974,0490479148","203920,66559417933","201400,50552134137","201456,54114574863","200827,00851218437","155306,71935889949","165342,88775587015","160744,91064417965","107891,72902536302","84718,68105407762","80886,23224934988","188936,5493491528","188712,6693786833","189433,736062266","182254,12335194525","172894,13106035208","124413,52845151981","114530,1835351409","17703,099932761706","27659,37419995404","12227,469768486755","18294,3856710882","14071,95699757023","13767,209311429942","22020,43405044936","121961,53180678403","7898,18144799511","6371,401333417663","105588,8728995675","105153,26529381594","55686,07026459109","55686,07026459109","184850,96128404472","98465,27521607836","97354,98777596338","97217,11183135945","174127,8997617914","175936,54073586455","238063,63261077317","238063,63261077317","222305,5210253841","213788,93961513555","57467,97722305873","152484,8061362522","157674,7931222596","158190,29461870636","87680,25194536457","49274,32586972281","85944,29491494905","85531,0351033568","49614,835598957165","63609,58602197832","59500,98893471498","51024,09143176495"
834018,"98347,17348707467","99386,36901617251","123127,38164848105","125419,66801993396","124753,06973045762","129010,62979477603","142106,75286669194","144883,88669813902","82591,12424629916","75864,21055291136","126880,32974055078","121908,23294298592","122848,55862861764","100522,23812686211","86173,61481071584","83812,63355745238","108558,3451306877","281360,86390012375","167555,42330845763","169041,99682241768","25291,47943704798","34846,862218863374","35860,2263422699","36019,336429928044","33593,99160005809","34440,069321409144","213630,1102702054","181763,65984854402","13028,189935599128","17966,492338708253","15014,092623976308","13836,993701040448","11834,830091027687","11428,644276173349","13821,469765702419","105962,77594026779","177875,6558313202","175171,11707640358","178563,74551027588","175171,11707640358","211476,86506206545","51317,11905213269","41095,22865957027","48132,22275367821","47274,19413340849","125296,58886233465","123888,55610723868","115682,86688941726","129984,60977984016","130580,16105143834","132631,46862472087","126363,3431656545","123207,71451524926","119445,37681629726","118489,16174740321","120076,55919659085","118179,26945756059","69790,0155569911","70728,74828592039","203382,21319679343","204476,12687170546","204872,07407649577","203758,05299965132","89573,90156914914","89942,53723710652","136903,4193793568","63158,42395714808","55813,71649101886","55005,1688614042","120706,57449627553","205060,50910108845","206704,85986086947","203419,78801499653","47114,93584750698","48009,93800160627","54720,46430836881","52567,77857820419","55154,23774355345","84197,00301796776","80255,9707357815","80255,9707357815","249941,45177195763","158718,2027758533","18563,54641238436","26720,393601025073","36357,88394502847","18968,04730980569","59710,40608394238","74844,02632688114","130164,2359397875","181640,46063650912","181691,38078674264","83555,56318839474","87104,56180389583","98763,9201134674","187765,54991827477","161342,13244929517","160964,462111691","215460,03405153443","134799,24523164262","67238,42662365292","69186,45900190015","84639,34780798804","134387,47168016346","136659,67585392843","135196,0567472869","139237,5424958028","37089,35218799554","27414,5241755443","27245,747629539354","55594,02287593348","51829,29061894589","51428,72128053232","88185,1498495758","107648,83595327756","110094,91043385844","107014,92624735145","107812,28182617958","109187,58848140508","196847,02336100416","195278,76959362288","147743,1105021338","147743,1105021338","87686,39931364263","20901,59362377811","14007,294614656153","10219,520447714762","10746,862751743896","8808,423628689072","60463,699676031145","60223,47813696467","61704,71548212755","60139,504734673545","8835,444466861893","5513,4095464047905","5513,4095464047905","10487,757639728827","6199,83788153106","5457,152036454209","12337,910229588859","8915,992677942366","12705,353425313608","1641,5458949977553","6762,629110370798","3716,2387979457767","8141,670072014097","10775,957191626616","6576,925990044616","9949,172927286974","4421,283735343397","2913,0698154174793","13580,599035377352","9992,713043584572","7330,435756073603","8286,992917441292","2824,1011707704165","6873,056051723891","6306,176712770007","7475,488110590949","2045,029405949799","5660,442501249901","9401,841857126841","78118,57001606147","87624,76732317313","76581,97188951139","77528,28072730603","75797,10402173785","77095,03249578415","81285,05708685558","78569,97617192374","99048,82857961018","114188,12423071366","229146,5745888041","152166,53783761262","148629,0897602504","116993,29113994201","298305,9017191547","147035,5279674682","147488,61130717047","148254,62029153368","146031,08570200833","137646,55213273005","191118,77211186892","88225,28903068439","68308,14177964181","102475,85968806905","101725,86639948549","161484,74726258588","162374,677211235","131949,3320356672","132337,13202369682","132337,13202369682","227143,06076876877","77807,89509495837","76730,77259081425","76730,77259081425","132341,58277821026","133323,01188973323","232514,1505268635","65800,34201781897","66061,09928364586","66347,39291936092","51635,278090185224","46930,468456260045","51000,747157534795","46981,792926071685","48690,824941778286","14573,44769289253","14495,28648345816","17486,444934591607","12755,51013217027","13202,027989950317","19470,89766811997","14147,787271145242","15055,7309585167","18336,919657300306","21827,125416353156","16219,849873519759","176340,32431784697","177020,82889147993","83024,17974780023","9435,848322781489","3739,989069386431","7127,165445343352","0,0","7632,138063338229","4628,844055521236","6138,471295642542","7089,45428734339","220800,9884791358","37430,51520634439","36480,7855398127","28504,644798959464","207170,5595081259","215157,38901146973","207170,5595081259","205264,365642933","205305,73846838513","204638,9197075049","155553,0166909087","165824,31863658238","161329,263777325","111577,96055940396","89786,83614185118","85803,26349346906","192116,65039795885","191865,36589449068","192587,32957837518","184653,08541856645","175246,99709492386","125879,87848168648","116258,71046410815","23330,416405059063","32906,037481993706","16619,073596162765","23590,76693245958","19030,206952477798","18604,265738151207","25696,41991036687","120840,99055577333","13775,79983272803","12510,186510350079","104415,66239321488","104046,97287611094","62805,90884862093","62805,90884862093","185638,78891493648","94825,02020011526","93645,52360551768","93653,8707726165","177301,797735253","179124,19248992315","238718,53749119642","238718,53749119642","223178,5248222381","214439,99529225784","64039,131607709154","154700,3579654399","159946,6894863596","160492,76545344896","92095,11648735763","54394,35563614083","84568,16528966473","83294,49875667658","46314,03094179918","60389,55308442393","55046,40104189239","47737,34590064646"
734064,"96955,14152431911","98098,65830305222","117781,67308099386","120134,94132909631","119499,67626499417","126930,77201460225","139998,34736799123","142775,2965045155","82953,34078298089","75192,91103810901","126158,85831297717","120841,958522363","121571,97840922802","97392,99600127741","79814,92616962567","77518,3582830953","107364,12180267769","275182,9233655522","163365,76107487007","164866,21547805314","29081,920863671265","37319,511458470784","38813,534120690856","38813,197306246024","36736,0311450795","39324,98456522322","211727,9147682377","180110,34872109673","7782,174679773628","11208,749507001916","10959,795938441548","10244,690578552678","8526,26053689238","7122,456769471354","9976,259752990012","103710,8040577764","177210,57718969698","174491,29493184524","178466,46628671733","174491,29493184524","209394,7771724916","44227,32807554601","33994,99717933581","41222,92443894013","40494,5477925333","122170,160873636","120100,18096083638","112528,58088819479","127366,03679138224","127501,99421901336","129488,84086532792","123232,42648431758","120069,68386607718","119508,08648726092","118512,19687311036","120030,69310960908","117591,56080611756","67692,27045125827","68660,357747892","203276,55432338288","204374,2356994045","204724,03257482275","203701,7573753046","89154,77449685302","89463,93608317272","135771,92770276038","62698,871385482154","56793,84843489916","56046,430016269456","115615,53597368514","203755,83839169293","205367,61736100557","202148,23659245612","42220,70537927856","43363,068990799045","47798,268028260594","45623,79824217094","48206,86840900501","81271,79335491873","77472,35126944477","77472,35126944477","248541,08021138737","156814,5088763124","13757,99628086804","19931,241509758667","28816,455178410688","12278,42888492756","52449,36940096416","67582,43003103574","130164,64132791314","176781,53855346036","176843,77691359274","77703,02387093163","87164,957907668","99538,31644000344","185915,41466209933","160177,63682775354","159690,0735277065","215031,85401817705","134028,8796769894","61242,0399857226","63121,745951244084","77166,99998100109","134618,83555100253","137624,34258286408","135257,64907857758","140171,1454773248","34362,92272585352","25957,651734012892","25766,05069494801","48209,88852352862","44374,89985977449","44038,53077338335","81572,93386812288","108343,31700175171","110812,00714228407","107810,97594642322","108596,70812385193","109881,82864188605","196395,81156005987","194792,019775785","146622,99593507042","146622,99593507042","82349,83905066724","16874,21936572999","11783,910900194152","9693,272248289906","5905,392572386047","4879,402279442348","57481,023890953555","57123,32810109357","60581,40708951134","56989,04089016425","2953,010910882433","7544,101471845293","7544,101471845293","15030,73301589049","10875,879965993527","4042,495313105494","9641,954800757612","5581,125679735427","16138,774062452698","6815,65471173797","2270,4386184898403","3937,3778493695695","3801,139960148013","15522,809444099888","4884,533105377415","13498,553538314296","9924,2230296407","4811,86436267518","16334,029727640356","8167,306087029739","13316,593605943102","4284,972118162555","8010,9675680684195","9188,571606340376","1530,37423514588","10221,758651795792","9063,671792024428","11161,034011005073","13075,823823784282","79029,47181280066","87954,27707234581","77055,89898456774","81347,56707203442","79059,60157721465","80868,6254039328","83970,29245940338","81800,63717516461","96809,11170665668","111606,58608981369","227760,2993016864","147143,2577672646","143652,66657804302","111269,55693512144","292260,237929985","146943,50725590694","147408,87276011772","145123,40468429856","142834,69864324978","134694,53132514108","190031,51225007867","80923,41766173675","72169,00409763181","96623,73865332923","95989,70374855812","158149,91085639413","159006,84861171545","126660,56637482982","127031,24157882525","127031,24157882525","226148,82469459216","70182,63753783195","69103,18981836551","69103,18981836551","127597,33519568041","128598,60727527774","229608,3788698424","58324,69298277753","58568,94967794787","58862,98401979736","48530,149956991525","43836,234562663725","48117,347711917435","43929,360655945","45698,32197776757","19769,721372112588","19295,083325903626","20524,39943297926","13649,949937718724","14315,38050150824","23499,575004010007","19208,43810108122","14433,096482380604","18482,013712712105","26735,311616233077","20877,555167813145","174503,0732815432","175117,67889839204","76135,08001610618","9279,021133068183","7331,912205292409","506,05877393929876","7632,138063338229","0,0","3303,460570803374","6556,15036538217","5013,33203992577","219278,5338185772","30765,097164072435","29852,69934661718","22759,349708668444","203667,14089833287","211724,88296751387","203667,14089833287","201104,42466553254","201161,4738206912","200534,5443461773","155267,37251509776","165286,12411636877","160681,1860973315","107613,80214595658","84346,02752084934","80524,78177179558","188688,46774336763","188466,50990128","189187,4837104087","182061,0350407236","172704,7781820829","124290,72655213278","114390,04772585635","17321,839751062962","27294,48193157373","11984,836886998672","17940,921522085726","13764,127082645273","13472,300194024276","21793,163496407968","122022,63914627687","7590,013624743373","6045,061510797245","105656,13703001542","105215,8550752365","55183,44209749529","55183,44209749529","184771,29274143485","98708,74292037303","97603,53943395168","97455,3081454428","173880,92414643514","175688,51562228936","237991,0692825777","237991,0692825777","222218,1112995961","213717,55510495487","56993,419643396126","152306,42793365178","157492,07852995512","158005,39229626278","87353,41964083411","48905,47120544147","86030,03479350237","85677,70408936542","49849,877437906274","63832,06338502007","59810,61228344573","51257,29671001749"
734065,"98503,61943004004","99607,2858334079","120706,97262273976","123043,28924384264","122398,8654523749","128757,766975409","141840,61251934269","144618,49345720196","83782,67413167574","76436,33882952858","127459,37400900948","122276,67675273774","123089,37155449072","99590,12746827977","82991,28222546358","80679,82249229716","108842,06480144993","278333,1036219608","165945,27555705863","167441,4575673902","28250,380541455015","37133,950529296286","38419,6668840899","38491,18155686516","36247,00882509911","38024,29406975941","213507,9634598611","181790,6848168997","10358,897059930488","14401,285394807093","13141,497220056692","12202,211064387091","10268,89186437601","9239,323769875009","12032,839299049398","105591,35788109034","178504,33925157457","175790,3329786395","179531,13766830857","175790,3329786395","211241,94690808546","47520,461501838916","37287,13480393956","44492,706749708545","43742,578208196464","124377,53297906766","122536,38120516433","114742,04409140174","129392,6010545506","129694,10259327566","131704,4485271813","125441,77067575067","122280,39373203016","120487,63394685049","119507,57208506898","121055,11013140723","118834,56952369056","69483,3386108017","70441,56386414717","204349,46072208174","205445,78873117332","205814,481425322","204754,55047083175","90310,99617396889","90644,47010190319","137238,3876034382","63838,50658565233","57323,16189541932","56548,0054662165","118466,33295201015","205306,2757915525","206930,9308733","203685,5617545736","44960,878943074706","46024,54451177231","50166,492286444736","48007,58134722727","50594,15836774842","83384,48341191899","79530,12536971844","79530,12536971844","250134,40421880817","158584,61930809825","14628,825783540866","22174,34732546722","31752,82124081888","14419,793442593107","55090,83012197774","70225,53147524397","131174,64391282134","179573,0369583792","179631,86307252522","80756,16508653459","88123,52195197916","100208,82048608895","187671,64125714081","161664,56419880487","161219,71359828566","216237,49982179978","135352,07765254987","64325,43058769672","66223,40648034215","80450,17907010508","135535,35608946963","138233,70133353895","136244,5361370248","140794,67865439938","36308,44001436822","27347,626002884463","27163,3911835587","51508,99073093131","47664,769471605214","47337,38555240962","84801,35708711631","109053,38559057028","111513,9876676369","108477,78128669798","109268,91181001217","110592,91581901014","197607,65908129304","196017,87428243586","148088,6709331231","148088,6709331231","85261,97136537332","17340,00033477789","11149,846577016702","8109,858533353054","6540,37186060649","4745,757931802211","59586,626462014145","59271,155439191316","61983,22273344964","59154,904559663606","5501,992665915802","6630,451526736147","6630,451526736147","13648,801695583008","9244,494963896439","3848,230734730333","11172,12837658472","7057,147450406631","15276,292665279538","4291,646745134082","3603,3698831556376","1569,6394986802138","5547,616358588771","14065,004648004478","5265,5183795029725","12491,736748991992","7883,257601121132","1719,8493269048367","15773,592179364201","9184,874853013593","11242,702912367065","5922,465794199645","5847,79445597984","8400,46275688308","2489,6786038386686","9352,534042664569","6373,515268214117","9206,50090924149","11996,101148594864","79623,55191433293","88802,1013925929","77832,0123829784","80635,37421497842","78608,30710115744","80177,8745895562","83789,54441639164","81366,80118189054","98680,89786602292","113613,12634342145","229345,74963547627","149980,03845704306","146474,93514291508","114297,5358380297","295380,5514547734","147997,5704099883","148458,06225722856","147339,4792049361","145073,14944609368","136843,9926381253","191494,83470419727","84226,28423318359","71427,9571020065","99682,22380436983","99017,62241465511","160440,3939641385","161308,97580995987","129571,3480547234","129946,99118232881","129946,99118232881","227581,34558873228","73360,21223203182","72273,4147196297","72273,4147196297","130345,92178034577","131341,28261083033","231758,53803102727","61608,42358860044","61848,333725357305","62144,45143787473","50663,273075677185","45953,64459109945","50167,87071236087","46031,620108919","47783,19368342794","18189,70197839475","17892,084313993364","19933,278544369237","13798,802597883598","14396,47262058153","22507,020967027205","17683,612213194556","15267,524758568226","19098,935053197885","25362,23823936601","19563,35609497439","176252,18005600257","176891,8141676937","79408,43601834218","7494,305022409997","4119,899176634057","2818,140577735614","4628,844055521236","3303,460570803374","0,0","4132,174763911674","3585,2584434601927","220915,26907759003","33984,18903115555","33062,86773782978","25714,44510280464","206023,1241436462","214057,4802159808","206023,1241436462","203679,30909815864","203731,2705145935","203091,2770396672","156402,8762070147","166526,27635078572","161964,14717410604","110104,71066957018","87288,91607084012","83419,1777166201","191016,60079284047","190784,49017064192","191505,91078609874","184091,7570818768","174715,59646796773","125930,27456326135","116131,88432790634","20331,81768286359","30224,722071519245","14432,916839595806","20839,42022030129","16487,265731228686","16141,356368686886","24099,996181564355","122532,51489420231","9293,391471464369","7948,352516331216","106131,75508843866","105721,99362450982","58262,102477381406","58262,102477381406","186147,08037391186","97977,82715715432","96836,06238769337","96763,27564423041","176204,20647923564","178017,21212113433","239319,631736062","239319,631736062","223636,79553410326","215040,82817549366","60283,80976112943","154258,2544400045","159467,51369509575","159992,9637671301","90087,97689319306","51839,214187003614","86394,73922782048","85635,15056611592","49225,45547425921","63278,16249147873","58612,49822801104","50643,67073775405"
734066,"102623,50531056209","103722,52992980061","124324,68618072377","126681,99040461122","126048,60916441017","132889,4748949167","145972,00013673678","148749,86860394606","87728,63966521503","80508,2950255472","131537,24150543453","126380,09984569027","127204,53518900646","103672,49441276972","86150,05259283914","83879,8490003332","112952,72125236242","281544,53789876524","169871,65112741906","171370,4641759719","31323,8007955183","40625,65337191206","41764,6866964955","41886,30759984597","39533,267683779195","40578,18822706503","217640,067982603","185919,62552978075","14231,63263919615","17626,04768716474","17184,276098715698","16291,47435032786","14380,660103372866","13274,593257062681","16101,587834178597","109720,80324460742","182577,9163822061","179865,19975026292","183543,03169321804","179865,19975026292","215373,43634923114","50153,4237296044","39955,90055892351","47316,58390652555","46679,6223348454","128458,46903466196","126537,21818880507","118820,99841114088","133508,8967726284","133779,07264876654","135783,5046443162","129522,23782154635","126360,38510034722","124477,83554746132","123503,1566532622","125059,83869991079","122900,19402576081","73615,248546671","74573,61763361144","208362,56288514994","209458,41675476046","209832,92087325262","208761,29616573415","94359,0075866672","94698,64752171724","141346,0051645583","67889,4762455167","61162,206798374566","60375,257943060315","122170,69744398961","209423,54127805601","211049,6655228317","207801,25703699866","48766,8400718182","49889,88140783373","49648,15914894564","47528,46138681154","50107,01123184096","87484,57298719481","83639,69105474955","83639,69105474955","254255,9333824784","162716,69067192916","12714,06584768827","21788,926471147926","32547,354174255663","14216,993248036018","55062,16951883524","70150,41730912316","135173,39336200882","183337,02755632869","183399,07638902796","84186,78486919533","92113,5437559346","104084,99324653423","191803,44853889916","165774,35828648703","165335,2338170955","220288,21818054112","139434,199065018","67704,4831965191","69565,86007286026","82414,43649886925","139501,57015109953","142073,07538155533","140235,0460088354","144640,11915260195","40427,04862123993","31464,727722163494","31281,406005816476","53722,4782218252","49757,00967986231","49556,611553582654","87787,27169198194","112943,88880279002","115400,41670389501","112349,84543564939","113143,11029233556","114483,44749785491","201660,67244596017","200074,53211302194","152195,76367707463","152195,76367707463","88897,25762084693","14824,996564984009","7873,523790713438","4237,743717885002","5667,18271223073","3875,460725754759","63685,59135346524","63361,25596454227","66088,00876580067","63240,863811426025","9313,786488576212","10265,415039026724","10265,415039026724","16522,22424585993","12127,455392164402","7939,13143437999","15302,302639175778","11174,847620203242","18532,590574072146","6881,428776003303","7634,204062618141","5356,074056402033","9602,085914558664","16848,46462283509","9374,133528339942","15729,604240571189","10452,709556056698","4528,124474886558","19227,532789693236","13305,178313044418","13468,013264730625","10004,81655296265","8561,411042834607","11981,188249212437","6402,356706730896","12830,687490162009","8178,193582525505","11744,351469174393","15198,238467415576","83474,71265862432","92753,15898924542","81760,21786374025","83626,81525446294","81817,87251654951","83188,51445771621","87193,6397011033","84586,79093699089","102810,67578270317","117731,60418319574","233466,6438038959","153699,03077189295","150208,80133385272","117767,23899587423","298664,16282208276","152008,54838021618","152467,47264787694","151418,88897532295","149146,42029681953","140939,02388182183","195600,36979128994","86501,97725615805","74407,64679951337","103100,70028538964","102488,71702989555","164498,44835967838","165363,25862319476","133206,9372888089","133576,44585535687","133576,44585535687","231681,14015167157","74727,36336293962","73612,12389583657","73612,12389583657","134148,37796253106","135148,80921701054","235855,0250160023","63604,820829483106","63804,4711404209","64118,66907280545","54754,97774497238","50047,541000203295","54275,14394367202","50128,60422339649","51883,93967229053","20710,02062988811","20606,95485777299","23290,89410672709","17657,410597674247","18217,740670353985","25512,677672819933","20277,73880702533","19321,32260719606","23070,83277540002","27963,524313136873","22326,50355240859","180383,86810746422","181023,8997984065","82173,06797783938","3519,2967377685277","2725,2421970106893","6221,688162478084","6138,471295642542","6556,15036538217","4132,174763911674","0,0","2066,6683808999387","225040,94601359736","37051,918035838906","36161,916782208966","29306,381189772168","210059,23452642708","218102,2729816065","210059,23452642708","207609,08319632066","207664,11993814894","207031,8665514935","160437,4098614457","170587,81812582616","166036,02200959064","114078,79125559487","90885,39385929328","87075,59466684388","195062,6171406852","194834,0348424047","195555,31434512607","188208,41567604156","178834,7104540295","130057,3059169832","120263,67037942457","23857,752043878958","33844,66285173467","18387,0553015146","24496,736437555923","20292,437770311986","19982,468745503567","28129,31342673437","126327,85226574274","9039,505717024922","8226,162464902716","109915,13034110288","109520,57202724887","59304,53640712311","59304,53640712311","190237,50275854554","100934,12810607614","99760,77851986428","99754,85797473394","180251,64253826175","182062,7871678042","243399,0959648991","243399,0959648991","227734,25082001562","219119,72161147493","62927,01572855252","158383,35807898943","163590,42407430554","164114,5934968373","93901,49250419701","55450,59859437541","90130,30356067217","89131,00491761205","52354,29227913712","66429,5387758007","61183,705048779666","53776,91942216445"
734067,"101751,39237453275","102875,06905780456","122572,17303155003","124940,84923757926","124313,82823857536","131847,5067647124","144921,00252476012","147698,38649422978","87288,61149006995","79815,7110605054","130822,31063224949","125581,55927565228","126354,93136606096","102397,56573595578","84223,06597066302","81965,10908827616","112125,62054509168","279622,0837516133","168347,47914758444","169849,03762829","31731,8069521297","40711,30232302617","41975,233483001735","42055,618888190125","39789,8567300149","41320,02787833158","216630,3757552669","184972,08578497852","12795,474318179506","15792,764856076055","15927,742433186308","15139,240097449117","13315,411682998376","12045,942523323909","14903,398607288307","108644,1783592016","181872,48868600262","179156,27489602342","182980,28119042324","179156,27489602342","214321,07162375862","48130,849167685774","37942,65309324508","45324,95425882634","44710,63407042237","127176,50045377408","125108,76893070091","117535,3644998897","132341,4728197733","132506,72546650434","134496,1538513176","128238,9942444261","125076,33515002456","123958,98298130192","122974,3894391174","124513,61151716019","122219,31854149901","72589,92224448061","73554,44731259022","207796,75932196627","208893,53647072188","209256,28841286604","208208,05438366137","93724,23940681863","94049,23721550057","140529,4912330223","67252,4009920928","60879,18754031229","60107,52209374151","120469,38186814118","208558,7340009394","210176,80935207117","206944,64073105395","47160,767783887306","48333,103824951104","47962,65397626665","45829,78164488249","48412,571241698206","86262,79030190517","82451,94182999621","82451,94182999621","253365,42517838697","161711,72470158568","11477,930916215479","20021,37741128238","30557,13637663832","12362,91022827152","53247,33447082442","68353,25539214266","134638,0197733312","181670,89804081537","181735,24901803673","82352,37442877762","91597,59867012783","103748,28035895921","190808,2095676647","164947,11687885824","164481,26258209813","219640,311704566","138706,30467075942","65854,25067912295","67701,37244727073","80347,77643527159","139024,46701269416","141784,98018694943","139714,79942664644","144343,89627356376","39302,13197658154","30640,169616384163","30452,42139337284","51662,30496389599","47692,69819305583","47497,21830316993","85817,34790510948","112586,37995690842","115048,62951616995","112018,44772851116","112808,70075228119","114125,8222107205","201007,7299977038","199412,73644958652","151380,7343000753","151380,7343000753","87160,0879544136","13947,69268519896","7564,776610202198","4752,671516207769","3828,89605236162","1909,6969184657858","62468,22387268333","62118,16073688547","65294,01023238172","61986,76402985737","7929,6080712458015","10203,06706964339","10203,06706964339","17028,3193744098","12598,2227610136","7338,585310489528","14336,544276062788","10176,99247760229","18792,226022877032","7395,175512868065","6551,173890244855","5116,870929690324","8479,77056328184","17409,777875942418","8696,431130330437","15994,520735062053","11075,004883255597","4725,5022899316455","19335,778781372683","12530,4696025047","14302,033516242358","8926,52051484399","9070,09710394439","11970,278536632935","5274,805744612744","12906,027105965219","9104,088829298233","12401,54181772101","15486,133514442248","83173,51933433465","92304,37535708178","81348,84523565201","84109,50739894758","82141,78696237727","83657,84128460422","87360,01051420052","84902,93091281447","101739,07389203382","116576,52603891306","232580,56148590482","152004,11990206534","148524,00522985111","115943,82424518606","296763,57155542274","151448,72921032828","151910,72807850927","150130,98102152135","147844,22702982774","139693,73484621174","194789,69498090638","84442,58705148415","74897,06902717515","101257,93951758482","100667,93362636123","163162,53852005352","164019,82791887136","131463,3731091315","131829,42320481307","131829,42320481307","230891,43319062595","72686,81082735163","71573,89730953108","71573,89730953108","132514,52408193125","133518,8099989693","234608,86747605327","61538,320427215986","61737,80524341455","62052,042832614075","53521,044166626634","48823,10754573891","53090,78191700642","48913,19943036049","50678,93711281271","21436,271058845028","21223,188370128522","23481,316632579543","17367,611612868386","17972,097612193822","25959,60221755908","20961,711292475044","18719,188013221723","22614,008443214014","28662,893690710935","22919,269926941954","179392,77128145494","180017,02570783824","80162,89306381367","4277,421367144043","4363,173455574067","4786,2621214729315","7089,45428734339","5013,33203992577","3585,2584434601927","2066,6683808999387","0,0","224122,2049264984","35121,051568623996","34240,369884618885","27588,22144945116","208680,07852463136","216738,19568830304","208680,07852463136","206086,56298823346","206144,9589636674","205521,34722119995","159828,28638260567","169914,7849662093","165335,94444370305","112615,90478164096","89126,62403455062","85350,97688189123","193701,79966519837","193479,80015626858","194200,77818577547","187038,82864039205","177677,742844082","129132,14721066394","119274,08304652022","22120,947906422218","32132,957415852412","16996,64565913995","22829,91395917449","18747,167133162024","18468,80857500805","26800,208541081993","126096,49830819001","7136,4227616079725","6212,932395363033","109698,92545098372","109285,69561955375","57294,94526549322","57294,94526549322","189481,35928534874","101442,8076715172","100290,73538991016","100239,1858500453","178894,24230382804","180701,8476621459","242675,23461491123","242675,23461491123","226953,09209088612","218398,08546334598","60902,59308541448","157263,57896466053","162455,77066493104","162972,2481210691","92282,32459669125","53712,364133076575","89971,09681983733","89215,87825297224","52733,689991950916","66795,40614514335","61926,84900022635","54153,48988460837"
836080,"122455,17871528548","121424,17065975427","135826,98213232405","133535,0834877899","133236,98931992005","92951,11740398617","80222,5893082619","77513,7286643707","141330,47359037303","145301,1956060724","95204,54262983802","99187,24730339836","98002,54806520432","125438,62513854641","171601,62732796758","171514,56374199735","112313,97456656463","188722,6176746176","90451,59668128018","89489,97236870565","200607,67720953983","189953,69680431433","190490,95652881937","189890,97520508882","192776,73190367606","199184,75758109326","13273,764287402413","39265,68440010533","211765,7618597692","211323,9341224184","208377,9003645805","209033,86677908886","210809,54263442615","212157,08325167562","209309,18598983588","116207,09956052214","48062,455188871136","50234,362355810845","55770,42379386653","50234,362355810845","18866,55236834317","197955,24755364022","202084,37862984822","196705,77316103494","195568,69110274164","102987,48773354219","110989,89538523558","111786,18779205145","94773,81113279774","97896,14060710874","96727,48707424017","102086,14393562448","104936,78869596704","106127,58793064136","106749,98735597184","104890,7224626541","104105,42348378335","151667,82682697958","150688,48736887085","42883,604366719155","42664,307757807626","41371,983308638744","44028,31252787799","132310,93543137808","131816,5001838395","84205,18530117482","158058,58940053795","167850,94636236402","168749,04971570108","132293,3035392205","16803,188214393875","14960,923076541862","18648,04305032995","182075,55272799352","180188,0323737982","237128,3987079455","235897,98992749327","236943,10536593688","139781,9506594823","143041,7233938779","143041,7233938779","29453,568358632925","63013,79282132004","230266,95784394591","227279,0725222762","220869,49676945896","224914,7308154658","233011,35105291562","238669,08561404096","96090,9386523668","104504,31318886297","104155,37169048267","164869,3342247098","136048,82226221095","128857,97217202243","34383,689739222165","59965,049553929086","60046,384084289406","31825,59119298531","87344,88931167021","176036,64921714299","175704,20665012836","202242,39499090848","94309,45474241844","100420,40516961248","92143,46509099966","98209,24672967567","185044,53546015196","193586,81297945834","193768,00167672825","202595,72070609845","205319,9212606544","203712,83046728067","175756,0528170655","120716,11460786918","118805,99610634755","121977,92313539567","121223,04963059309","119406,30014948387","37623,20991421945","37811,71813734543","73506,45049499752","73506,45049499752","155645,44199617096","233773,14964158612","230884,16194489627","228874,44146859317","224648,6901816074","224121,42917905355","162756,841826661","163320,2678839203","159099,42785375373","163549,50759940696","216331,82493562353","215367,97156479815","215367,97156479815","212144,64759706045","215229,83144139085","217109,28325798467","209794,01772039515","213953,57244277452","209317,4375548093","219289,2362446804","217575,0464150129","219749,5524171145","215643,89747944305","212218,98615467988","215669,7225291372","211605,3167241318","216996,4886579346","220767,74023207562","208020,42281553958","211736,15481273967","215985,27898333519","215195,74879137732","218018,23293331667","213928,80597879822","218850,95463190947","213393,96485948737","219538,0587380974","216238,46243026498","212128,45887836922","147612,28031460455","136556,01390448076","147280,791060062","169035,0564855499","164767,01777073412","168797,65326769406","156387,40349305703","162828,5551721156","122976,17680402621","109551,46600272717","9349,686914622553","116536,76615253248","116742,55760028555","146202,9432836204","193274,64299957105","80546,84793275064","80275,43200774975","83459,81544775756","86089,57178030892","90488,64876283109","31763,341060855175","194554,7466408498","174241,12765913","155158,01355137283","153465,18863121985","76409,52565182628","76363,80469785057","130656,38785576029","130857,59593914052","130857,59593914052","17006,410584481535","214560,49507480316","215031,30060124485","215031,30060124485","119651,95515109299","118743,36277598837","44121,49903864749","203806,92099300347","204458,31082268382","204101,2823352075","171586,9022032667","176100,77273165702","171690,08265991052","175959,1939977156","174172,0039332256","210783,46529649108","209989,25222238438","205066,48994062803","208055,75804467467","207644,24253709594","205200,58906753513","210723,00157354044","205865,45349595672","202471,69914995963","206004,14533782026","208643,33617679638","45392,70070701156","45117,65361145095","183513,3752928232","228347,89051590353","224002,87021361582","219402,87270069355","220800,9884791358","219278,5338185772","220915,26907759003","225040,94601359736","224122,2049264984","0,0","199579,36365989843","199821,13517175574","200415,3655987781","60308,44082236255","57778,84597060775","60308,44082236255","80736,14143630624","80237,84637845228","78996,22255645484","71341,58866488238","59890,524418987196","62937,21903176247","122682,9138638453","155650,02567124466","156176,83166415067","61675,65467704986","60999,306460447784","60763,34190121797","46913,643421604786","53464,68936412276","94990,08891712506","105005,81179757143","205179,19990906504","196556,30235616092","207640,31532754767","203866,58145363504","206626,87793494298","206723,39148718613","198007,67826422228","114387,83717173236","224215,49684184496","223009,6492809378","127530,10324903222","127246,77042805548","219063,72961645195","219063,72961645195","39007,05112176139","161833,66809879578","163296,2496799082","161257,29403890972","68208,22561992524","67574,44994272976","30286,20346509976","30286,20346509976","16734,49326035413","23761,23784375391","192740,61466560297","70002,7914548348","65732,09134315963","65564,65199194897","145824,01482723193","179922,07479319687","145046,23508993103","152555,50249912878","185323,9155305716","175649,8393109879","188514,73695959066","184298,5734478642"
735066,"80331,02873010002","81807,57962470403","88315,89596277213","90773,75025939922","90204,23866682098","106688,89694618374","119362,60478428788","122084,23285568635","74185,52653652045","63033,700428312","110832,15926615294","104410,2241461666","104343,13318678807","74471,4466293011","49102,02960092249","46851,59438401258","90976,60708873374","244501,1344328147","136207,34692346863","137732,8854822424","43820,84036726059","44987,114271025865","47652,82533474009","47105,29753002433","46842,941539404936","54648,26863606506","190847,84635367978","160372,70462495278","24530,28317669987","19585,09754184052","23650,588995412312","24953,902964263452","26597,172863279815","26328,85555444483","24728,700994065908","83605,43266545895","160958,6688910415","158228,4388186359","164273,2258220524","158228,4388186359","187957,0001042175","14641,936094337156","5864,418074477507","10934,876704526358","9872,83024380415","98559,44685556523","94499,2066298634","89053,56740464891","105291,297463895","103936,3225866306","105682,93513932488","99585,18912953291","96467,37234482431","107405,47693228124","106294,93423223699","107487,5284440347","103068,73110917278","50669,28730229949","51641,80947907594","188705,1121198732","189803,37532186377","189979,5252818189","189306,9397271207","76782,48744478506","76835,45236276185","118659,13518968041","53002,89651773616","53913,26340182218","53550,83094645585","86685,57013665025","184931,08701741492","186416,07290493732","183452,8443883035","17680,263960798915","19708,191630583944","41544,31000414727","39714,171430784714","41594,8566013764","59860,80632301417","56849,38219186334","56849,38219186334","229032,04195368747","136565,6552624459","34760,35338016114","28486,86470497802","21616,10547635997","28724,385979283725","41159,536067330315","54002,93238515307","117443,02991575949","148023,5220609571","148108,86620108483","47596,75464738545","76841,71064456868","91220,43656076555","165453,37154512946","142424,31914179015","141558,24585523186","199156,19429295554","118284,53554907838","31062,335166304547","32799,63819980336","49430,54712847675","122647,3802602277","128437,067813033","122612,9383160888","130784,45055222702","23822,91132568868","26421,432986582116","26310,820186549576","20720,35266264822","18291,93963403658","17078,32781865466","50818,163412453134","99222,84493702886","101661,08263547289","99123,07336921267","99822,75875074156","100684,5724278454","180649,73788646355","178937,9100733779","129293,90869861198","129293,90869861198","53244,5651811978","37822,63364792377","38437,26126779542","38804,64324277612","33077,22458723369","33856,86022865858","38260,3313301285","37470,80679208717","48527,975444511525","37148,34166495212","28687,73777235187","33514,02412786992","33514,02412786992","37973,37245008172","36541,58457133475","31992,615004987772","26790,89679755861","28780,93410751373","36496,02674474512","35996,45054530713","30778,01258789675","34006,61177040786","29292,32262317676","38535,606547693176","31062,783150402942","35860,95417737061","37050,73602757598","35167,85373046629","35304,09471166044","28887,599643093785","39319,097079848805","29179,526666973514","36150,76212465398","33664,829853479714","31571,776946280126","34184,35878654785","37943,21709557399","37582,567899616784","35926,01889858481","72835,75781836973","78643,83863902582","69297,3339831412","86939,73157876522","82497,53357365687","86304,86654633716","84585,50794913774","84870,71206965622","77047,91301507902","90070,20759422152","208446,15034329792","118165,40224686397","114788,43921575221","81180,51503053085","261660,5799608774","133397,05885633768","133897,49423408203","121103,09787538402","118648,27409311438","111394,74873428434","172108,3658404138","51770,1031819642","78745,70472205426","66402,40139677745","65951,32337944918","133363,93330889993","134115,9875048067","97256,08195914251","97592,28890191381","97592,28890191381","208177,56041244304","46129,255648858205","45308,54135258861","45308,54135258861","99354,45037091564","100394,12093931681","205534,91545546017","31271,363808813818","31735,32791703024","31901,623834048758","30592,79317649384","27317,022056462672","31264,525915193863","27568,279428125985","29045,374098822987","41686,43026210335","40573,964159915035","37348,31081923602","31574,562879277026","31970,202947731774","41145,61149057885","41068,8457473148","28669,248763786647","30166,176896936948","45431,948805176056","41153,57375021325","154220,80601344226","154608,6361275189","45628,44913838431","38765,202544191496","38085,40197494468","31209,439321039845","37430,51520634439","30765,097164072435","33984,18903115555","37051,918035838906","35121,051568623996","199579,36365989843","0,0","990,22381082923","10485,197895492898","178059,87740387395","186267,286956802","178059,87740387395","173823,69116690307","173918,40704964372","173391,13782329796","140803,12552067285","149692,70664692376","144772,1310364307","81730,46722545745","54975,8029878724","51589,84275500172","163378,80114968447","163240,01424654564","163953,31644064168","159265,81007196446","150162,20579594947","105847,31189539772","95260,18812773895","14401,157406178048","8509,433542362573","21813,508832975756","14672,649748162186","19120,23310654515","19635,19692672742","18005,708849454695","114246,00152134949","30750,523100106842","30355,521948646656","98870,52340041255","98163,98272664593","35045,83924995969","35045,83924995969","167687,6601537028","103427,4391620902","102709,74945985971","101884,76170090857","148701,69087880227","150452,98375167372","220846,69295330162","220846,69295330162","204397,79753959514","196808,45873182963","26937,02926751304","130505,59967835643","135418,41072627704","135819,40669372003","59682,09012141427","20643,339470276376","81445,10402509941","84902,31853535798","58173,475020971724","69623,56377784535","71453,78255344152","59260,84046312609"
735065,"80360,81410810184","81825,8582161025","89055,59263461875","91505,3390267283","90930,21262782677","106910,55503025229","119611,92941091934","122337,88361118895","73900,66922938154","62842,17694519063","110848,45617886404","104464,74634915018","104430,7359833176","74787,8419445784","49988,1617654526","47724,939164991774","91013,0266385867","245383,98865584092","136799,61580012104","138324,05099926778","42885,44745204358","44157,53330465831","46814,13395121674","46273,95101018218","45979,98005931096","53733,28950537712","191138,5454107737","160603,48143216112","23565,61492835533","18661,65729155102","22663,880704740313","23967,58956923219","25615,90159803884","25358,467603180943","23744,03309069933","83795,44650836675","161045,22646721176","158314,16446365608","164281,40744665006","158314,16446365608","188271,77421965046","15627,838962781147","6667,715258348718","11924,046004145865","10845,668622869485","98937,61873484218","94982,39981740054","89416,3119463188","105597,92928899829","104316,23295190993","106076,4392056399","99966,0561389003","96843,41343329017","107294,39488930766","106186,85624026979","107392,92246987447","103045,01300470566","50636,34337963406","51612,66454088589","188737,49478978102","189836,11795087886","190018,9369770365","189332,83416700957","76634,48708235536","76697,34403446491","118754,94842118956","52681,862590762226","53374,39340016065","52999,24656876616","87381,15998539169","185131,70655262016","186622,47412134122","183647,58140409278","17815,4274391196","19805,7701572145","41791,27368486607","39933,16706849882","41855,18246627291","60070,91589964531","57011,240524777786","57011,240524777786","229272,48861127658","136807,89149251024","34076,53271281072","28029,14253094614","21578,160411072175","28045,65505088443","41587,7624540806","54573,402334368206","117365,13046134004","148721,23028707044","148804,9694948116","48383,68093097271","76617,92655727222","90953,19290375784","165717,73638894997","142562,53192203975","141711,77234151468","199242,17073309072","118324,29279438926","31845,47858888788","33605,290054883444","50406,011333212344","122546,36117915616","128241,9532628997","122536,75173462715","130598,09203577462","23259,758690136623","25576,152731308677","25462,284100684967","21656,675676524563","19157,474371623233","17976,197507862955","51746,09214384921","98994,90192609235","101437,39612598487","98880,07799800401","99583,65751340326","100461,22927948415","180724,46115266625","179016,21987228474","129406,5278991843","129406,5278991843","53934,69053906292","37173,53255174537","37655,966650208444","37963,82439426837","32244,361811468803","32996,11105337771","38269,76646864147","37497,85486775172","48274,2124341338","37183,33545717187","27750,22586924727","32539,130465732556","32539,130465732556","36983,15888953764","35558,33087305742","31039,380803076452","25804,438791216668","27814,812332065558","35507,71624350924","35040,81004087083","29839,36652952896","33069,314849582646","28340,864698762947","37545,38273702363","30100,64431320906","34870,833519147985","36074,30228451405","34233,81577548064","34317,80442049405","27905,42484548909","38333,77767661468","28223,693411264023","35183,91688123449","32682,071050933144","30643,847822425476","33198,701030829325","36979,91239717552","36601,21632642954","34936,23628404252","72461,279657162","78387,88129611916","68965,4898583669","86265,29429155533","81868,32991763283","85633,16623248006","84033,66289583953","84254,8415333378","77211,82164684065","90336,47294323436","208673,84263296807","118873,69629372387","115487,56830673154","81977,34412701252","262528,83335475676","133363,054261039","133862,51806197187","121516,7406702599","119069,20528268894","111766,21913795684","172267,12760532796","52760,19057765746","78035,26059250032","67210,54654533933","66738,57337983524","133822,76837470353","134580,62588584845","97993,04864800448","98332,21686739055","98332,21686739055","208349,5655685483","47015,351338011926","46185,80145493562","46185,80145493562","100004,70551536094","101042,11650536761","205976,8952729067","32217,960184794294","32676,637097263716","32846,703197531795","30471,436868961697","27083,036065681303","31094,712269139414","27329,701720510322","28840,44514028464","40698,79868566897","39587,144622129745","36376,16717770887","30585,513245983235","30982,206574054897","40177,41476313612","40080,918757916756","27683,43560977231","29201,34924006758","44464,88958333411","40170,86526464921","154472,86873424135","154870,89394596106","46594,23008652449","37913,645055633955","37167,91921836707","30293,983030399206","36480,7855398127","29852,69934661718","33062,86773782978","36161,916782208966","34240,369884618885","199821,13517175574","990,22381082923","0,0","9514,753908641538","178574,5827239551","186775,6974846161","178574,5827239551","174431,01613687666","174523,52480127956","173990,3189952581","140809,03359873767","149747,66323604767","144836,83430726142","82220,1599539126","55691,25522819127","52263,477449663325","163874,50231698988","163731,31018164175","164445,1925475638","159634,77019348444","150515,9145543354","105988,24777052368","95420,29277450124","13418,849926251156","7729,708766006091","20826,939392308803","13682,584751678665","18134,150218192855","18648,537268704902","17088,79369060951","113989,95234731145","29962,232598890005","29538,121652169295","98563,3244960248","97864,57976333854","35768,46480774269","35768,46480774269","167810,45194718541","102795,32761513485","102067,27301887136","101258,13532613628","149186,4986048907","150941,2885852727","220988,5111863733","220988,5111863733","204562,65927541122","196934,4661756616","27924,324141608668","130815,48724110765","135743,6124794587","136150,10464973067","60265,677718141946","21168,14310982316","81038,69585151042","84389,54828025732","57380,024583802006","68912,634870062","70627,63345699404","58476,76115017513"
735169,"79268,84084407092","80612,39049977418","95022,70333587262","97376,0553747466","96742,23983360203","107522,1761632337","120446,13673892994","123205,52091643111","69878,12443620105","59808,36675095279","109456,89695271724","103466,8472869402","103751,2816382708","76523,26970722413","57756,755121765156","55362,90208858164","89911,96685478781","252856,7432008427","141062,85481804874","142572,57551693064","33470,26288433034","35468,62219884879","38040,068540171575","37560,21666061891","37023,819216432144","44416,561880385045","192228,64185175626","161149,91797996286","15513,036367727538","11980,46763618706","13845,865589201565","15145,73307760975","16981,604465946722","17085,585322117477","15006,433163722962","84225,8927029512","160187,6229739206","157453,89079418778","162667,76357504178","157453,89079418778","189605,70276202707","25100,126952999883","15915,801382571843","21267,65143665108","19977,674760502538","101132,02960846484","98250,89927976723","91506,96200248426","107051,52939111054","106503,95024246427","108392,86086018942","102182,5708317281","99026,65877559557","104708,9175701163","103634,29742923286","104962,33820349693","101305,47153530292","49308,412985607974","50302,45040311704","187315,58862827343","188416,1346256862","188662,3487033462","187848,2548945741","73877,73672577746","74033,75107375615","118096,9074337705","48556,39950031061","47185,93472226616","46697,248025468536","92881,1836721841","185341,12206168342","186886,40455612369","183801,57590952577","19809,09044489347","21217,09348099274","46903,52867633308","44861,822335842764","47070,77846900497","60928,348352477995","57446,44652016808","57446,44652016808","229821,80048625855","137520,6145190529","30290,290332619268","27236,381986151784","25212,52422828531","24623,505859703793","48067,15560723617","61938,021568185155","115054,26292647055","154094,29829766852","154160,34755387405","55088,627940856786","73146,5412865853","86984,58676848652","166585,98576850837","142244,26195582256","141544,29428565493","198319,71974575976","117128,92645897974","38734,60603464371","40683,05580558266","59914,63733018693","120000,47782328923","124800,96875911413","120224,77742518428","127231,94151596972","17739,663316426737","16943,262185737392","16800,351906862576","31128,766711840544","28415,977558213937","27349,655363879057","60005,17367480389","95352,05831706316","97823,30189553462","95097,97824546392","95834,54540879848","96854,58916879169","179719,42812708498","178048,2659417571","128876,11009085088","128876,11009085088","59591,100123462755","33714,34602041449","32433,11735797939","31858,64132695951","26426,960975322585","26709,417976066186","37671,11028663993","37095,101561707634","44871,60915119506","36867,98091989093","20216,23139923006","24008,697708894724","24008,697708894724","27761,5615881431","26738,07643230518","23075,38134522684","16946,09673063875","19602,15976747822","26133,28333693232","26956,262282530555","22221,788616472015","25406,809900644363","20478,611352341977","28310,085305284887","21943,74691953764","25683,62573054188","27464,394254202387","26614,30505270304","24897,33755733395","19199,985212293603","29420,4720446209","20261,116064218848","26835,632035883864","23901,898349759333","23225,438250164218","24302,66955917291","28696,760189359215","27838,268649345133","25795,320902287793","67615,99088921263","74601,61673044655","64545,24819535476","78688,18359126672","74687,63001280528","78080,6521803439","77517,12444688336","77180,22659310867","77439,22942235794","91469,5427271547","209118,79647758865","124416,08461597454","120938,20871483388","88596,39755508036","269809,85182537365","131417,87395910145","131906,77089987625","123980,93263155373","121614,62471996211","113839,93551756558","172088,03664768118","62123,75377404551","70182,9364151505","74015,62969112504","73317,96618669512","136711,37066699128","137526,5959938934","103901,42141466407","104271,89682527137","104271,89682527137","208249,27599128723","56288,09450412459","55420,2663666518","55420,2663666518","104977,22052592505","105987,24286660626","208575,88793691623","41707,36312064491","42154,13187513953","42332,717480341125","28952,625909442762","24670,733199406743","29070,652979826667","24854,905138328424","26600,211097093885","31300,28201550228","30172,04463100312","26863,135040661702","21248,233061749375","21605,528746937664","30662,740719474332","30690,341727020666","18262,897818243637","19689,544712462077","34950,60438575314","30701,6421876424","155241,2115539604","155739,08759324378","55383,029221292214","31643,703582958326","29809,805410253637","23128,942175862703","28504,644798959464","22759,349708668444","25714,44510280464","29306,381189772168","27588,22144945116","200415,3655987781","10485,197895492898","9514,753908641538","0,0","181957,09287902308","190082,28229748868","181957,09287902308","178793,35420486672","178862,23197041397","178266,53618696026","139223,59386987172","148609,84589355366","143803,75881766443","85622,99570232707","61589,92464840583","57770,51389887952","167081,60279067958","166893,15934645932","167611,8807483151","161557,57591740473","152303,4580611613","105817,3924507345","95487,66805152775","5475,434384678964","4545,5458740592","12060,844736100831","4915,233828336957","9494,386890211495","9950,088894527484","7942,135686659363","110028,9685599563","24914,275961326908","24069,437635808277","94189,82409652717","93565,77741154986","44228,40329148917","44228,40329148917","167290,0453755811","95532,05359538936","94718,82276053134","94044,33965583978","152307,34202588882","154094,72824705168","220580,8568463912","220580,8568463912","204397,1831062245","196401,1777159613","37149,96508810976","132213,53106264523","137280,6916253889","137740,92583830445","64784,35570824347","26146,19803742548","75843,16482886825","78217,29459467174","48921,6190339544","61087,22810379468","61882,16668463539","50089,52661070079"
836082,"115484,22243765704","115274,49791347506","97046,39244424616","94384,5209641035","94474,56329612239","84014,5962225162","72565,45112766261","70267,76427106597","140081,35731890384","138570,3074890911","99895,93577423872","99335,11174208573","96451,06496108632","106774,58970161722","138910,05562770535","139684,24685516776","108406,7904068401","132340,55510180275","44337,63134322854","42856,01135080148","192181,91570766113","182458,65225361384","183830,23806420702","183072,23892423505","185780,04275436478","194172,6528850828","47491,02033158659","55410,2548461422","195886,17805180541","193832,78298658563","192884,59096863947","193838,0172412178","195808,7261334011","196792,58215607065","193991,7146925988","103915,11302205293","79024,49296134063","79165,4791135083","92106,27294645205","79165,4791135083","41937,79771175712","172228,39050913125","178903,74480534875","172193,23040448615","171549,96967682603","82170,89673614994","83713,96493975348","91667,09132016038","79472,99886611123","77053,68326347257","74872,4167815147","81105,04694036572","84220,40248579707","114251,5813087915","114274,0668492835","112512,64606764128","107172,41338698979","138750,0706712185","137919,97448498278","93816,16548262125","94149,00569300748","93023,95929842004","95187,6349765307","129221,96213077025","128511,05695969982","88103,82520522558","150118,17006370274","162402,96071701785","163268,58649680112","95739,93914208731","62288,01463904213","61649,213061400296","62975,015083996535","162197,34703213075","160741,60316862623","209521,66547344782","208762,14642811735","209209,25952098882","123209,870551406","127285,56676854801","127285,56676854801","79160,85535196755","62471,08902030617","212063,56856003436","206518,18114044334","197458,61297026352","206167,62425901165","203854,19657077716","206070,58787554072","107861,44658144927","48520,175785829604","48186,72851545745","134741,96185113877","134634,8185215889","133899,75589346627","49017,34204112882","73660,3171966063","71808,66277665348","88374,83003335675","94327,01917010787","149368,11564436476","148360,0155165982","166700,37324578146","109492,55562829366","120917,47988739773","106468,38590028709","119709,26416946333","170101,4635565084","180170,86947979024","180317,34929123402","175020,03376762464","178560,26604980827","177225,72911298706","141648,91210613263","128312,5119984682","127366,79036414769","129851,08560457754","129316,4391683801","127534,01432997907","83809,83747855648","82750,37239318369","81534,43162487097","81534,43162487097","126636,86703762744","215374,77899864217","214313,28160242466","213280,40951700223","208176,8602126404","208169,5117586568","146753,26789229148","146958,43494842897","148947,73623169962","147034,65860221285","200780,96945732765","201689,365910052","201689,365910052","200501,48798599295","202565,77103586326","202518,32933450403","195045,50519402107","199012,3945338779","197667,48454011139","205541,58082703792","202440,59847254114","205187,49470727172","200479,6603516657","200738,2823374644","201105,36911662293","199394,9338401023","204130,93780402595","206346,46519671535","196193,184143048","197294,4143413483","204063,4323357031","200101,41519690052","204626,07111247318","200596,65662752633","203657,60857101603","200332,76593978726","206394,6471360599","203706,08370423195","199848,62458587612","147233,8946072055","136438,73348073158","145005,36875589882","175818,4996754186","169991,8944339059","175365,39660363758","162132,59868793134","168887,4644300364","110473,62571337396","94695,86327233909","67563,4725272985","69959,47513885122","71708,67273697404","107364,64101399896","139627,05969522285","99112,25050413946","99164,26635077994","59488,73304659504","61483,61498597639","70535,26376573127","67424,46099265556","158447,26421127963","178131,4337850698","119962,91817982319","118996,11141554092","45828,75180647122","44881,74211080955","89404,34080056338","89383,87280517716","89383,87280517716","77312,95930185787","180481,97802802452","181221,35236071557","181221,35236071557","81824,07818667908","80746,92949472638","31798,797507755018","173257,09115710534","173793,77201810174","173381,32245277322","155536,41000301178","160240,09267815368","156212,6317131674","160189,90356801922","158489,07349342277","200505,08597255565","199489,42413463397","194237,11651516633","195080,70571681834","194850,10518999014","195504,15779917524","200264,3997006819","192305,58842960928","189748,92886617748","197509,408598772","198513,15969758926","53486,140275121026","51798,7448838658","149947,54810370403","212930,6570630829","209731,7889549248","203920,66559417933","207170,5595081259","203667,14089833287","206023,1241436462","210059,23452642708","208680,07852463136","60308,44082236255","178059,87740387395","178574,5827239551","181957,09287902308","0,0","8315,26536894925","0,0","20450,47299856862","19950,991463717102","18748,848166260286","92568,02583678131","84425,6076938638","83593,6722492067","96407,66349432274","125668,97998729536","127865,972746914","15177,07078462988","15554,309061091331","14842,598772435449","33560,72143718708","40765,845206788355","90992,07621247928","96768,11118796894","187303,88786494764","177555,18604538793","191693,56331329534","186287,17246306845","190001,74608587447","190244,83552674018","181930,7765371782","129244,04974766402","206868,4744634316","205974,06568500356","136480,56543667795","135768,6532702513","188773,19190408193","188773,19190408193","73258,72133289177","174496,4666636998","175663,60165488816","173399,300399328","29921,17142851726","28081,441572346597","90128,17349222495","90128,17349222495","76606,71998860307","80111,79159555693","163820,61569523052","58994,51524058449","53932,43657765481","53088,44936039967","118659,84927173241","157416,93849559902","148347,75314597163","158193,78171632244","182169,6720903606","176418,8391143579","189469,03300472174","181519,6748065653"
836031,"122777,47323391205","122508,87926102517","105320,77398289245","102655,79423975071","102753,67216880772","91084,87589235262","79292,48700273415","76896,32193236578","147145,1179097951","146000,01052536335","106061,85493900969","105897,77718558563","103115,87330979964","114694,16102301335","147223,10384464453","147999,38543004263","115411,80366446046","132094,05505770538","52595,949284245224","51106,022274312076","199898,79332994897","190100,93335281115","191429,38921161715","190678,2728990286","193403,4464099852","201703,955628061","45637,88927748107","58499,4502330475","203942,93062880324","201942,59259189817","200922,60438591012","201866,2269366036","203832,49628574864","204831,62285172968","202024,78500712718","111461,56544296209","81692,83874229756","82098,44726814593","94502,28115754489","82098,44726814593","40353,98760669074","180512,7967965102","187149,42402806287","180458,57801742697","179805,81990255963","90017,74395637044","91864,45524619237","99559,50546604238","86943,92581581174","84847,0621555399","82698,55502898402","88950,29724381719","92081,37240019676","120303,30144089356","120381,65547522953","118588,95721586132","113590,25772228779","146537,17839660178","145695,98523036562","94036,11023914072","94275,02851016552","93097,99291235772","95392,42207063465","136346,75745971268","135646,34729304712","94125,19263568813","157676,78992104632","169860,14471946","170731,09001097156","104047,97653200723","61992,02595103603","61125,29871207483","62901,549114150854","170337,27092985416","168865,2390553422","217834,5570113311","217072,73723528325","217522,58904366937","131111,75393111003","135166,24710570663","135166,24710570663","74046,7738477441","68136,09059264458","220215,97223407743","214733,48599076676","205722,00570007914","214330,0420997733","212169,41002917296","214362,36935913117","113472,90937549084","55472,49415219729","55149,40144487066","143051,71372072803","141675,19733855524","140423,69753784555","51560,815904968964","78210,25385545078","76504,2968886017","87356,31040829503","100176,94924069368","157650,10288732033","156650,54566565732","174963,13395152288","114781,56615743965","125802,21601228192","111798,1932803385","124467,1930950785","178076,1150148765","188101,71335414166","188250,0098535092","183325,85790478243","186860,09042391382","185522,1571167244","149950,63081446078","134565,42259162175","133523,61225463086","136093,62983018564","135534,24214085212","133731,73266781212","84557,48547332692","83650,61386117534","86978,214798878","86978,214798878","134931,37194609462","223535,94097527533","222417,0413507902","221349,5935888087","216270,3742188324","216245,12449847825","154714,06573410114","154935,12763250765","156627,94509133013","155018,01021830086","208832,59923174235","209669,8966008055","209669,8966008055","208392,6167219369","210505,33177763497","210536,29103335354","203058,32601616153","207038,68715072575","205553,80055118777","213530,7352362308","210479,11200730188","213208,1479475819","208516,52625301963","208622,46933531004","209120,23721957745","207309,4289334439","212081,58575386007","214363,31933002436","204084,81719776033","205298,7073692931","211973,17035596876","208135,10825364833","212599,41416263432","208561,20969518815","211699,99931444126","208285,54564915365","214360,42815323654","211641,85582604253","207766,96210661787","154276,62646116078","143394,59946872856","152171,7416326897","182452,7247773821","176724,8826767175","182015,1598974852","168784,13332295013","175548,0145904039","118084,51077291198","102318,19787157321","64242,83747620896","78013,01376212217","79844,65310477416","115619,98129084965","138300,7132940486","103852,61643362034","103869,84992986241","67211,58717641635","69284,38998510533","78184,7370502976","68874,24393646684","166704,49361060627","185004,77049112285","128266,20135550153","127306,06133775575","53697,782230027406","52788,46444211176","97630,32374269934","97602,51355428949","97602,51355428949","74694,75995860586","188763,08552874453","189506,3131013617","189506,3131013617","90133,29755448077","89055,77942776479","24381,632936037036","181571,8579422053","182108,2531392921","181695,70732563062","163523,0405047146","168230,37473844943","164176,9026279151","168176,30077212464","166467,76224779137","208332,6382331772","207325,62444202646","202078,7192643346","203020,908929434","202782,1019928851","203293,29796464776","208100,1123412","200265,7283796932","197668,41417832923","205241,7738973478","206329,69578052792","57499,45721071738","55846,69366080973","158250,70481955243","220993,1334624517","217747,50703935037","211974,0490479148","215157,38901146973","211724,88296751387","214057,4802159808","218102,2729816065","216738,19568830304","57778,84597060775","186267,286956802","186775,6974846161","190082,28229748868","8315,26536894925","0,0","8315,26536894925","25083,66050948619","24602,045732493116","23691,909389645025","96859,1335160007","88092,89650197623","87696,28138958731","104581,82363397896","133973,0777758649","136152,4293502114","23042,226296773817","23299,718920597577","22577,624206171007","38312,26289723325","46423,31242153642","97777,0817237671","103965,88165632208","195417,615751114","185691,32120925497","199746,61795160262","194389,67747020777","198076,73305009207","198314,97575988274","189973,06880548957","134818,2586848004","214989,25104638736","214083,76745723633","142684,8761165057","142005,44469956722","197087,26402051924","197087,26402051924","75236,35339814123","180613,98558423348","181814,11458547637","179558,76881105316","37857,08803248874","36040,42359817704","86855,16704269934","86855,16704269934","74413,42612202613","78995,03389601468","172132,08778786438","65610,08539404986","60410,39569330361","59597,22278293515","126914,40149049988","165623,97266470725","155116,4816272609","164832,46307178933","189552,35515632434","183516,1719179525","196600,28199150314","188876,20780937572"
836032,"115484,22243765704","115274,49791347506","97046,39244424616","94384,5209641035","94474,56329612239","84014,5962225162","72565,45112766261","70267,76427106597","140081,35731890384","138570,3074890911","99895,93577423872","99335,11174208573","96451,06496108632","106774,58970161722","138910,05562770535","139684,24685516776","108406,7904068401","132340,55510180275","44337,63134322854","42856,01135080148","192181,91570766113","182458,65225361384","183830,23806420702","183072,23892423505","185780,04275436478","194172,6528850828","47491,02033158659","55410,2548461422","195886,17805180541","193832,78298658563","192884,59096863947","193838,0172412178","195808,7261334011","196792,58215607065","193991,7146925988","103915,11302205293","79024,49296134063","79165,4791135083","92106,27294645205","79165,4791135083","41937,79771175712","172228,39050913125","178903,74480534875","172193,23040448615","171549,96967682603","82170,89673614994","83713,96493975348","91667,09132016038","79472,99886611123","77053,68326347257","74872,4167815147","81105,04694036572","84220,40248579707","114251,5813087915","114274,0668492835","112512,64606764128","107172,41338698979","138750,0706712185","137919,97448498278","93816,16548262125","94149,00569300748","93023,95929842004","95187,6349765307","129221,96213077025","128511,05695969982","88103,82520522558","150118,17006370274","162402,96071701785","163268,58649680112","95739,93914208731","62288,01463904213","61649,213061400296","62975,015083996535","162197,34703213075","160741,60316862623","209521,66547344782","208762,14642811735","209209,25952098882","123209,870551406","127285,56676854801","127285,56676854801","79160,85535196755","62471,08902030617","212063,56856003436","206518,18114044334","197458,61297026352","206167,62425901165","203854,19657077716","206070,58787554072","107861,44658144927","48520,175785829604","48186,72851545745","134741,96185113877","134634,8185215889","133899,75589346627","49017,34204112882","73660,3171966063","71808,66277665348","88374,83003335675","94327,01917010787","149368,11564436476","148360,0155165982","166700,37324578146","109492,55562829366","120917,47988739773","106468,38590028709","119709,26416946333","170101,4635565084","180170,86947979024","180317,34929123402","175020,03376762464","178560,26604980827","177225,72911298706","141648,91210613263","128312,5119984682","127366,79036414769","129851,08560457754","129316,4391683801","127534,01432997907","83809,83747855648","82750,37239318369","81534,43162487097","81534,43162487097","126636,86703762744","215374,77899864217","214313,28160242466","213280,40951700223","208176,8602126404","208169,5117586568","146753,26789229148","146958,43494842897","148947,73623169962","147034,65860221285","200780,96945732765","201689,365910052","201689,365910052","200501,48798599295","202565,77103586326","202518,32933450403","195045,50519402107","199012,3945338779","197667,48454011139","205541,58082703792","202440,59847254114","205187,49470727172","200479,6603516657","200738,2823374644","201105,36911662293","199394,9338401023","204130,93780402595","206346,46519671535","196193,184143048","197294,4143413483","204063,4323357031","200101,41519690052","204626,07111247318","200596,65662752633","203657,60857101603","200332,76593978726","206394,6471360599","203706,08370423195","199848,62458587612","147233,8946072055","136438,73348073158","145005,36875589882","175818,4996754186","169991,8944339059","175365,39660363758","162132,59868793134","168887,4644300364","110473,62571337396","94695,86327233909","67563,4725272985","69959,47513885122","71708,67273697404","107364,64101399896","139627,05969522285","99112,25050413946","99164,26635077994","59488,73304659504","61483,61498597639","70535,26376573127","67424,46099265556","158447,26421127963","178131,4337850698","119962,91817982319","118996,11141554092","45828,75180647122","44881,74211080955","89404,34080056338","89383,87280517716","89383,87280517716","77312,95930185787","180481,97802802452","181221,35236071557","181221,35236071557","81824,07818667908","80746,92949472638","31798,797507755018","173257,09115710534","173793,77201810174","173381,32245277322","155536,41000301178","160240,09267815368","156212,6317131674","160189,90356801922","158489,07349342277","200505,08597255565","199489,42413463397","194237,11651516633","195080,70571681834","194850,10518999014","195504,15779917524","200264,3997006819","192305,58842960928","189748,92886617748","197509,408598772","198513,15969758926","53486,140275121026","51798,7448838658","149947,54810370403","212930,6570630829","209731,7889549248","203920,66559417933","207170,5595081259","203667,14089833287","206023,1241436462","210059,23452642708","208680,07852463136","60308,44082236255","178059,87740387395","178574,5827239551","181957,09287902308","0,0","8315,26536894925","0,0","20450,47299856862","19950,991463717102","18748,848166260286","92568,02583678131","84425,6076938638","83593,6722492067","96407,66349432274","125668,97998729536","127865,972746914","15177,07078462988","15554,309061091331","14842,598772435449","33560,72143718708","40765,845206788355","90992,07621247928","96768,11118796894","187303,88786494764","177555,18604538793","191693,56331329534","186287,17246306845","190001,74608587447","190244,83552674018","181930,7765371782","129244,04974766402","206868,4744634316","205974,06568500356","136480,56543667795","135768,6532702513","188773,19190408193","188773,19190408193","73258,72133289177","174496,4666636998","175663,60165488816","173399,300399328","29921,17142851726","28081,441572346597","90128,17349222495","90128,17349222495","76606,71998860307","80111,79159555693","163820,61569523052","58994,51524058449","53932,43657765481","53088,44936039967","118659,84927173241","157416,93849559902","148347,75314597163","158193,78171632244","182169,6720903606","176418,8391143579","189469,03300472174","181519,6748065653"
836105,"119035,68805812887","119125,52511185582","88417,25437097331","85733,33172784449","86015,93797638931","89381,36928390594","79774,03525631335","77943,5037704607","144383,88749564823","141055,9404911297","108315,8809659914","106376,61596693758","103170,14257439708","106513,01688221109","131236,03514777514","132355,53497635748","113460,26396915066","114714,49213083852","37739,169250488434","36238,62103899657","192442,18005848143","183272,26778090405","184903,2295086633","184108,2507052579","186688,93997545633","195583,15615933467","67840,15208496989","71826,57923316535","193378,1582598117","190770,43782768468","190581,24926351797","191623,91413007927","193625,18518395026","194455,48345808772","191729,7147343431","106304,1183342563","95497,34942657799","95248,82083284472","108776,4794781141","95248,82083284472","62253,459287853424","166490,05451813524","174006,59617553584","166934,90028176358","166501,322901592","83146,2800615182","81702,25348965099","91989,84853854454","82984,51129131444","78615,00930575703","76279,85846558794","82129,85905311459","85017,6986436161","122779,80833477998","122620,74645143078","120989,99164730842","114583,16885156604","139001,03175784985","138260,51412186734","112850,77325988967","113257,83345367356","112180,26830868263","114226,7747447605","133382,10561973503","132631,7357870012","97260,74622971338","151730,67790300585","164481,77580562764","165309,65913557514","88307,97022363193","81915,06151214967","81412,7599379675","82456,05850957143","159007,2443549386","157759,90229711047","202323,46131897462","201758,82423873895","201966,46916177735","122800,40741434933","126985,09642811518","126985,09642811518","99001,51044488738","73528,64158906211","208393,8750754748","201989,77583064433","192087,9323969124","202399,54366145324","196139,07711327748","196957,13594873808","117827,5588987911","32324,083227403542","32039,700570084293","128316,03505496202","139112,06847240214","140509,54106173868","66357,15621000115","86980,25258730346","84870,21157679084","108263,50493591474","103859,42624958917","143882,11360865482","142629,76889389567","157068,53288058558","120315,1862298038","132602,01409104717","117232,10832386739","131711,8605606844","168549,14583375322","178919,0010050424","179049,21462161912","168481,1152349621","172267,32358540696","171070,38167378271","133273,08474460882","135966,07104238297","135358,2171905514","137519,97954675418","137076,7259366416","135385,90635734788","102455,7195026755","101262,45509488208","92525,63349702934","92525,63349702934","121012,91909487062","211577,08450563878","211207,37282699218","210550,0538176095","205214,74424861753","205398,498712138","145541,62487772512","145604,0543367487","149812,8549784234","145619,62814455593","198295,98171194253","199870,11733258978","199870,11733258978","199440,9066952488","201096,76053639746","200350,86960088112","192970,18546770475","196785,75141916654","196661,95359462497","203623,31836338172","200076,04111766326","202979,71737186649","198142,31529518796","199731,29650855192","198975,08590605797","198152,47828364288","202558,88023682035","204168,29115434465","195154,43255211564","195284,98801564486","202832,75430574807","197797,10969158972","202854,03412574856","198924,64197664606","201248,2144962005","198764,16142348162","204679,23619832902","202262,47011278116","198572,00299501215","151550,61587384998","141269,91806625683","148768,45607923952","181596,5472672693","175422,31466870633","181085,8609904447","167954,64216114522","174616,5125299577","112336,98620038487","96842,85016787321","88002,72463160778","58972,2383052876","61528,515969191256","98142,98747598703","123553,00715135294","111456,58200838914","111587,33197011155","62415,05016981409","63743,19339516178","73346,92879561603","85571,82640648018","148756,72704700317","182915,10688764192","111888,02344654295","111294,74277859792","48805,596627432555","47660,40117564663","79979,94349939423","79841,98566868284","79841,98566868284","97735,92522539648","171188,79987344367","172025,15893120778","172025,15893120778","74814,52401514174","73745,76764416526","48933,726952586636","165557,13021680247","166035,3789305219","165609,2868613574","154005,03462527622","158631,5868507821","154874,043924925","158617,1105810995","157001,27298607078","199932,81809966086","198858,67147007716","193597,93795892684","193650,66208250556","193490,44829759514","195242,3204427222","199632,693692628","190722,16473782892","188525,48304306614","197631,3034906898","198034,174073488","68518,4036137823","66842,3621120233","141562,69114931626","210270,95160259772","207546,23774537907","201400,50552134137","205264,365642933","201104,42466553254","203679,30909815864","207609,08319632066","206086,56298823346","80736,14143630624","173823,69116690307","174431,01613687666","178793,35420486672","20450,47299856862","25083,66050948619","20450,47299856862","0,0","499,8477333356859","1855,6958266697663","106006,33702634551","99209,84101544938","97582,86603357806","93719,57865072117","119668,2622358347","122486,93324357527","25223,477539128577","26059,47909988097","25719,113244686276","48520,07007844682","53173,249333558204","97373,25357456166","101183,3136167884","184237,6390236677","174291,41133062006","189248,44868596338","183354,09429433095","187342,05943176168","187634,21407847264","179657,2474832701","139010,3478927224","203607,29113765337","202844,2540919746","144197,8366078594","143383,5645213151","180866,93525043523","180866,93525043523","90727,85178245154","182152,76939425687","183200,3773493321","180922,45409806794","34729,08325956006","33113,91791886475","110576,17424830886","110576,17424830886","96958,75576150988","100079,29235467175","157006,94925642986","67261,44468168812","62985,607956073516","62090,81963985379","114195,49538640691","153347,7130315346","153833,37491692783","164101,88983930746","184496,35085220344","180216,0362126285","193012,6356711821","183990,64397081305"
836093,"118926,59291173464","119009,29146858392","88599,6173187047","85914,85293805039","86192,51902279315","89215,8888485367","79559,910309351","77717,49942581875","144263,95776279582","140978,9612697764","108088,4534778386","106180,37184493468","102980,08207449038","106491,46246412795","131408,84336906872","132519,82036589863","113313,40059868123","115123,62650993945","37801,18116149032","36296,31400228514","192428,79009979113","183244,05990195283","184868,93385812346","184074,74035881917","186658,9054454549","195542,10636232467","67343,99120573339","71410,71911084568","193432,8868696944","190838,50934714754","190630,5581370162","191671,1631683112","193671,9459841317","194506,13739561648","191778,15858543577","106217,98558333522","95086,81501420784","94846,6124000126","108363,98549077834","94846,6124000126","61757,99574220268","166621,06172268037","174117,79176870725","167053,9786187362","166615,0926555242","83081,26542159109","81709,8980989895","91946,54766345548","82858,49795429071","78532,32271730465","76198,94269572727","82062,8971725695","84958,34473154004","122554,47343261664","122399,58964155402","120765,33063410566","114381,32601996594","138977,88596528978","138234,98475068063","112386,26014500312","112791,66582634054","111712,96720539345","113762,23827673141","133262,82884170715","132513,19870148625","97012,07746436364","151677,3484572607","164419,66069897165","165248,61154648222","88458,8095623103","81435,50872183788","80930,23081001558","81979,67042614368","159073,40608180503","157820,65299564434","202495,67907606153","201926,1183178243","202139,76241976145","122788,70762548773","126972,06035284144","126972,06035284144","98509,83084016546","73225,0179458335","208479,09750086913","202095,5334760626","192213,42328403756","202486,5183966316","196323,55025003527","197176,74053667975","117567,6004786984","32676,659421900633","32390,07191683153","128456,33920569022","138986,69033531268","140333,73971976998","65921,02768451249","86634,99507405302","84529,65470054287","107779,22316028317","103604,86647852596","144002,48521203583","142756,00584433283","157296,25577836586","120036,25383020805","132306,07069693747","116953,71249140771","131408,4363379512","168576,56414208043","178940,72973864936","179071,36349218836","168632,5006207909","172413,12286007142","171212,553795486","133464,29483485763","135764,5818943903","135148,6491958929","137318,49324086783","136872,9878822203","135179,61998207364","101999,10914660397","100808,66756447234","92233,69827000982","92233,69827000982","121130,7669119107","211665,81680405475","211278,97916069272","210612,32529857068","205282,13130954278","205461,1921550916","145556,00065745463","145621,96231590072","149777,30297097267","145639,0351212981","198350,76981247647","199908,70231051315","199908,70231051315","199460,7912090889","201126,88304353395","200398,0861845269","193014,19358351248","196833,98180693344","196680,1345197669","203664,7946228715","200128,08018538653","203028,24459174788","198193,4445371344","199749,90152983813","199021,21716567504","198176,6674848737","202591,71352674314","204216,230209197","195173,2338806077","195327,67544855495","202857,23199065038","197847,38144302412","202891,82082336448","198959,48733505106","201301,50127411578","198796,44354085243","204715,8472159515","202292,11035091552","198597,08444278257","151431,92431601463","141136,60189322697","148662,47090812854","181447,9766267185","175281,176378182","180938,59920639548","167802,93755425123","174468,09157429505","112266,0582048156","96757,98213685083","87502,89629440045","59197,87390522441","61733,94121782123","98345,39557589145","123917,87546148713","111140,78764510716","111269,80017251206","62283,28801740009","63628,91398490516","73229,71811430897","85123,90667874475","148984,5958398853","182790,61597567517","112065,60860068072","111462,49527669673","48650,46667385269","47507,45026739533","80178,77371654943","80043,8879242986","80043,8879242986","97237,84644598606","171409,95188581222","172243,96994437443","172243,96994437443","74945,458761909","73875,63864092788","48476,30093875963","165737,256071942","166217,05066564726","165791,23737260868","154029,1629728782","158658,55419117108","154893,60180925226","158643,1946671347","157024,9409343613","199940,78423292495","198867,93688902105","193606,7292970015","193678,8796854349","193516,91443847422","195242,08050404763","199642,07961096647","190753,7618545576","188547,92640777538","197621,9793288353","198039,6146904687","68128,94446227758","66451,78520026975","141755,9234152558","210331,4507220011","207594,7501288941","201456,54114574863","205305,73846838513","201161,4738206912","203731,2705145935","207664,11993814894","206144,9589636674","80237,84637845228","173918,40704964372","174523,52480127956","178862,23197041397","19950,991463717102","24602,045732493116","19950,991463717102","499,8477333356859","0,0","1416,672170393787","105664,63515227969","98836,73398807264","97226,68313767029","93751,89503285952","119795,24922166574","122599,03637952739","24837,851972521305","25671,80644416183","25323,763555465557","48117,21371868234","52823,65930002414","97188,42030820256","101046,44316922949","184304,90557893188","174362,0674952859","189301,07313165368","183417,94091427038","187399,71688903906","187690,70072861368","179704,25526605174","138760,09464833804","203681,8758353951","202915,50472536424","143996,68169701722","143184,65097447316","181054,39575642036","181054,39575642036","90295,11541220691","181959,367100426","183009,96239748347","180732,06230447962","34491,71933388445","32864,890666109255","110076,4683843279","110076,4683843279","96462,82958634387","99592,93378548868","157163,33278688177","67013,41056800241","62716,181946481884","61821,538556868916","114281,72909170866","153434,62606649488","153687,15931745988","163947,4784304914","184431,48892596373","180114,933827524","192919,45484850518","183922,20574287654"
836083,"117919,27564986568","117987,40826671066","88327,52569544525","85640,7030206648","85903,6147787415","88099,96265253761","78358,4751124151","76496,56985712306","143233,55190206738","140038,12855388474","106863,70364242082","105007,98955549818","101818,69480457446","105676,94989418665","131103,63537401406","132189,51233175665","112231,26646805406","116539,51258652763","37211,70662839738","35696,84233422995","191629,2821820809","182410,3799117485","184021,2610959853","183228,88211339794","185820,9343337683","194678,82356695543","66074,52320364612","69994,16677811967","192800,24346311967","190240,3162411604","189984,1971611801","191019,54865229278","193019,03602832614","193863,0770459426","191129,56820688315","105259,45432685126","93670,85049809457","93432,53249404674","106947,73604427201","93432,53249404674","60481,82234817132","166193,60852606394","173635,16080540707","166593,31542074954","166139,83072011184","82170,67027631697","80967,6727915773","91083,44718430159","81819,51244897352","77583,8646704956","75254,61693808569","81148,14736573037","84060,03445826039","121332,64359692925","121184,55625986459","119544,64219945522","113198,9290323255","138157,5575316542","137409,17152881288","110997,65167426548","111405,67983775573","110328,88459008865","112373,6641197282","132234,14623776497","131486,03820145145","95754,51559535299","150787,85656239657","163510,29577352566","164341,56700063762","88094,32004895007","80079,1811979169","79583,31461270765","80614,70720957109","158471,4552003036","157204,77496330082","202185,3029064694","201601,29583996994","201832,56871613825","121996,07376355692","126176,01475995628","126176,01475995628","97486,5688751022","71892,67800450537","207925,38745719762","201597,11334375638","191769,57646788342","201937,6248224228","196049,7669721953","197010,4843484724","116292,64284177507","33002,689381810254","32707,954638009654","128057,32101471028","137945,55832213373","139196,48578452153","64507,40332582474","85257,29354367388","83156,41474254873","106438,3218336501","102338,23250460731","143546,57394996917","142316,46210490234","157157,25461321606","118734,54458176333","130981,91709557311","115652,79257078233","130075,05327818415","167876,1115166176","178225,89788621993","178357,55861712687","168262,777701831","172027,24407312277","170816,40058123335","133213,86785761794","134582,1218047703","133952,4874122521","136135,997506201","135686,65393929664","133988,99741834178","100600,15267401813","99406,76284477273","90915,42575368824","90915,42575368824","120669,48773163669","211121,34415964095","210689,40154291474","209998,56442950037","204681,73961140984","204848,6544796795","144824,5437790212","144899,11928811387","148927,94321130167","144919,859703405","197718,13466594237","199235,03293919715","199235,03293919715","198740,8336126279","200432,0957761673","199746,1379423469","192354,34964807937","196184,70168097652","195956,086780669","202998,27881609128","199488,3830503239","202379,54499977018","197551,48630533845","199026,8077231949","198366,56153708856","197467,30702286484","201903,61756003875","203566,00821526107","194450,74302252906","194664,43630362555","202148,45783257257","197203,2530428099","202216,07292603355","198276,49881809202","200664,95110056974","198107,07893650676","204037,11211006992","201596,09741147672","197889,90916407233","150403,7768861834","140079,6756164502","147660,28681046225","180360,46109859805","174208,07185305035","179853,59494068552","166709,73671320215","173381,00124301593","111339,83888135935","95802,89263423003","86312,32069355878","59066,07689410014","61538,20264534491","98132,51390752046","125313,40759509738","109793,1457619789","109920,19297946381","61235,58667704002","62616,3822755284","72209,67046508126","83716,92173706516","148846,52104714393","181750,04858161922","111776,23130148821","111144,15855331392","47559,898917716906","46421,40877259679","79957,95377729881","79832,48854125105","79832,48854125105","95992,10262826663","171249,54503351587","172076,18823366932","172076,18823366932","74526,94032063312","73454,37294585085","47718,798289726525","165451,70930786073","165936,08787221022","165511,12615711347","153321,18912047017","157957,38328159068","154174,36362136505","157939,84259734701","156315,70174967556","199191,86615581348","198122,18119172062","192859,96980483053","192979,5811361721","192813,29373970945","194473,605826498","198896,594812038","190062,92386284514","187834,54770409304","196831,89815777636","197284,66751396906","66719,87594928892","65042,206858063015","141511,04234266718","209713,13309181397","206945,89273260563","200827,00851218437","204638,9197075049","200534,5443461773","203091,2770396672","207031,8665514935","205521,34722119995","78996,22255645484","173391,13782329796","173990,3189952581","178266,53618696026","18748,848166260286","23691,909389645025","18748,848166260286","1855,6958266697663","1416,672170393787","0,0","104290,0096052739","97436,75760388134","95839,3015795034","93068,71478501103","119359,45900140739","122121,8277121838","23431,76631580737","24264,540478250005","23912,80087904798","46703,1132058863","51442,834634942694","96036,63006312084","99984,42870356762","183704,8356535577","173771,16667250555","188663,1864766985","182809,04547770342","186774,7577676459","187062,73192153723","179052,41468586348","137499,04513598638","203100,28142068232","202325,2244102948","142814,58984214466","142006,43157016044","180790,12493345476","180790,12493345476","88880,36197600453","180789,95261816125","181845,7514699189","179567,9274442918","33259,04712776542","31614,15943803216","108873,73283707224","108873,73283707224","95190,1445616399","98260,31367563886","156808,56084914148","65758,48078523643","61429,9179752767","60535,55228886065","113735,35984581713","152887,4285325106","152604,78514952995","162849,23708899913","183515,53711302154","179121,93990577856","191942,67594302085","182998,4676580781"
836106,"60515,20434039671","59005,22770272007","104768,89534123849","103553,43749727812","102821,66176472983","43358,99035936779","38582,4222826337","37974,218346178124","73313,95440931784","80119,01005030354","29994,660408115295","36853,40107904452","37770,93527896246","73765,84032212077","126410,68758605023","125364,36852662066","49933,75096176504","219584,89862338812","86694,28569388764","86930,09990241333","133298,5699803249","122565,63062017644","122691,55276924043","122185,09992588278","125054,50342770293","130430,36170489302","69248,82760711345","39621,28564227501","148229,62863967597","148880,10700548984","144741,23165257138","145178,5379359152","146755,8770641792","148275,62658544892","145519,16472574792","60601,809475956565","23634,42891197887","21216,58696443709","23473,959022902985","21216,58696443709","69902,25558491392","142924,32744145373","144517,5082594352","140674,07505742356","139185,8027878931","61756,16721526398","73734,5765250301","65969,43998154948","51532,9680672936","59352,98143485461","60042,35395871038","61490,08274386758","62667,00734627085","36481,73495189736","37329,92482197515","35629,85830034075","37921,19462891212","90215,69630252151","89231,41023287507","48113,32173149128","49213,79332931858","49503,84169259525","48625,85380736492","66112,6410543936","65809,1211765849","25030,467335613932","92577,82130728748","100396,6937851445","101267,33571858173","99270,38286016362","54538,416780904336","56382,81763959687","52694,78290616402","123237,97346023454","121153,11122879935","181402,60391094105","179813,85142240036","181340,29474975826","83058,80526311569","85062,4923785376","85062,4923785376","98204,34484364773","33629,90982463127","167511,17858941335","166438,37985025562","162386,8654359746","162738,32276417056","178919,26617408817","187659,32170229484","25811,487387683912","109616,0512694677","109348,32582890974","117737,57982337991","68515,64606963242","58869,53227779827","47255,57474435302","19051,027884155636","21137,675082143855","59946,3555052988","22930,495455652766","123909,61149755542","124287,56772296634","157013,44971030543","23093,961264637022","30117,9458883604","21240,529050403","28318,44236490413","122274,04040431342","129330,3290093913","129524,18641315037","148938,24342283385","150697,66845194052","148953,5625042675","131659,14138110413","50269,630705861884","48159,749439350126","51394,80531785688","50608,47696006864","48858,52872061897","41395,489873739105","39899,976977100254","18534,187270884377","18534,187270884377","108688,6665254306","171018,12174829893","167050,94610988474","164508,6595995391","160976,00121330193","160141,5138777891","102543,6966275837","103335,79066154003","94948,56037002814","103664,45556626807","152397,65386873583","150337,9363514993","150337,9363514993","146088,03993692776","149626,6456845116","152555,21767133594","145625,60525706402","149734,63797019818","143362,25867722603","154160,03811693256","153333,89856213547","155081,42704274904","151495,9602506002","146072,90861615812","151153,91041166475","145876,67244155073","151445,3147450164","155979,91154000946","142208,83831425378","147299,52690580758","149950,91591261612","151022,20514873983","152729,21386048783","148750,43368309195","154597,58299662627","148079,54985864178","154056,93598414536","150527,95484072366","146419,80559268102","78812,68855567902","68308,62089839544","79387,5074887345","97820,28422536959","93795,5264020759","97606,21533051095","85439,70843482424","91751,43958454157","65827,8902144952","58787,25599870694","78005,36517807271","102012,8810989446","99923,4170575983","112837,40108419527","229448,06824863807","9255,508532717393","8950,606243977283","58471,190528119514","59766,85192054599","55490,03364339109","39579,964442347315","150712,4208870615","103384,00255292114","115439,06855489612","113166,09010711261","65047,32953021204","66030,31955861997","104272,75919242784","104722,33976192649","104722,33976192649","73364,72428751248","166670,19532721175","166810,82098798634","166810,82098798634","92099,81337190981","91722,34055799691","100782,87102180805","152992,60739786123","153710,02211376998","153438,18946874284","110599,68150246658","114607,97379940684","110262,58061208976","114409,69134026553","112697,66927549514","144059,7902383421","143403,7379607689","138821,10438302968","142892,23512572504","142392,07186561904","138364,41610105528","144092,74267393688","141135,35812309015","137386,5865073092","138558,81873213185","141913,14931281758","39368,6082897523","41013,89099310933","137875,41573919787","163893,16751403254","159016,27492939343","155306,71935889949","155553,0166909087","155267,37251509776","156402,8762070147","160437,4098614457","159828,28638260567","71341,58866488238","140803,12552067285","140809,03359873767","139223,59386987172","92568,02583678131","96859,1335160007","92568,02583678131","106006,33702634551","105664,63515227969","104290,0096052739","0,0","11455,761910997127","9378,753720791396","80086,12242195552","109764,3281480457","108377,68608400217","81074,99632447465","80280,82154785108","80740,9810001784","59008,12894422217","52862,51420966844","38679,016242169535","48938,93680795036","143306,60691734008","135999,5150665251","144331,35284285736","141853,403000046","143816,86251830237","143810,12309683432","135263,2011547032","43073,85812719155","161124,21097271077","159761,7007614945","56524,97937964793","56332,63800663113","166891,22337598307","166891,22337598307","32502,741260903415","90652,71756479132","92091,66628360603","90019,36753937471","72906,23791882436","74110,49119523344","83708,95156885604","83708,95156885604","69295,9466635066","59606,64487835456","141205,529517622","43394,37815386653","45506,8546642969","46327,527777432944","98588,31717963917","123504,66749943663","74967,00095172647","81688,11143413396","116224,28500363242","105497,4180902829","118083,08379167873","115088,16941938178"
836107,"69431,07033339376","68027,9496464037","107482,19624006562","106020,06283913356","105357,59838249601","48004,67020408596","40250,94357381613","38884,41540938256","83970,48679190325","90100,04681577522","39204,521929905124","45283,08689380376","45521,54966844475","80290,09896117076","132374,49662243","131513,57418085012","58766,616992849005","213583,56628523488","83580,20553303343","83618,44102627058","143954,65955180535","133218,54438952447","133433,19584043074","132905,71527655332","135783,7888572323","141385,77545688668","58102,43777412793","29827,938920424393","158133,01345951308","158560,3053463696","154655,65785336986","155139,52531294926","156762,1478643273","158250,33684616347","155467,55689951763","67789,73866612052","12327,00989534674","9803,967897856613","16335,50034369559","9803,967897856613","59029,161412092464","151051,5217839828","153175,08895768682","148994,19067317023","147569,9846984746","65229,17173419204","76807,59517550272","70788,64331817988","54917,67101212926","62010,97065947169","62277,50935412294","64788,902657232415","66448,03091843473","47408,037089170226","48186,889001172545","46419,13900174172","47696,16304661021","99370,1476795477","98378,3390944679","39189,452298767115","40278,02291307413","40366,34532953374","39907,47031013928","76251,9700839851","75895,03108205472","31500,17390385949","102703,49910490494","111011,62923278636","111890,98603037215","102249,86100150301","43087,79054830398","44933,62842955384","41242,80404381284","132045,00670912676","129989,76280178316","189848,27698730986","188323,82334986233","189761,7266674757","90997,32255136981","93331,41918723873","93331,41918723873","86839,01880236153","30313,564190882462","177305,50940988003","175846,17630502832","171308,04654416273","172404,1072692098","187036,38551695395","195216,33786831785","36889,084023025156","105899,71855560057","105610,84007855976","124000,72749134112","79023,99377279324","69993,0514319929","37287,83835716508","14300,062185818757","16668,955001332743","49775,5700900893","31482,48719188958","131291,32888541566","131523,08470462373","163271,47685197383","34515,88527575789","41095,914297087795","32539,292899285232","39107,3165336375","131925,8011444413","139328,51635270487","139520,29383151056","156821,0431858797","158786,1277107467","157060,1302477038","137459,28034085638","61499,46697717694","59441,98393616119","62664,992200136694","61886,04391487063","60114,14450407961","31141,364908496274","29511,77174033784","21933,651901519082","21933,651901519082","114793,26066746193","180820,53696716513","177060,08986390306","174619,42915754972","170939,41465607192","170165,1569136007","111511,87474108167","112258,1924901973","104774,0891089417","112566,88681686505","162393,7205472343","160553,91313345934","160553,91313345934","156506,6209237637","159958,81805641582","162678,56219213072","155652,65621021236","159782,55486275183","153754,47130424602","164404,3512232989","163395,03669645445","165233,66573143745","161533,6151710536","156509,92301854456","161266,19916156336","156227,11134647724","161770,42414039205","166158,44447007705","152568,8389404323","157386,2926514605","160372,17902088093","161063,957328653","163003,25532941907","158993,45715160388","164664,1629085392","158349,14043074058","164372,81688210406","160883,91545888115","156767,2253549272","89684,76605491692","79002,81912696258","90037,65075074919","109262,09027136124","105190,74840437177","109044,06054566927","96827,3980512059","103167,26697268487","73559,48705426542","64607,500515594365","66575,15101925196","101445,47261066752","99717,84762901727","116189,77784194502","222742,048158456","20692,972158704146","20402,606327482914","57766,58824319085","59482,374997255385","56981,16451439168","28132,691025978456","156647,47629467447","114758,87789724622","120128,4460249138","117937,7896827172","61964,84511450773","62825,86961849212","106040,1437154142","106452,42961186217","106452,42961186217","62200,03148868457","173514,5442780915","173720,44901109047","173720,44901109047","93746,5023488882","93248,0139585015","90424,05935075475","160327,9828547619","161036,82099058802","160746,20953058155","119798,32556324809","123942,43403928197","119557,26665774912","123755,55369883061","122017,17777735605","154612,44685795184","153926,66294191268","149264,5075209441","153119,0035153817","152636,11272447405","148930,37225171755","154626,1469359188","151267,53945320638","147583,51562824688","149252,09038845586","152463,4046330554","30980,66827804808","32674,1799159503","144051,07554890643","174020,5810959966","169241,33189674793","165342,88775587015","165824,31863658238","165286,12411636877","166526,27635078572","170587,81812582616","169914,7849662093","59890,524418987196","149692,70664692376","149747,66323604767","148609,84589355366","84425,6076938638","88092,89650197623","84425,6076938638","99209,84101544938","98836,73398807264","97436,75760388134","11455,761910997127","0,0","5125,673803758511","84618,33114321508","115655,63627506889","114658,93718924778","74017,80432529685","73193,35431008636","73585,52469096045","51124,90056927738","46288,89902713976","45159,92910823326","55857,900674115284","152850,16746243025","145239,03031232205","154176,585764763","151421,05743374856","153556,90240707502","153571,59138993867","144960,6196318573","54506,44029424644","170970,4731329474","169636,28007839937","67912,35758326181","67697,03309323758","174576,53771144748","174576,53771144748","21068,136720188017","102040,15955224288","103487,16116681993","101425,93947808012","67525,24650034016","68517,10984967562","72980,5389512969","72980,5389512969","58142,443008431364","48747,234435181286","148605,53738206596","41306,648126995955","42081,62129790664","42789,604772352286","104593,33845919109","131794,4849901956","86145,10812953992","93056,94554263556","127235,93977135664","116725,27723901132","129377,1473799589","126122,2965774143"
836108,"64571,61406423326","63195,149811286865","102668,72135300761","101246,04262020165","100571,43264114129","42910,07229062568","35469,380148118726","34235,29803965403","79753,80680339277","85528,17951273223","34525,37755657524","40387,192047930745","40518,34651862675","75167,237600613","127255,18557105979","126390,2961677756","53910,22047748835","211600,66683857082","80264,51818200544","80376,55536461883","139684,05659547905","128951,71198801634","129227,12952403986","128685,04737497856","131567,54435381657","137348,18530894618","60188,00166166295","30243,032978455867","153486,3008457835","153836,7359074455","150014,31416829073","150515,60394086686","152155,26872352234","153630,5548629873","150838,69640070514","62698,90858482036","16546,39311980327","13847,260716888375","21372,975186192874","13847,260716888375","60666,222383496264","146013,4707853958","148211,3749853976","143980,6225678249","142565,52752715332","60263,84116133103","71910,2123269539","65705,94400084126","49943,803513594394","57148,75962717955","57482,369337817145","59844,07971979714","61449,82175823595","43508,7062761573","44224,228399434134","42413,27359671856","43150,105701097076","94531,34282087766","93538,52038704859","44248,02929973858","45333,165508221275","45393,62620952558","44987,06492133598","71767,69271908423","71387,93456968876","26422,806895831567","98178,43270060023","106736,14501834956","107620,31435628847","97391,26692998063","46176,525118874546","47998,01330595388","44357,841734715956","127114,34901261918","125065,5153461119","184844,7643314293","183329,9042223988","184754,80374452472","85957,66962747571","88331,81062934062","88331,81062934062","90473,33087195687","26793,618978235398","172614,0218639197","171037,79817216066","166388,23126073243","167671,72127630285","181991,66950875803","190121,82379078414","33217,249650486156","102847,81036605923","102566,89941272307","118875,75076461176","74723,25112191192","66211,5764082113","37876,91307819321","10966,253936221625","13307,857820062276","54517,8743281208","26705,172247086666","126192,43978927523","126416,2536767234","158147,61837973166","31473,52316545422","39448,57730805321","29214,573566682786","37688,19002091642","127204,00395173277","134725,80924974437","134916,67358744974","151756,40507299537","153742,27094071696","152018,60528722598","132345,39445222553","57882,30572859074","55915,63619600541","59108,0933911736","58343,9649332581","56541,23028296334","35920,280748946796","34244,64019284422","16824,0711074881","16824,0711074881","109669,83751312604","176130,8819035132","172447,67696018453","170049,32261012978","166311,03611946854","165560,58421311516","106622,87435356318","107359,20910745545","100128,44962248835","107663,64677326435","157780,7963198495","156034,906099856","156034,906099856","152089,47654836136","155495,62890107153","158117,74045234636","151054,47783599157","155191,27555251954","149324,50280723095","159897,05667396655","158807,8795943425","160684,45664750415","156937,5499447366","152102,71430942978","156701,1622102605","151774,586437042","157303,02957778831","161620,52076129388","148122,69917408464","152811,9225286637","155954,93519055995","156469,71565074287","158510,51750230338","154487,5532289601","160078,80599829883","153856,02511212855","159899,8976529055","156432,37003653654","152312,95384596344","85619,2459303213","74820,08270141648","85807,80719234968","106111,9599593271","101840,74651603658","105868,66760689342","93462,78601523052","99891,64883814791","68509,64125824819","59483,24892250177","70009,76114967148","97341,18290022938","95514,13610933372","111286,71235157951","221122,78797827085","17957,748939853802","17771,764941128342","53603,47705218247","55213,61935122647","52304,21254852259","31268,555206791796","151530,5876468646","111341,32267744403","115078,21295707145","112880,13981041376","58580,694282102355","59490,01241932773","101393,07498840915","101812,99673769988","101812,99673769988","66229,51587585549","168391,79603923994","168599,050338856","168599,050338856","89110,30157820952","88635,2392189654","91412,29142256232","155223,2171209889","155931,54962447047","155640,0069075017","114956,99406898375","119133,1422107068","114739,9912528668","118949,35531818127","117204,98714261559","150271,96486185983","149568,8988998962","144863,89383681616","148607,8715098308","148133,21709974384","144600,42959009492","150274,22710692027","146714,89355089542","143061,09163614953","145003,835732065","148122,41741118272","30205,98017425635","31871,847740897032","138927,88445354623","169457,75530059807","164723,43702176985","160744,91064417965","161329,263777325","160681,1860973315","161964,14717410604","166036,02200959064","165335,94444370305","62937,21903176247","144772,1310364307","144836,83430726142","143803,75881766443","83593,6722492067","87696,28138958731","83593,6722492067","97582,86603357806","97226,68313767029","95839,3015795034","9378,753720791396","5125,673803758511","0,0","79565,805214132","110536,82406073372","109533,59213669115","72504,76039663334","71696,36089814502","72128,57916002056","50070,423222468606","44426,612409998714","40051,11889670274","50759,97923398344","148086,66749548138","140396,64811541472","149510,23635626756","146665,1977271869","148854,593725641","148876,45219414806","140247,6243697903","51887,40250197846","166298,89041883315","164975,23816074082","64593,254690235364","64316,5233026261","169492,85656660647","169492,85656660647","24714,483315149002","99543,53400055857","100961,18046255258","98859,32337266694","65123,31061776261","66219,67647755604","77391,19109822476","77391,19109822476","62195,57826435192","53115,73592641991","143505,49212142912","37467,03019971785","38724,79589289911","39481,82966856876","99470,90433998163","126781,25903340388","82401,71234383853","89644,53850520116","123260,57728829367","113018,7877339952","125771,49305979852","122170,41790401471"
835129,"39183,95416879588","40430,25590949274","28495,27624396148","28541,865586545377","27603,80629278873","36811,63758664656","45602,57326749859","47784,7673525821","61839,89945673292","53561,52514860828","55363,08886294368","47970,702779586536","45288,721430724385","16701,935639563315","49283,9480695972","48976,19498655756","42079,734277472555","182217,66267652364","56078,57760867837","57545,59920354979","99461,30517011414","90918,39254728581","92823,46490529877","91997,09946446099","94391,7795458032","103748,25451977023","112406,54796208002","84877,50619255519","99854,02491279012","97543,94520684383","96977,56714813969","97994,33143844422","99989,30450321591","100867,78374892959","98114,39757864003","26792,961062007387","92982,34655745441","90498,59162994196","100937,49724702214","90498,59162994196","108825,52856911694","76994,9663157308","82869,05827684808","76482,90294724752","75675,80604498542","20212,44379522335","12782,90458628404","14157,686194563901","30065,100900998284","24915,266723584085","25956,433941025156","20962,268449718034","18565,164551087317","63400,086348943085","62437,14082919664","62092,33073897742","53473,89869712726","46992,79802198269","46420,784895580364","122299,2708664952","123321,90499217091","123098,81713807101","123255,56534751625","52206,762853391636","51466,92807209529","55170,05058034424","61465,47835328173","74507,01465699289","75229,26556974092","22602,65128761078","109987,28934464685","111185,68050528728","108807,33682024787","65831,04812792141","64430,44826575778","115597,07197903635","114565,21718823149","115357,21722511991","30556,715320903033","34685,93869772339","34685,93869772339","151798,24748937011","61694,522743727095","115664,44731285473","110214,61538818164","101624,3949832947","109761,13866288065","110887,89155976246","115991,13345015596","67633,85290970122","72491,31136586887","72472,39042800499","42188,0199843499","57984,871362902464","67169,00078425657","88402,26499021314","72837,76634078413","71141,94421300113","129304,0353625233","59042,80308571228","54309,46492073814","53678,14007393979","80300,35485940603","73383,5329290836","85507,50909768515","71372,98515738177","86623,95494948866","74837,43915643156","85238,56892679514","85365,51807526311","80787,23145062872","83899,0248899029","82408,78250229743","53874,372330492624","68180,27763487956","69248,86075597462","69387,95950102653","69464,5868978402","68642,08063164781","112196,22070928909","110367,5595278116","62816,83909607113","62816,83909607113","32974,11122853009","118968,6917250775","118032,71525959548","117151,33165308711","111940,99149757519","112015,09564594274","51982,893600016025","51986,85940510366","58322,59381380468","51981,603903842806","104768,65598335899","106167,79843526588","106167,79843526588","105770,12144538408","107377,95978839597","106717,64146579716","99306,76106100947","103165,56556206533","103007,2528055254","109937,81649488238","106504,6655570379","109360,5706315808","104559,10642390166","106071,6413536569","105330,6685481963","104452,5954712162","108839,83197720573","110541,85567148351","101494,34925153338","101609,7758521893","109130,93059377786","104202,347873965","109147,85462995849","105208,7821555751","107694,72206021794","105044,74139227958","110968,39741468681","108544,24473505132","104867,63936526644","68130,24651318725","61007,63049048492","63999,305194036046","99831,93900080376","93085,91826889307","99184,48933451428","87533,06671888211","93268,77773463927","28186,414238767928","22572,150658906085","131931,14213982664","45725,96140722184","42030,87258706618","33926,24504003929","197037,0574689596","76721,56143956454","77209,51635882423","40265,89584033494","37683,11768812736","32209,121510802986","99554,55906247685","73061,9732622586","98201,45536939298","35512,55371944673","33322,40485480353","51751,99852126342","52461,03772775791","32681,255871533773","33235,076990286514","33235,076990286514","133919,52134046832","92043,28173068454","92466,48196624976","92466,48196624976","25225,474651330842","25840,774254050233","123984,30504846819","81208,4727056374","81848,30144560982","81483,41205458493","60313,718558496206","64922,632557465025","61225,719936300535","64912,420534992394","63312,4184521175","106410,77159515547","105316,44573818623","100068,16290742483","99935,33516547456","99780,61029421899","101888,73981973194","106087,92308937521","97002,586812609","94837,60219367295","104508,30187116562","104558,646210774","78023,25021415624","77966,03847544488","61227,83676020354","116836,47670433123","113925,21666989387","107891,72902536302","111577,96055940396","107613,80214595658","110104,71066957018","114078,79125559487","112615,90478164096","122682,9138638453","81730,46722545745","82220,1599539126","85622,99570232707","96407,66349432274","104581,82363397896","96407,66349432274","93719,57865072117","93751,89503285952","93068,71478501103","80086,12242195552","84618,33114321508","79565,805214132","0,0","32999,727257098784","33597,809963301486","81655,9185464943","81511,19674387995","82225,03323052009","79006,37016811722","70412,67685491762","42150,84077574311","33951,33801241221","91005,5341727057","81191,77455750771","95693,44816391343","90034,66169655956","93878,02445433674","94147,32233923058","86030,3130842071","80166,32163353571","110535,40300192688","109677,3299538236","74665,55055302523","73595,37243362868","96579,48456442633","96579,48456442633","97229,47576506187","106669,91474793537","107177,95626389825","105075,49464190063","66972,21786665353","68722,57166120478","147659,54042686318","147659,54042686318","130538,91581212361","124985,03687924094","70387,43937534536","52849,280334520496","56951,30868777358","57136,31299610601","23382,629983162056","61096,70525611392","73936,71977307239","84379,48243033457","94264,96805025851","93161,95222356898","104838,8858293749","94028,36884151788"
735149,"56387,298839073825","58105,72198646376","33448,33723843338","35846,523050316464","35251,17208453687","67768,49597796687","78013,1460017268","80348,6626969838","69438,50150529535","57200,05765465723","81989,71272739503","74369,57792613289","72558,41909705315","36250,62648755567","16720,23327089384","16060,454122439676","64163,53025440996","192639,31314469592","82444,22188083708","83980,95448314691","84423,58406846217","78563,34008439635","81057,51606771233","80220,12410703998","81904,7894571933","91743,41438010795","145217,6327509149","117842,69220089306","76996,05643689224","73357,57707144895","74780,41253012524","75988,48937640883","77972,5884605321","78411,07958391042","75975,15092026794","49984,0648297128","124848,62790309142","122279,60608027724","131803,06379276037","122279,60608027724","141497,61833185243","46838,62654417501","54533,089003541296","47319,087904003056","46984,31186635019","53057,27299190832","44878,58467717538","45366,68121102505","62438,54879068903","57903,272593816524","58943,18544455479","53869,248939361896","51264,64405229426","85949,02933868734","84830,44898161796","85107,88247259858","77442,23376712218","43461,70162630756","43593,01040325662","154119,89839125512","155166,16580312498","155021,81695915104","155010,60778171167","63715,422992757645","63205,770845321975","84824,26725563995","58303,686477964664","69500,31335436602","69912,13760306894","31762,25530799074","142961,64753334667","144172,4589661959","141764,7765388526","42873,30568423682","42336,589406579464","83986,02280394702","83152,10326356828","83696,41978219926","34011,452042312165","35519,12100007764","35519,12100007764","184705,3013797727","94506,1028720812","89727,44991601545","82590,79344350731","72420,53411177514","83689,66243848293","78717,8650937478","83082,81811926518","92894,1662255823","93068,39160287769","93158,30031660054","9308,651823400816","67948,87219689651","81325,0366775092","121394,75428485188","104788,13179720774","103252,53366851698","161790,83163654778","87371,76563451259","24276,904419045048","22962,066009144775","47733,69741421566","98797,50413286238","109216,1405535229","97417,29288958671","110852,31846998699","56613,53282344585","66904,33109192697","66968,14047512165","49356,06715395152","52907,83717905151","51607,71192869738","21896,398411720274","85611,92520751558","87404,68772733191","86386,80380282766","86746,44217007975","86567,69118205029","144342,17346151467","142521,61685842054","93726,77197555137","93726,77197555137","2636,5062911246596","92732,97878109205","93261,12625719783","93231,22156457229","87614,419891936","88127,10876928763","39614,743087839975","38963,39260743485","53072,777878128225","38681,98003105256","81786,96450943814","84824,24290463736","84824,24290463736","86464,03852146097","86891,5122883599","84460,38549555918","77609,58322192274","80899,3980345751","84022,55610901542","88181,04909119739","83761,58984314886","86904,10172277738","81955,71376179889","86893,50801222149","83222,8374374681","84728,94718355234","88013,87253870926","88116,26692170961","82515,06855523483","79978,31371285982","89182,7441649398","81696,29838187696","87794,13722248284","84295,22432404317","84799,30103984963","84412,87285977088","89680,89708904791","88066,59856993076","85027,72007838299","73422,2415950709","71036,64393906768","68629,20313511953","102110,97703721521","95582,65989109597","101402,50911888914","92578,68329525743","96704,27877174449","46584,99521162404","51105,42068074469","164910,4967193487","63192,203003396084","59834,583861557614","27611,21669301693","209137,8407332047","104973,70708857478","105485,04473014426","72754,8033873978","70128,29101700932","65204,15361360711","132285,87405678345","41002,67177720367","97600,83564248803","14547,248587615368","12920,361970043188","83076,571852439","83627,99808419916","42356,68034539354","42713,56309997633","42713,56309997633","166886,7557262445","59065,634458170476","59474,03501525562","59474,03501525562","44858,588600822244","45924,63379185078","154813,0012963269","48536,84291166102","49149,771724959566","48769,03084300794","44439,100024870306","47890,27669899355","45949,15009069155","48019,238154309634","47031,82709417821","88406,5921311406","87223,10303286958","82326,91441078042","79962,956306826","80013,46628362949","85096,96170519399","87940,30668992597","76780,7868929272","75792,04730067553","88614,58392102602","86943,62393466286","111010,36498197835","110964,2919731409","28512,80278054307","93084,23919634071","91366,53194455206","84718,68105407762","89786,83614185118","84346,02752084934","87288,91607084012","90885,39385929328","89126,62403455062","155650,02567124466","54975,8029878724","55691,25522819127","61589,92464840583","125668,97998729536","133973,0777758649","125668,97998729536","119668,2622358347","119795,24922166574","119359,45900140739","109764,3281480457","115655,63627506889","110536,82406073372","32999,727257098784","0,0","4658,5152993590245","111573,4499882465","111551,16789485012","112242,16153217216","111421,76438934026","103083,88604418332","71089,81904053524","60995,88474800971","67027,70643160449","57066,004081097584","73175,45126956156","66449,55150925058","70865,91586738681","71254,77078376847","64513,647839873425","100049,90585483995","85561,4032026476","85018,00828261266","89863,31942352653","88826,5876201786","64039,88588448334","64039,88588448334","129626,53078431368","113508,72713843145","113560,56331091585","111806,50199868449","97360,22516412915","98990,6099619087","180578,77258590164","180578,77258590164","163479,99204283254","157724,7674574849","38288,654097382234","85847,92504893716","89921,57012061292","90087,0241168214","11199,934989835396","35449,70300100317","81608,5316094458","90505,2541665854","86353,71024905713","90261,70204570811","99253,16655780775","86623,40651555239"
735067,"53554,01873235188","55289,48011197932","37324,68271587011","39628,18680552445","38979,689100075164","67010,6822966126","77755,70398624726","80175,6674326777","65465,698960897695","53077,968109919755","80107,7447694312","72524,18107550725","70894,0428347033","34616,96579695651","18316,974669380954","17013,74709069915","61792,236504717934","197029,92588706544","85055,64695880002","86589,8177245614","79914,05383362","73950,57410569182","76435,03259275647","75596,77782400217","77300,45194042007","87140,18434694786","146000,52616692634","118028,57739684035","73094,12844689302","69621,7356126956","70789,19571879944","71980,29898343426","73973,6037537183","74465,37606545471","71982,2085967307","48110,75545423522","124159,37158942154","121557,19418644633","130704,1174041428","121557,19418644633","142417,07608891206","44363,736941270545","51519,99908103344","44498,85041902531","44018,00307194532","53258,15175896727","45949,71788582585","45050,03915009676","62260,283522514364","58282,77565498278","59485,94137167276","54127,251553991104","51374,30246203844","83375,4535092885","82244,61443639935","82608,9417389359","75161,32501893575","39084,74832323487","39255,2463262582","153358,43912689763","154414,41793856156","154308,31540374112","154217,50776508983","60143,08756322359","59662,63215467419","83563,75958404789","53795,72804380172","64890,152119904575","65294,31832448784","35167,77601701122","143152,0341587726","144407,73816115723","141909,4760308135","38757,15092144553","38115,21698692707","82274,87588973278","81336,43923354754","82012,22275342772","30540,63051484481","31698,364897914926","31698,364897914926","185352,6875471277","94494,03201106985","86339,89818148495","79526,10749418891","69736,26085027534","80307,6608145514","77349,95689010853","82529,28340628922","90684,84001921541","96491,86675265302","96570,46772146218","9361,392822064774","64183,01959597532","77806,36842303113","121841,07239836466","104189,75057576789","102736,8049649721","161398,69441195636","85783,96763657762","21518,24506068563","20514,472142302006","48656,56299662068","96575,55666447851","106661,11074649348","95313,98103375545","108370,19533086187","52178,613163000344","62525,696769633185","62594,14319679164","47480,41315942513","50819,278800663415","49426,388087664884","23840,486197591264","82397,54797207205","84257,56721109246","83118,4084616414","83506,21039153315","83401,02996663272","143759,1604375114","141945,73006086433","92771,39852774265","92771,39852774265","2057,5330936578935","89409,55782212465","89686,16612815895","89528,13496092902","83953,6583045565","84403,8289138399","34960,92817308608","34306,14036208018","48519,45963577178","34023,9281221384","77919,27731223004","80776,05884665721","80776,05884665721","82229,27217241883","82763,56450867203","80513,12222583595","73573,40370079593","76940,49472195555","79754,26709534311","84188,65775388245","79870,81199608376","82988,79665951483","78041,21385721712","82649,46573955195","79253,82402821709","80524,39990100283","83922,65399186008","84201,15661025324","78241,63368090069","75944,00174799781","85011,63117743754","77768,98645365363","83756,65262399153","80200,87386860176","80931,29745230004","80291,03563205355","85642,21267792754","83941,42548524876","80834,32990246861","69252,96323446164","67242,41823131629","64454,43105869573","97657,39721682509","91155,62071511381","96948,01429966358","88291,6207844059","92318,04964534267","44196,77052669088","50061,28034333791","165396,26438413688","66703,86792482834","63272,34207554496","32046,749013810182","213452,1241442866","103264,70464468356","103778,73550205633","73774,6463685717","71168,78028578818","65698,49163333101","132127,39629412306","42448,819274663234","93050,11215360567","19205,199598664207","17557,215752148855","84610,11700337533","85214,33232161334","46157,62162644077","46539,36655243358","46539,36655243358","167041,35382100113","59187,14012151356","59503,678013432625","59503,678013432625","47808,13970881996","48856,84256730714","156616,1591180924","47636,39559263507","48283,95149989123","47925,19648387359","39829,99644640044","43342,350280993334","41329,652690347895","43465,82542798808","42448,61015111997","84077,37989928121","82897,01245618888","77962,50570509073","75764,47738966165","75797,08656959802","80680,27004466478","83620,06689829548","72593,20640132278","71500,90935327906","84156,19439919697","82583,72583038396","111274,62916884503","111299,40959645381","29498,749951473306","89356,94046033932","87477,63204155116","80886,23224934988","85803,26349346906","80524,78177179558","83419,1777166201","87075,59466684388","85350,97688189123","156176,83166415067","51589,84275500172","52263,477449663325","57770,51389887952","127865,972746914","136152,4293502114","127865,972746914","122486,93324357527","122599,03637952739","122121,8277121838","108377,68608400217","114658,93718924778","109533,59213669115","33597,809963301486","4658,5152993590245","0,0","113583,2323812928","113529,14863199065","114227,49098159691","112518,26775444034","103998,6851621043","69783,27514157591","59459,20131351122","63230,849709704176","53230,938279474416","69215,32445285199","62594,34615831318","66956,73486314273","67332,19775590846","60397,98853238942","97020,7364175831","81994,9383304903","81399,58711399585","86380,79475597563","85354,76682272756","62981,90918693282","62981,90918693282","129214,60182241815","109257,28145849782","109282,53418851396","107553,34379772871","99213,13242076532","100880,11577846983","180619,46158698443","180619,46158698443","163572,99373670362","157547,86362914802","36823,93008609772","86218,64625413466","90471,44457420464","90681,70372902803","10392,194313116357","31643,702665833203","77544,41815708521","86290,73124915523","81695,19609775962","85660,27656066456","94601,05882459041","81965,4808513217"
836109,"100408,50330423216","100228,99499364122","84158,67005521967","81542,08354722182","81545,22745112794","69102,6005262384","57986,72296469872","55802,41801674758","125124,15005153573","123433,48812901287","85813,46965294139","84834,62842464245","81859,11468534677","91667,31199079409","125302,95058447741","125950,66149732625","93511,57740715257","139887,215331243","32254,566900003258","30920,63124073712","177008,34088126922","167281,69563986317","168655,5241244413","167896,9883940399","170603,7014488148","179006,51463119168","48404,00768776678","46785,81644417119","180906,38774485138","178929,90632450723","177882,32297044902","178824,77708902917","180790,6879525456","181791,45589419","178983,8411517411","88752,00702979825","70377,24505873107","70066,78578558269","83669,87207580214","70066,78578558269","42854,09034409466","157904,59092019298","164361,42409859583","157748,1615742579","157056,18073741693","67023,6845371497","68910,01339283663","76542,50768141686","64337,6768415388","61888,6730097366","59716,603432647564","65957,06605860924","69079,41090093205","100252,43576139149","100212,41749555242","98490,81644792511","92798,08144913925","123587,71994419135","122754,96648878252","89122,13119432809","89615,82180459899","88605,65140545987","90494,31908833742","114232,23148641677","113515,36237426779","74241,74917741455","134949,23277830426","147255,24733964782","148119,35215507445","82367,63975322856","59475,040859439076","59281,80398169121","59725,3141282046","147351,56968090258","145864,90548055322","195544,18055679562","194725,52881646823","195246,4068205462","108092,7723132644","112157,27494194904","112157,27494194904","84815,72584621752","49322,86678889703","197239,19514043344","191857,67482260402","182996,02269580157","191365,36703793422","190056,53964302412","192788,40727214798","94410,33725986429","42830,12441972377","42481,15076248557","120733,6371672078","119695,58710079109","119375,95393968587","41748,33325575894","62024,287415289844","59976,14562326663","86030,09184921015","80642,54675078158","135037,0480083557","134097,44332690377","153759,4241193234","96449,1744495254","108360,65519932733","93386,68997244227","107332,90779070828","155036,74525081652","165073,5371152555","165221,23153730636","160913,39048015585","164373,97018337424","163003,69450132575","128294,22568431389","114063,63272408793","113220,83668811561","115610,14917294403","115102,23808610182","113344,3058959509","78394,13271292779","77089,84868176332","68471,78991341694","68471,78991341694","112427,28227012973","200569,04386563817","199399,7255115979","198316,4095767404","193247,57673304647","193214,3398417629","131676,902980932","131895,13064936904","133771,00552442772","131977,15449883614","185794,7420514797","186629,94326049968","186629,94326049968","185380,96325797934","187474,74424438484","187494,17360387556","180016,10847144556","183997,04690239416","182544,3880905622","190489,72620569426","187438,8144830876","190166,1319521375","185476,0129865868","185614,16174777065","186078,04258650405","184287,6213016969","189047,83358280742","191321,1620923335","181072,8367038453","182256,59605384","188953,36995818123","185094,1919942029","189560,6350376977","185524,08868886472","188660,2975617624","185251,18341293785","191323,11389608702","188612,47935393825","184743,66782671295","132286,77668752376","121556,23859909478","129984,78472843707","161160,9235636257","155257,14978721208","160695,156832685","147469,41658554415","154212,2483007475","95299,80068291962","79521,74566416752","70095,78484231675","58893,23308131962","60113,380728770026","94624,73627613005","148724,26110115973","86892,89252667545","86994,65026155682","44311,95855412695","46318,14191109598","55360,41014961929","61241,083219963286","145567,5979821214","163286,43712088466","106620,78388418855","105516,22925602856","30683,538637971553","29757,587021322142","77002,52255821833","77040,71423636487","77040,71423636487","78214,04401590682","167344,73774245457","168041,03297145464","168041,03297145464","68479,18636687422","67416,88690172942","43619,281564394725","159529,10410760093","160084,64271050383","159678,20312018413","140481,92131901163","145188,94920298405","141139,20658593066","145135,25033306994","143427,63957690002","185356,7194234702","184344,17889219776","179093,81401483447","179990,00655063748","179753,81792747162","180343,93666035566","185118,9890309479","177229,47309457083","174644,4896131558","182337,86945763844","183361,01804608392","43296,23724976967","41621,67030505282","136557,00253997257","197957,87035838308","194705,31916389766","188936,5493491528","192116,65039795885","188688,46774336763","191016,60079284047","195062,6171406852","193701,79966519837","61675,65467704986","163378,80114968447","163874,50231698988","167081,60279067958","15177,07078462988","23042,226296773817","15177,07078462988","25223,477539128577","24837,851972521305","23431,76631580737","81074,99632447465","74017,80432529685","72504,76039663334","81655,9185464943","111573,4499882465","113583,2323812928","0,0","851,0291922774946","928,1478970631091","23369,8146172937","28236,170390532465","76301,74438170336","81755,36592708567","172407,92724873434","162700,55013946266","176709,22852550642","171372,73516520706","175046,16809520815","175282,62267500148","166933,60332804866","115762,29590827486","191983,69947475512","191070,4739589572","122267,81212228072","121523,49091108236","175075,61003483654","175075,61003483654","65951,85238327402","160323,09068526528","161455,46822229898","159184,3921346811","14815,070903410013","13000,010833641763","91950,64526758916","91950,64526758916","76737,0937128804","78155,34147170644","149827,70768595565","44617,92563046699","39776,991631507815","38903,70824828035","104183,3667370395","142738,7587468925","133598,41918638226","143544,31986511758","167043,29921132926","161428,03774425306","174455,8719791482","166402,7350029435"
836043,"99960,27090882193","99768,27652465057","84305,21668065945","81695,0251833049","81688,39247921445","68597,16367422552","57409,78637883322","55206,90238030711","124635,30077397822","123019,19089233267","85177,0306225478","84250,99571866247","81289,41895658386","91394,52270453761","125348,98826335104","125979,39362966774","93004,2862170545","140730,67422907567","32553,855602732918","31239,40634464761","176669,35047338667","166922,28323591396","168285,05430147526","167528,23521464804","170239,48863640145","178619,81915546095","47730,52777321285","45935,55034658199","180684,33613087062","178732,81422191946","177652,2786433837","178590,55558352283","180554,54177937683","181561,68495219664","178751,65464666416","88361,72025867982","69529,38432153649","69222,4221003629","82821,695915051","69222,4221003629","42192,144112895374","157837,32573702376","164252,3405027279","157658,71160155116","156957,38632633258","66724,81227251078","68755,22326717874","76260,33793281151","63921,5116222321","61570,32866612782","59410,18064253042","65657,6334725252","68785,74284770017","99609,52237237373","99575,99502382602","97849,9866117977","92197,75410221925","123268,58068598631","122432,36617688555","88288,20112490121","88783,81877571427","87775,31135440015","89660,19110988396","113752,71976226768","113037,71840111716","73580,52350558697","134566,8669907742","146849,4405583149","147714,83277142493","82457,22293338407","58683,06423745407","58499,961192405164","58924,04481749274","147172,77214086798","145677,4520441729","195529,7373302898","194702,2294942169","195234,15875661836","107812,50763325956","111869,26001603327","111869,26001603327","84289,77811046889","48595,413615288046","197063,41129735968","191721,76909173428","182901,27777857115","191195,6358604336","190068,42159299203","192866,35037433237","93718,5019494074","43506,18330123989","43157,28255478888","120723,24917711347","119201,46302761868","118799,58763762571","40900,70738533645","61229,813823649034","59187,9755425518","85235,91941093735","79966,82021493452","134971,05187773597","134043,58615792225","153881,10345976191","95729,61025305466","107615,34146285063","92669,01929103525","106578,55528664443","154781,928441251","164802,0644234897","164950,41068882524","160882,10430447437","164329,49490283683","162953,42614932416","128372,0181589093","113449,9143614583","112595,12488810562","114995,63135926107","114484,51337658665","112723,5640973222","77553,87668807972","76247,46790310447","67746,98728144646","67746,98728144646","112386,03234755294","200398,00706242115","199198,5573372518","198099,14269622936","193041,77645874268","193000,200504949","131417,71378612545","131642,15056169406","133420,64974875472","131726,82220211255","185570,22825430092","186376,3816118014","186376,3816118014","185095,31655285013","187205,94213513308","187255,39515097087","179775,49871763212","183761,82592110825","182257,15184503363","190239,38635248184","187208,5938441794","189928,36379874023","185245,17022924675","185326,1809863206","185838,05194604502","184009,9980498011","188783,02400618995","191081,80381378435","180787,40910977047","182012,47082274887","188674,0297991034","184862,024379131","189304,25835071484","185264,50285176004","188431,68055953644","184987,23715030294","191063,85002071675","188342,29554013262","184467,37900573676","131795,3392256459","121047,53785249684","129515,9891656196","160608,39019202028","154718,32252776678","160144,80045544874","146917,27257896727","153662,5039113248","94927,70636937906","79150,83190768045","69452,52152037436","59232,8979642852","60406,48408843889","94782,91655655828","149548,98443168603","86127,94079083575","86227,52722740972","43966,31504300415","46001,94389364166","54992,836085868126","60396,819918874105","145697,32310561376","162770,57768399082","106705,29062200656","105583,60434106273","30398,166432781232","29491,47767313834","77204,9565364916","77249,06232297598","77249,06232297598","77508,7940860716","167442,38358553968","168133,59096782634","168133,59096782634","68580,05391784877","67520,3757872972","43520,79217533978","159553,6159715398","160111,66416908178","159706,0899221838","140232,4504249549","144940,70672312766","140880,93520260503","144885,46047646963","143174,87997465575","185050,44704759374","184040,62254489257","178791,9830289307","179721,58654562838","179482,4500516628","180025,89551822733","184815,27742068257","176968,44524003047","174368,77489207732","182003,3154636627","183051,32455653048","42459,000000629945","40783,53306072533","136628,81371236494","197737,62569245198","194465,39099854318","188712,6693786833","191865,36589449068","188466,50990128","190784,49017064192","194834,0348424047","193479,80015626858","60999,306460447784","163240,01424654564","163731,31018164175","166893,15934645932","15554,309061091331","23299,718920597577","15554,309061091331","26059,47909988097","25671,80644416183","24264,540478250005","80280,82154785108","73193,35431008636","71696,36089814502","81511,19674387995","111551,16789485012","113529,14863199065","851,0291922774946","0,0","722,1123823991925","22521,712991575572","27453,90583752901","75748,4014650779","81281,69383308783","172213,2164347178","162518,2702417729","176485,74354258366","171172,49668945064","174832,626767152","175066,84945065333","166705,90199343013","115075,77183083152","191791,3793601831","190872,639513105","121650,58244975508","120910,01981017376","175102,57730133663","175102,57730133663","65101,21948444548","159703,93247540365","160840,3246411507","158569,91335244646","14589,024758895877","12800,204386706162","91267,95767832955","91267,95767832955","76009,2797019654","77372,48099241476","149815,2757586399","44004,72164989538","39132,108598089726","38261,7103451556","104095,00870132085","142602,31411694002","133061,44055371382","142989,6232860954","166622,331445399","160950,2562710138","173985,52452947618","165976,1396730649"
836085,"100662,98547943994","100468,00567131187","84941,00837197244","82328,16487969506","82325,52102099165","69284,55318941873","58069,43323203416","55857,50714557625","125327,19375569292","123728,72401306064","85803,17615677317","84906,68239754261","81951,73343515089","92116,62952757461","126021,0740731076","126656,70409008383","93690,68917987043","140417,4131219076","33114,16109223206","31788,40103248122","177388,58222117118","167639,58451028357","169001,08399550128","168244,4734056723","170956,2535798818","179333,68173196664","47491,02033158673","46195,34288493277","181405,31095152535","179452,23422944406","178373,61226692365","179312,05100960218","181276,106021415","182283,0089675846","179473,0738090969","89075,33393837085","69816,93111154583","69535,64038818137","83105,74637742626","69535,64038818137","41937,79771175728","158538,57352967266","164961,2426077678","158364,2218968744","157664,54983917568","67446,48906524245","69470,23023205492","76982,37253525449","64631,1467554225","62291,19749538504","60131,611696499014","66379,29504445673","69507,56372359255","100231,19002335545","100201,87043811672","98473,0502361998","92844,78842070472","123989,25755390391","123152,83773160393","88374,83003335715","88862,47284725288","87847,42663104134","89747,62771664842","114447,37472548141","113732,89877254976","74190,16746185347","135281,4206281055","147560,38130569016","148425,98772436567","83114,57681511434","58644,618602515395","58438,81996610463","58908,16041611451","147890,61157271673","146396,06628195225","196219,0388671273","195393,72846636755","195922,90328012602","108534,55062092758","112591,17058845362","112591,17058845362","83889,81227880667","49148,68746697383","197781,01467949737","192434,71980475078","183607,78141798681","191912,63096712722","190750,73946263676","193528,29222261516","94303,54406233893","43744,73661652077","43395,75076589927","121411,3002959","119891,80281528324","119458,29111482059","41069,64720129178","61690,34993238309","59659,77872029558","85201,8411633571","80565,37177582666","135671,97891425935","134741,96185113877","154527,15242025082","96288,90191540388","108146,19809799765","93230,27585703187","107098,29149965908","155503,94311663785","165524,1702593915","165672,51876538855","161575,452354951","165025,89183847434","163651,10334746816","129033,80121851157","114089,27592309716","113227,46061261327","115634,51857674525","115121,55884393232","113358,86541054818","77670,62852677479","76376,13244243602","68301,82205120947","68301,82205120947","113081,52237608418","201115,14307692085","199918,28802626315","198819,8783124999","193761,82056893958","193720,7593805208","132139,77818263366","132364,13039605648","134138,9227776295","132448,75327190474","186291,3233348241","187098,38270137797","187098,38270137797","185817,25208620887","187928,05395692962","187977,0481634741","180497,20547993778","184483,3590185758","182979,05489831636","190961,33227473858","187929,938410249","190649,9852444935","185966,5391094185","186048,06691633395","186559,74194512027","184732,0572199903","189505,13152419133","191803,4759687146","181509,3498059925","182734,27561946452","189396,0680709424","185583,44510807344","190026,29934773553","185986,5780008737","189152,95916024328","185709,34128268276","191785,92270212923","189064,40474055347","185189,45166370878","132486,41796868356","121733,22254060209","130213,46301172077","161277,42836648258","155392,94185455673","160814,7493458902","147586,54599477438","154332,738751079","95643,72161347205","79867,07297528337","69174,60197403767","59770,49214944149","60971,38157555787","95414,02422364429","149162,66298282324","86634,11456960063","86730,66830531262","44685,45838695652","46723,01423203853","55709,676779368616","60537,97970590065","146340,23598855903","163453,6158957734","107364,64101400052","106248,74356553795","31120,23737092379","30213,52484076707","77816,38635176944","77857,74051021715","77857,74051021715","77312,95930185798","168097,3784742706","168790,40099969017","168790,40099969017","69233,17699586847","68172,5263365705","42863,723492452125","160232,28132627247","160789,60199736012","160383,7737638403","140954,3670735478","145662,59886012506","141602,99158189847","145607,3851503203","143896,8594302144","185771,72935516245","184762,01923281018","179513,44967583916","180443,6987591972","180204,55566878326","180746,58719609806","185536,66752149994","177690,53166556312","175090,85365362576","182722,8968069062","183772,45199572918","42809,90254647705","41130,86005794212","137292,650932381","198458,51761572558","195187,08143853006","189433,736062266","192587,32957837518","189187,4837104087","191505,91078609874","195555,31434512607","194200,77818577547","60763,34190121797","163953,31644064168","164445,1925475638","167611,8807483151","14842,598772435449","22577,624206171007","14842,598772435449","25719,113244686276","25323,763555465557","23912,80087904798","80740,9810001784","73585,52469096045","72128,57916002056","82225,03323052009","112242,16153217216","114227,49098159691","928,1478970631091","722,1123823991925","0,0","22814,238821530136","27939,992522292076","76417,96324535848","81978,25616011175","172932,44940963577","163236,44947693212","177206,78586145447","171892,14240194927","175553,1411409966","175787,4912630201","167427,13182179225","115664,90813824337","192510,43876628016","191592,12339588066","122287,83467096685","121549,43808410258","175780,57090527876","175780,57090527876","65309,46761176916","160339,7526876624","161478,46812711906","159208,4520698595","15309,091569918233","13517,944755119406","91040,18184727135","91040,18184727135","75848,07584767402","77312,95930185905","150503,96040866707","44646,493085289556","39755,07249083275","38886,653274256685","104800,14551348852","143315,2637114293","133736,90141741175","143657,8447870067","167330,4987091042","161645,1673609172","174682,4214738987","166683,2118969651"
836086,"88466,06557003767","87923,62513414636","89270,33190441171","86910,50008671926","86658,12957673229","56444,497653628045","43650,0655628975","40989,23203010983","111588,47480836234","112063,74340962661","68527,02521519565","69197,75719694716","66730,31916817643","85045,69642286011","126756,15033904432","126922,38281999672","79977,22932255088","163229,5019185565","44522,09266376538","43762,6781220711","167212,58548872697","156990,3236759293","158043,7472633927","157339,24244764628","160151,8098814875","167865,84098315763","34770,28102602875","23452,36388670263","174333,63321021502","173064,5855516944","171111,39709691398","171930,47792983465","173827,77988243752","174997,82864618284","172144,78654334997","78816,7066242841","47007,761191647376","46729,4213256707","60300,057487347025","46729,4213256707","30391,089441997126","155821,88073312704","161059,81887714728","155055,6899108985","154113,24833390224","60715,247465069406","66590,68074903631","70220,49566616469","54699,60108310207","55345,76902102208","53684,46843266826","59697,555658131096","62802,63487308935","82529,23320811066","82683,91192128499","80854,54128113315","76478,03078000984","114930,13687718894","114012,53877721234","66985,67815825998","67573,63334147798","66650,82208495874","68341,69163359674","101119,41002816723","100468,1509457413","56444,83786337638","124335,37714797576","135839,49007048502","136731,36218281282","86042,11161145086","39807,32692772736","40108,83804268919","39590,55601655218","142302,64417936857","140593,1624549589","194591,41666513318","193535,22391428327","194355,97530607533","100829,66953021743","104588,74997126835","104588,74997126835","74421,2774636972","30214,113586664313","191830,82135570637","187587,206111473","179926,92069434238","186164,18361421168","189865,14640364246","194386,8348750921","75293,22768261837","62117,36935168523","61780,888610640264","120727,96942416689","106078,79572243421","103375,85684217495","19128,418118536116","40115,40629272083","38306,788841082016","65740,80943053821","62237,81234343903","133273,40371975297","132681,59349802803","156888,24784293267","76477,89296490725","87546,88221126767","73503,09862991101","86266,55059202366","147783,41832999105","157258,2748544711","157422,8176271603","159788,86425639753","162852,3853153296","161336,3338977841","130561,33384282589","97033,8306880331","95849,17666056292","98539,98198888272","97943,86825872544","96116,86433711695","55969,47222581897","54546,65280890717","48751,77530488284","48751,77530488284","111738,42186974602","195270,208420135","193275,86661087954","191754,2910492682","187035,9819047388","186772,20521073494","124588,55612749241","124978,06761289769","124080,28758562487","125133,25653398986","179117,18925587882","179140,8827899174","179140,8827899174","177009,90860512425","179556,86073678697","180409,0098499488","172935,23431094893","177035,76634775026","174149,3065753909","183063,28756640613","180591,27100787716","183090,35673357276","178625,32857724503","177176,63488427503","178969,34987873863","176147,18529735671","181229,92490042193","184193,4450448928","172738,75429035013","175061,1671370245","180732,88550845796","178209,55130715418","181973,1346399047","177875,70369416752","181848,56515684092","177483,70333554095","183643,64708947908","180648,4272526815","176637,05674270578","118592,46299833148","107492,79759990043","116965,80527327993","145491,82357774122","140012,7433882912","145090,1386816461","131904,77520205462","138666,9772310706","85707,71671974883","70481,96915041715","56183,50442034071","69906,89974039794","69940,33468393805","99731,3087830542","171807,66504140748","65651,31475383417","65687,50624708856","38747,67189230934","41349,511560478415","47871,4781744806","38667,722459223565","149007,00629197876","148634,35401544467","109472,0707808011","107931,34060800228","29687,117794140544","29551,99057141686","83817,25705429692","84005,95891048209","84005,95891048209","61673,67732722277","169684,97657721466","170236,19898092264","170236,19898092264","73043,52439337301","72103,52805312235","48565,72227455974","159948,4595248815","160566,95103174058","160188,3526268868","133545,9741121559","138229,14755185993","133948,30073606953","138132,79691314377","136362,71709254125","176412,62509347775","175482,60280158988","170317,97866758093","172136,80690170857","171820,45779639942","171107,68147103928","176247,720989691","169602,96402245777","166629,8631744032","172627,76435433255","174335,64014890234","20164,002660064405","18471,29915016988","138540,67847345953","191315,667001903","187539,30297651337","182254,12335194525","184653,08541856645","182061,0350407236","184091,7570818768","188208,41567604156","187038,82864039205","46913,643421604786","159265,81007196446","159634,77019348444","161557,57591740473","33560,72143718708","38312,26289723325","33560,72143718708","48520,07007844682","48117,21371868234","46703,1132058863","59008,12894422217","51124,90056927738","50070,423222468606","79006,37016811722","111421,76438934026","112518,26775444034","23369,8146172937","22521,712991575572","22814,238821530136","0,0","9464,424516740666","61853,68133776042","69563,57104322645","166662,63007420726","157389,0552261298","170129,74892991126","165483,06206736536","168756,22877178172","168928,79651578402","160320,4941313243","96594,21870523349","186153,66235770733","185094,22042224085","105051,73887466041","104423,39551117478","175416,0742536323","175416,0742536323","42807,2874373096","142790,6001903463","144029,48666364385","141788,61922864328","22583,616952032313","22507,27714206837","75932,95844245228","75932,95844245228","59352,44684753","58464,62762220702","149342,10597398365","30213,976304474094","24857,2122385422","24241,060255710192","102386,3219043767","138922,97448518747","118585,24434396824","127937,58362373266","155029,15678131874","147859,62804870258","161007,75462749257","154235,5437142251"
836037,"79016,1604535007","78486,05385127894","82421,13427466263","80168,73353774879","79844,43097962723","46986,113673384585","34233,44623943114","31596,262759838493","102257,48410793986","102609,88626979716","59725,57435849593","60046,16903349754","57492,5552668201","75828,87487443829","118678,94755043993","118741,17291404321","70602,10331167943","167301,91282561515","41754,51447065587","41294,48114943782","157748,2381670365","147527,24312255916","148584,68136467927","147879,2465868596","150690,6665353208","158421,1896976611","42223,42420596954","22594,378397658875","164985,36748124275","163770,96745861662","161751,6248916081","162562,2697095622","164454,2748690325","165634,39976147772","162779,989142031","69375,21376177116","44372,85653212107","43562,91916817187","57521,73546210065","43562,91916817187","38423,077778872335","146998,92195017004","152054,658156568","146143,93292180315","145167,84270000912","51692,4995226627","58206,84126942668","61115,121620329395","45341,52350214736","46350,33883538089","44795,53672304086","50693,005761777036","53763,653323445884","73899,98816744871","73998,45244909328","72194,62572388396","67478,44822652868","105504,90151859491","104584,38799798838","67692,45529569965","68404,09257698308","67616,13574511316","69002,99150191603","91741,6885335032","91084,93604502824","47729,72167135878","114872,17905314715","126395,16776707764","127286,4284380424","78828,67111144013","43878,91941704047","44540,739599531524","43286,55813198236","133118,15411651402","131387,97487874026","185884,02702185808","184790,92471727362","185659,11252351792","91509,19388642734","95238,16413148487","95238,16413148487","81896,4500560749","21744,664565409865","182563,16357035647","178434,91516150103","170926,8573077621","176919,1670900624","181293,86555336777","186147,94639342703","67139,87177946985","61800,29464373885","61481,89324679862","112374,14102635265","96749,02701717315","94377,91238987708","21378,39077198839","33819,17614247906","31745,74676706528","68501,23993855959","53755,0983886804","124554,70244566577","124023,10994489912","149074,99509094705","68734,48101608701","80326,88327127881","65705,67903347168","79221,23675636725","138407,74654001754","147846,293351895","148011,56762753226","151111,46491478017","154103,84947300347","152567,44067742897","122648,91266809394","88251,48480590928","87153,81233254711","89771,07113702717","89196,3180274064","87383,38362083389","56439,990448572105","54842,13144623445","40768,58664068363","40768,58664068363","103293,55789581942","186010,03023269094","183949,2589553373","182397,5983758684","177706,25307070822","177426,11051506127","115245,19350513113","115646,97234108619","114620,61739432636","115807,58123040965","169759,14993369815","169735,57748292672","169735,57748292672","167568,92031278668","170131,8128683408","171025,01454055647","163555,0415499622","167660,73714033372","164708,2450537001","173659,6475273543","171221,52425814953","173705,71891586724","169256,36230812687","167733,51892193418","169584,64353804503","166714,42018508315","171808,5662921492","174805,3701201228","163300,06306452557","165673,28917299525","171296,01378153954","168838,6667425594","172561,97220356108","168463,1275855983","172480,4545881647","168065,79810272148","174227,63355503528","171221,1719801839","167205,4196276005","109284,11266798453","98210,32534009224","107596,6334364568","136487,47465452223","130929,46567052117","136073,77361248253","122867,42392773811","129633,54768614433","76271,02799496405","61103,44279234721","62814,19879841575","65443,62611143742","65025,58335069817","92760,9072795406","176698,03383183846","58714,799041983904","58804,40503191158","30353,394821955902","32988,949565038994","38839,143896293426","39414,52648235753","141294,918647386","139468,89140310773","101818,5043392402","100182,21566158623","23511,544628865613","23698,302884585682","77568,19224146985","77802,08135763391","77802,08135763391","67009,19509624728","161655,77450433723","162173,8971098188","162173,8971098188","66295,89803574652","65411,828464195045","58002,61957451705","151548,23204096797","152177,32291336192","151805,02680487186","124203,80063907233","128880,66842696027","124587,92000171507","128781,41871129906","127008,65370067758","166956,85182545308","166028,68518386772","160866,96058665277","162716,98263707565","162397,28712849334","161647,6155801322","166793,47268391182","160194,6696547271","157205,1076233553","163163,5283995611","164878,6082650922","16908,07464355406","15462,560628730054","130530,74074779067","181953,9260392938","178147,72872520835","172894,13106035208","175246,99709492386","172704,7781820829","174715,59646796773","178834,7104540295","177677,742844082","53464,68936412276","150162,20579594947","150515,9145543354","152303,4580611613","40765,845206788355","46423,31242153642","40765,845206788355","53173,249333558204","52823,65930002414","51442,834634942694","52862,51420966844","46288,89902713976","44426,612409998714","70412,67685491762","103083,88604418332","103998,6851621043","28236,170390532465","27453,90583752901","27939,992522292076","9464,424516740666","0,0","52517,095923534565","60106,657179769136","157384,22316736588","148159,1790881234","160783,56731479277","156193,3267477414","159432,03533705","159599,6860525099","150978,5060541149","88515,03968965069","176854,005507017","175783,5487701343","96333,58427141898","95673,94715953778","166966,88732692855","166966,88732692855","41953,933253837306","134212,33182972707","135422,7238312133","133171,16137215408","21925,398527244608","22620,85703846585","81271,29112194995","81271,29112194995","64284,924219996305","61881,532079356366","140800,1124592488","20750,574048303697","15393,032885723993","14784,63624399828","93783,97027994893","129888,81535914757","109441,26212776937","118903,05926445134","145617,7254243536","138563,25502025627","151707,6752387653","144832,31086745535"
835200,"27603,751218683694","26734,03655901259","68728,18016013553","67943,59025192057","67114,69598777719","8863,524064945834","18490,88014790785","20979,736740751523","49740,87802110521","50983,06751729636","14540,082342711976","9341,44119199555","5903,377726371838","35231,50541199746","87749,95078242947","86741,54530870948","18191,8095890064","203399,77952788153","66725,67841303123","67585,66235715075","106535,64683052535","96063,0879612716","96904,60347041933","96238,21039994468","99093,28809540479","106396,48101533433","87885,52114205758","55883,85557337757","116794,12667723886","116485,22589800834","113397,504511848","114046,05602102076","115819,48798226185","117169,8607131664","114323,29894710577","22716,221321407935","55555,58416808978","52855,80065857071","60995,15828363252","52855,80065857071","86052,62615948344","106249,94911214281","108949,99635916484","104375,6268286641","103024,38494029551","26396,372252727706","38222,76601555783","28032,692072641054","18163,219188535702","26345,692105718495","28071,139436442067","26556,523523624874","26566,755149449335","27179,24048259204","26681,67266747723","25427,463877309354","17636,790372679974","56747,49001775931","55762,30406184526","84253,10632336365","85331,75726558552","85341,01867495301","85021,09067161355","39306,07614325189","38671,85603673486","13786,032992698409","63608,54508273209","74430,1662402677","75329,13150189015","62942,417982370105","79576,51280325436","81152,75435248045","78012,54835878345","88175,94194266273","86189,39033270515","145262,10285200775","143809,55816226132","145150,9045632974","46299,666602321304","49016,566099125324","49016,566099125324","124263,68948876717","33229,02970680513","135419,81035796183","132904,96581686786","127410,28142765135","130167,15985859535","142168,395204803","150087,3612010406","27200,824480652755","89468,78342079725","89289,7310449607","79144,19109645969","44232,11400779923","43200,27513390692","62006,03105860636","36577,52868606581","35752,21652175264","93634,28414799021","16892,445411240376","86150,9927581573","86365,18592405322","118439,3568687779","32462,020689722027","45491,93623679505","30038,70062993187","46117,37829172898","90093,4024249699","98611,92960505106","98792,10423240277","111841,83869973781","113938,62718434421","112229,67930750483","92982,91521720284","38807,49566278344","38471,90329038068","40355,194711972574","39975,94149409775","38376,79918805579","75346,6502538605","73583,24250146851","23674,43926297106","23674,43926297106","70045,01049700161","138933,50940538786","135910,55840299098","133884,4181900527","129680,42742909501","129136,49205254417","68184,00392327935","68820,94653104237","64230,67267712654","69083,56687392539","121344,8903740791","120428,74967777755","120428,74967777755","117425,1514186147","120384,30010208717","122128,35468496806","114804,64489568683","118964,01679567424","114581,13447626279","124355,18518399732","122585,18805088432","124772,72302622818","120653,80943292312","117526,50169799454","120687,98330011833","116800,14292300458","122135,20882828403","125797,88065591488","113250,35171112535","116753,55303534372","121242,83530712985","120205,71023464577","123108,81871270922","119011,90724549229","123861,05191408134","118499,44475396149","124656,87675294484","121413,00028809365","117316,64122325023","56772,94030456897","45734,012071988596","55127,59215960032","84860,05976096934","78999,91396240063","84396,80425725423","71168,87441568915","77914,96802169837","28866,448437801413","20168,892825778737","103494,92911959488","73094,25950311085","70196,04251081232","75757,4247133551","215778,18864495368","34589,348146110824","35081,48971645866","36003,56293178385","35556,49898030801","26820,03806633314","66316,02352861305","112054,87374344085","87231,88702724884","77090,64425820575","74777,79737109551","48747,64804212292","49910,67514824498","69903,73871238774","70410,47086611869","70410,47086611869","102455,08743933559","128411,33997727597","128600,41249095688","128600,41249095688","58466,07256087216","58367,02099197495","110356,29430239057","115172,96300218825","115880,98517727894","115589,04895702912","76878,7471818921","81307,69999116643","76886,28224811384","81154,07842483245","79372,41488472729","116315,78456852365","115467,97275775431","110445,19797944839","113150,49153789712","112754,55082937091","110825,19943410404","116215,63989753337","110910,1626136942","107569,07185467369","111962,88961703498","114193,08412966033","50594,14240967479","51384,13123028958","99266,43211893739","133358,82481974276","129046,03047238114","124413,52845151981","125879,87848168648","124290,72655213278","125930,27456326135","130057,3059169832","129132,14721066394","94990,08891712506","105847,31189539772","105988,24777052368","105817,3924507345","90992,07621247928","97777,0817237671","90992,07621247928","97373,25357456166","97188,42030820256","96036,63006312084","38679,016242169535","45159,92910823326","40051,11889670274","42150,84077574311","71089,81904053524","69783,27514157591","76301,74438170336","75748,4014650779","76417,96324535848","61853,68133776042","52517,095923534565","0,0","10759,211910377711","110434,0528643774","102124,69647222852","112680,60160488836","109086,816145489","111719,53014505105","111802,99139752395","103089,02413269371","44908,82105070421","129305,68987792238","128078,64291659095","47003,73963284426","46144,13706168313","129492,11446225182","129492,11446225182","61880,78478631982","84811,17971255947","85839,52345474948","83561,7012331648","63031,22094934543","64797,72466022935","115000,49480772903","115000,49480772903","98628,68027288574","90980,73891562242","103461,16733662995","32206,949418716435","37505,185243402906","38276,83622657056","59921,17746662251","87206,67701745342","57360,59691378475","67242,57631559054","93298,44659882864","86057,42876374294","99198,03512911685","92469,72859690331"
835132,"18940,66102115904","18553,248465545475","61788,07776183844","61340,81855110324","60457,38648630032","13122,01705512535","26071,26149257482","28823,564721410403","43416,31260840975","42506,32051171747","21562,232725224665","14046,772950429664","11663,880622609538","24842,724086540427","77567,00023404621","76460,68913597135","12473,389953563148","203666,25830542293","67976,34592479005","69025,5317799046","97748,85406469599","87453,49998014062","88481,38098488846","87779,06175447264","90596,35661653086","98341,70811419976","97384,37329376386","65767,8444741558","106823,54615719021","106318,80126330646","103459,92475225424","104151,64309943984","105960,4664487746","107268,42283799643","104413,92655576837","11958,435481754766","66313,96368597467","63614,87058643138","71580,43241273012","63614,87058643138","95244,90895892562","95496,7422738355","98281,60482055816","93643,06001777106","92302,80041814537","22475,372766100445","32852,532815778366","20507,983946278553","18309,856792380084","24621,45054800416","26837,050443000106","23046,99234976033","21796,49685819758","30204,948398891138","29365,027473435475","28721,40802800852","19994,34783977883","46705,24237687016","45732,96891750682","94986,02435790248","96066,43477328046","96084,96693438003","95743,55330388641","32483,976240622676","31762,829709214548","24383,152956248567","54808,4907911241","66323,51662357399","67211,65895778377","55889,11891468482","89861,87600291098","91400,09525130856","88335,83964705025","77604,96446700447","75638,60841628572","134526,5753317776","133083,22158059716","134412,5370120432","35588,005023174774","38411,00117877313","38411,00117877313","134371,92872234166","42462,7413749675","125261,8541870754","122494,68475890408","116795,07163846196","119931,04094283131","131409,99372806735","139362,072380594","33683,74215365055","89828,63682940582","89686,7721138682","68815,2726301398","38039,636744385","40503,28257831013","71539,79140027716","47225,58916603029","46301,77951527875","104378,72436007328","26375,910296099333","75433,48045177784","75676,31115215829","108078,43769329738","39452,15007131286","51614,47779675897","37528,50789651915","52681,57469250564","80084,26328922008","88892,12539861327","89067,90250194306","101083,59386757946","103181,85814473632","101473,99010075719","82881,42826479228","38302,19982272971","38658,580964876215","39754,43963384179","39579,61267042931","38297,79446443651","86105,12631273769","84340,74198719651","34432,67472500265","34432,67472500265","59821,44001597148","128768,8830109521","125938,81076866236","124025,6968911435","119695,32003955562","119213,26971147337","57817,669697767495","58417,82642887297","54876,064691656255","58665,26172968524","111438,74441924994","110778,59407296531","110778,59407296531","108081,82103302171","110887,74586331849","112355,00702324643","104975,43805206976","109128,19011700616","105226,29518962474","114710,98062242368","112739,73143711747","115014,66267093626","110795,62595555773","108210,57163466353","110911,99583382907","107361,71409941878","112614,17613457887","116063,6011738662","103860,85021608202","106976,80833518459","111867,29104574017","110354,8643254682","113511,96516028044","109407,41886544094","114013,36537506661","108934,00862471433","115103,17763988783","111940,90637017837","107869,03743572846","50591,192570859836","40098,175258544354","48237,335254324134","80475,56796116897","74246,42285799052","79951,31217143884","66886,05966666654","73497,37352381212","18213,72978791692","11404,115146805127","113645,0528524652","70268,40665555037","67060,11904919181","67877,58299633664","216761,2079269212","44019,40431421728","44528,024046450904","38775,039993434424","37616,09014767203","28046,01818922542","76848,26682690594","101849,27893268292","81812,54212105172","67877,58299633664","65517,52385726174","52455,71510290417","53582,027295339845","64114,51374872525","64646,737996270575","64646,737996270575","112937,06472079268","117835,53722888895","118005,65599480453","118005,65599480453","53495,56765205917","53582,01569690492","118098,57262025501","104474,65308286942","105184,48016809895","104896,03372422625","66601,14675167401","71097,4631135214","66685,13879993973","70954,55933127798","69167,69966313447","107203,33879188415","106313,8008150059","101216,32144957507","103575,46455804276","103206,17888735779","101803,1175996454","107070,99390621884","101234,6663061417","98008,2069040018","103172,69103854756","105101,05908980753","60120,71478668812","60768,972114291806","88957,28151241611","123520,82021822262","119345,5773547657","114530,1835351409","116258,71046410815","114390,04772585635","116131,88432790634","120263,67037942457","119274,08304652022","105005,81179757143","95260,18812773895","95420,29277450124","95487,66805152775","96768,11118796894","103965,88165632208","96768,11118796894","101183,3136167884","101046,44316922949","99984,42870356762","48938,93680795036","55857,900674115284","50759,97923398344","33951,33801241221","60995,88474800971","59459,20131351122","81755,36592708567","81281,69383308783","81978,25616011175","69563,57104322645","60106,657179769136","10759,211910377711","0,0","100192,4327168404","91719,3298573446","102680,11724921812","98870,14407170478","101629,08623723102","101730,93326161709","93016,32845854983","47738,64708966085","119216,22091696388","118019,65731510721","46040,86682752937","45055,425719471874","118748,52007123378","118748,52007123378","72569,25550939977","82558,64245267864","83429,50066050359","81172,45481263526","67732,87283856948","69563,09994430761","125607,35164161643","125607,35164161643","109142,77390151616","101643,74287792497","92747,67472457676","39366,085947957574","44741,595381735926","45411,32132378852","49796,94820587662","76484,24674247527","52701,56982772494","63087,06315467368","85736,25918189895","79673,79113898441","92704,26596202097","85010,66765541163"
735084,"83649,05671754415","84946,42275575605","100467,35170055133","102827,82733180547","102197,5028774919","112358,34167222114","125325,39460431167","128090,62927400021","73052,08097071377","63522,64175640172","113657,3088775002","107819,22233505273","108210,608223667","81664,17011757194","62843,6355018367","60488,0667977015","94258,6476501654","258082,06537431432","146504,41319469165","148012,89896836484","31506,649303337148","35141,89603162902","37529,46775809496","37155,60297608074","36208,715830540576","42671,895393269","197128,4430293967","165920,06568352802","10305,203703459305","6540,311993902092","9278,268189923228","10573,576046302467","12197,564576875451","12015,77966401844","10333,299964846467","89053,16029938676","164517,40174637584","161785,02121272706","166715,56882374786","161785,02121272706","194567,04867009755","28869,678853636386","18977,186000489983","25319,05569240019","24257,655234179663","106327,41819443893","103610,28542458783","96693,3290686959","112092,40918073455","111693,44709129664","113603,92408601879","107380,99130073085","104221,9942708214","108439,69322798942","107381,9053094554","108759,29907919043","105391,19028884207","53759,1783137642","54751,46979413831","191418,56218376098","192519,11934554146","192789,3336839298","191926,77827855537","77634,62412955337","77830,2045038692","122540,26252913481","51847,51845654768","49226,2623954422","48659,94008293318","98350,06039044983","190000,3896384376","191561,09704811734","188445,02297436938","25233,862151925718","26575,699987922966","45548,788255815794","43427,929897837384","45779,11831101995","65923,39410228503","62355,15566734599","62355,15566734599","234562,44935483974","142352,77400145694","25193,329706905504","23311,45117570547","23688,348614305763","19738,830966793732","47623,219105358","62032,049574196244","118881,03317906076","159568,9349076114","159635,17530221632","60424,83262739001","76579,36642697587","90107,47553794632","171440,1159813942","146770,3898981205","146118,66211764686","202600,89021247943","121387,78084769013","44008,96508465545","45924,29890386443","63342,54325517765","123717,25310566953","128093,07686363143","124041,70119378083","130556,51462777788","21117,56710763739","17446,496131191612","17267,171474749783","34222,04194523115","31045,536175664372","30221,189120438426","64902,59380613611","98613,31233831742","101091,53566947315","98289,4744665055","99040,59190866735","100129,41302960068","183982,30701012","182325,59117607508","133347,63510385525","133347,63510385525","65044,36600811752","28666,122483628013","27027,333240354503","26384,733149879656","20977,23584970782","21234,61864332104","42447,03946184928","41928,80659421938","48556,62526125201","41726,367384086916","14852,02538461976","19146,272894016663","19146,272894016663","23731,98143390317","22140,725765845644","17874,910759243532","12410,465511151855","14509,60891551023","22490,447065346336","21826,6497596532","16891,703123003477","20104,90259900802","15222,299812237188","24305,035575900387","16831,448023403518","21599,254014964932","22671,072482298576","21303,99962464818","21430,735518155947","14486,59604362979","24924,378853141367","15045,25084768943","21851,98984229535","19263,68672335815","17848,31183950264","19792,57148158398","23678,269826195934","23182,59578619509","21627,7687039907","70347,86034437203","77871,72534063946","67539,41653121354","79296,81495512163","75689,23386559321","78716,39529320538","79059,13990706434","78262,71388402354","82228,18822042314","96457,77266135995","213836,68877109155","129886,24987787797","126410,5806150605","93968,72049850492","275084,4158638663","135368,9739313699","135852,9119058035","129207,47010662123","126856,30057719223","119002,29964619494","176635,35689865844","66062,69907026309","70554,07132880145","79351,36382855308","78688,57752947613","142000,6723510202","142824,19642420806","109351,9039302693","109720,32113263791","109720,32113263791","212802,5267656563","58648,18235019282","57708,56083196868","57708,56083196868","110451,67653415959","111461,29249303543","213797,28375687043","44788,09752092827","45172,09503137051","45391,23915092345","33592,96978629887","29127,84113423624","33550,11900069715","29285,493590448583","31063,984975220577","27693,375662519793","26631,909993561436","24045,05719544374","17551,15763213062","18025,623093440056","27920,50546497527","27061,444370994483","14918,821502190389","17315,861348503146","32191,49839483012","27400,287478087073","160075,52777012245","160599,44682823235","59971,65934253563","26168,296255295743","24442,415551391343","17703,099932761706","23330,416405059063","17321,839751062962","20331,81768286359","23857,752043878958","22120,947906422218","205179,19990906504","14401,157406178048","13418,849926251156","5475,434384678964","187303,88786494764","195417,615751114","187303,88786494764","184237,6390236677","184304,90557893188","183704,8356535577","143306,60691734008","152850,16746243025","148086,66749548138","91005,5341727057","67027,70643160449","63230,849709704176","172407,92724873434","172213,2164347178","172932,44940963577","166662,63007420726","157384,22316736588","110434,0528643774","100192,4327168404","0,0","10019,97044814691","7443,122765335442","1547,02405821815","4750,793142188097","5275,824404097662","8728,240014446148","113086,57555678376","19584,044635442417","18673,574640899224","97068,89433415035","96488,21943833637","45554,33094774606","45554,33094774606","171729,6302714599","96370,37592678603","95481,65361687237","94932,46072366678","157625,4156193597","159416,87378193802","225029,11632357765","225029,11632357765","208931,4293448616","200818,58426365454","41329,19216349453","137219,88177298868","142315,14409158248","142787,0514778877","70254,04451315473","31596,1082646831","78315,07312658902","80016,4139885123","48735,78013420142","61547,939716209454","61171,06360582835","49986,490329271175"
735050,"75825,9209445157","77211,18769761037","90492,6485500239","92841,22645834596","92205,20230421101","103621,8634633683","116499,53318853263","119252,40952623091","67580,46345196723","57045,4171011444","106147,07090330594","100022,13282386378","100206,98579338701","72343,3597945633","53539,896146644205","51113,55567039298","86486,43866915567","248489,00096839402","136564,53975663925","138075,60020440613","35770,244802265195","36494,05393274386","39170,565084312526","38613,83616324109","38408,30102634622","46423,42462333808","188246,59068468682","157292,59996589177","19969,52055310103","16505,243085906033","18069,39023316164","19347,04775886493","21249,998177245223","21477,646484396475","19252,799634588944","80349,2964174612","156731,32460367747","153997,38965622964","159463,74461301166","153997,38965622964","185567,37503160248","22398,374036083973","14370,351677404846","18362,90312786073","16852,023691199334","96888,04211598197","93842,30839944315","87274,86349649135","102956,09333196524","102264,36011300971","104131,6416271919","97935,31103757836","94783,30987518441","101832,3124834359","100743,75135138627","102025,39012406937","98108,96608928674","45868,950526606866","46860,96094807139","184053,42325162125","185153,62176436302","185378,39075076758","184607,6855983921","71030,8596776306","71149,66479511037","114557,198665837","46254,056766481495","46047,707265555786","45633,136153534695","88336,77886978605","181579,72108840186","183110,69019303736","180054,85224976786","15360,966874514632","16865,57097241971","48351,092459041516","46391,3454840895","48466,97306202738","56909,79369193104","53521,078014158105","53521,078014158105","225979,75824694257","133612,32967359395","34570,26494537871","30780,78089442336","27147,992671910524","28794,11491040768","48773,99989684496","62097,80315481389","112079,53594342255","149549,0432978721","149615,2201831166","50650,11989723271","70601,30815778543","84686,3198421115","162650,2040574699","138616,47458402434","137872,60904449614","194895,63535466834","113759,38792408987","34363,963234275434","36341,76900067986","57203,52995426984","117120,21446039737","122295,23691911137","117254,15910106011","124695,03162997965","15976,223958152614","17962,050018769292","17858,81836712741","28979,77841502045","26768,02056468898","25495,782122759658","55958,007335333874","92912,93182081851","95373,68868988726","92721,92109954098","93444,12629647486","94400,6841090324","176316,77660906335","174633,17485284674","125304,38671842118","125304,38671842118","55056,11815152514","37952,63359198611","36918,30674404744","36399,21477995715","30946,94315406697","31251,522353915978","33943,974550090265","33307,78487644848","42216,629791652165","33054,65157299056","24723,26253864954","28260,207843914013","28260,207843914013","31510,729656997843","30827,892244729013","27502,39441888734","21102,076868840482","23990,49284992849","29667,338986535644","31337,413483041964","26711,41388543348","29878,872939957644","24938,26821349161","32038,942966808587","26331,512263026558","29487,30797380672","31660,34360213178","31088,99798537529","28342,64038197558","23412,211811428628","33434,49285818089","24703,14490103967","31139,061151342128","28034,486059944058","27735,04788886247","28362,088519804027","33013,042216521746","31954,433156203115","29646,345179152795","65728,10142946025","72201,26711435869","62432,07785475395","78599,71387327535","74282,85675639044","77971,66638445381","76639,07281591298","76697,0164625424","73606,22892194412","87431,97949191018","205300,1010298388","119871,16646245155","116392,7390264114","84121,30922476843","265403,34941017185","128317,58383964076","128810,60952977343","119701,60319602936","117320,8678185156","109625,05883736373","168431,2660046595","58943,813434397736","70327,9847263723","69572,4217757708","68846,07122205575","132368,96314679648","133175,94125800888","99367,340170313","99739,1553897865","99739,1553897865","204579,29784592713","54546,89551598938","53747,75738756521","53747,75738756521","100437,1258371231","101448,01315151683","204293,47825829245","39429,31288688985","39929,76751984165","40069,17584234865","25440,844775533526","21429,703742625403","25739,43209776493","21641,47488817913","23319,979999308296","34749,84525752088","33591,03045187397","29863,747978817042","24894,47768205366","25177,808112643208","33549,952654534565","34160,35731310789","21783,31578566324","22591,703678848462","37792,924967483836","33960,07774304595","151326,1750364438","151799,85596784978","51627,7576167585","36187,941265060705","34310,195744387354","27659,37419995404","32906,037481993706","27294,48193157373","30224,722071519245","33844,66285173467","32132,957415852412","196556,30235616092","8509,433542362573","7729,708766006091","4545,5458740592","177555,18604538793","185691,32120925497","177555,18604538793","174291,41133062006","174362,0674952859","173771,16667250555","135999,5150665251","145239,03031232205","140396,64811541472","81191,77455750771","57066,004081097584","53230,938279474416","162700,55013946266","162518,2702417729","163236,44947693212","157389,0552261298","148159,1790881234","102124,69647222852","91719,3298573446","10019,97044814691","0,0","16341,554943874946","9386,868156119877","13878,399492260116","14302,55673863511","9988,147402843757","107748,70504395041","29356,049889205322","28554,058695807984","92094,48478900042","91433,0855639453","43492,93800808005","43492,93800808005","163732,17767455804","95199,69393283753","94452,07863075261","93673,69823831163","147935,316040692","149718,5681276656","217002,8612210392","217002,8612210392","200745,005336726","192855,6096971892","33866,42320768373","128143,48605824748","133182,92135014228","133632,02507499958","60253,0041403899","21617,245778522116","74157,41556281943","77114,23534397972","49664,42781023411","61205,611542439015","62955,17513794172","50754,37632839549"
835202,"85476,82728912956","86670,34675267416","106535,26218198394","108840,16784629706","108180,57702014691","115138,98962169819","128190,29587745272","130965,79161022302","72741,19448062402","64220,55476215819","114990,77261411073","109486,6975720397","110107,7243288658","85414,8425270672","69811,83371321458","67409,5656613681","95964,87440450175","264829,8571143052","151513,67104123207","153010,31593845162","25421,958554908593","30721,9012425215","32829,93647068489","32587,307586822473","31200,838859228465","36602,09934716366","199956,95340065984","168436,25207456222","4209,452550509516","6110,706417366841","1837,3794206811137","3141,255619647979","4921,83458548026","5261,296453320102","2951,5071589032486","91885,6345428396","166014,04579365693","163288,52107106292","167630,74508924386","163288,52107106292","197571,15508365812","36312,79243041435","26387,79868351231","32743,726086006318","31643,091612284636","110189,32376802614","108151,54153938929","100547,25617836774","115442,18466521498","115523,25566422571","117506,80293661714","111251,29918364376","108088,47293677181","108889,97002728107","107866,68275191098","109329,52383208038","106522,88819383575","55978,9858324215","56955,546553881155","192412,00198994396","193511,3706003933","193829,62262592893","192870,74053562773","78287,6137950596","78553,60105411233","124362,10275067395","51978,248861390384","47502,82215381229","46837,73656446505","104178,58223674836","192214,70707216565","193811,46075011956","190622,63604345213","30602,591969587058","31611,25185377718","49843,53197461033","47668,74418104169","50140,01352307927","69319,37702533508","65545,40347158942","65545,40347158942","236943,71691875692","145062,22829717252","23199,57844804942","24622,869450251997","28401,379889762244","18919,994004065156","52818,166331608925","67586,36200006498","119473,3973964874","165212,95299971968","165268,91404713487","66964,95804941343","76671,9633153468","89597,3962832148","174168,97953062496","148727,59445763336","148187,91334751868","203949,73936257267","122819,1708913408","50705,45988352711","52679,441231193254","70739,19767385178","124093,5228965571","127716,1183063622","124601,02488038433","130227,72145588728","22597,33622006058","15398,903538901808","15199,68802156847","41586,17487518605","38303,422598158286","37547,877024486465","72051,66344990923","98288,15542245841","100766,97416029547","97850,35499459122","98622,00920421127","99820,05846143972","185312,23372479907","183687,83399789952","135207,15634865576","135207,15634865576","71088,47053023602","26695,72557680331","23263,217432336092","21656,635778270374","17015,893375287273","16642,656554531048","45541,19806488491","45166,01481660532","49408,6608448349","45025,48407967489","9087,855794766607","11948,601344943207","11948,601344943207","16320,868447840667","14757,755899198555","11299,90738073868","4977,547148219419","7725,684966839528","15243,1211581018","15027,366161961227","10829,733669625577","13823,898402187766","8912,181164294254","16898,203586625667","10048,039222072288","14182,143094513174","15409,643399947618","15032,05635172493","14306,96031514568","7150,089121890725","17510,625541775695","8596,395172087845","14799,506556043807","11893,84592318785","12002,925051012127","12374,30147472871","16671,736167263683","15829,386400499267","14194,808766321812","69361,688061065","77681,2733507965","66989,40996498865","75369,59880541272","72264,4370243065","74825,03268686295","76305,62733397761","74921,26055004918","84994,28836110595","99695,98266918876","216174,8985725955","135668,3058378545","132147,74008238086","100377,53301756283","281730,92551220633","136153,2247374407","136626,56682668044","133141,02221303672","130850,5524538214","122724,2944201288","178599,06485996587","73505,78504689685","66407,61090834557","85878,42997007346","85112,62136235452","146166,05989606166","147023,9536238534","115370,01382334922","115754,20734726528","115754,20734726528","214744,8198338449","65710,7236509553","64741,30136619835","64741,30136619835","115958,22337034273","116949,71085904354","217635,23756823427","52128,23915191917","52495,71873793524","52724,86761967157","36584,324348103226","31902,977150531366","36217,464752451364","32004,223207337356","33780,70013746531","20417,398397498142","19397,33636179908","17366,403420582246","10355,855953585202","10900,538130630273","21215,586204921918","19779,46559982459","8153,916438968845","11462,320528170218","25404,438171804763","20295,584642569072","162765,2797254485","163357,7073895312","67295,20290191117","21263,096632032975","18369,01658962888","12227,469768486755","16619,073596162765","11984,836886998672","14432,916839595806","18387,0553015146","16996,64565913995","207640,31532754767","21813,508832975756","20826,939392308803","12060,844736100831","191693,56331329534","199746,61795160262","191693,56331329534","189248,44868596338","189301,07313165368","188663,1864766985","144331,35284285736","154176,585764763","149510,23635626756","95693,44816391343","73175,45126956156","69215,32445285199","176709,22852550642","176485,74354258366","177206,78586145447","170129,74892991126","160783,56731479277","112680,60160488836","102680,11724921812","7443,122765335442","16341,554943874946","0,0","7239,75775403995","2695,3045997447834","2178,468573662011","9817,453891007712","112369,83491845842","16796,30401812998","15467,807060973739","96133,6869081096","95624,05618171753","52127,179897006674","52127,179897006674","173455,51908317627","92630,8453400592","91655,15128779253","91259,49521686391","161900,7687861287","163709,22330310693","226722,37058122383","226722,37058122383","210832,8770068338","202463,4859015047","48750,34671796468","140419,719901848","145590,97417325515","146097,5704478364","75697,5693418422","37775,30385068788","76870,87148671421","77602,32043883164","44184,9581206742","57586,46506384565","55916,00713756775","45511,09409754473"
735225,"82252,66452968551","83540,81030391817","99870,7278201781","102212,8797097121","101572,71897278585","111074,5323622184","124054,85084647186","126821,88009577204","71521,18835211865","62033,65737330807","112224,30576093332","106413,80485860747","106826,8578570611","80512,70890760304","62640,857312703745","60256,57113851422","92853,90090639253","257770,11861695666","145616,81415554354","147122,70794400384","30441,07346587452","33783,42592772651","36200,82269983232","35810,92494943298","34926,0402211102","41575,50012964662","195860,80611327145","164611,0442655071","10600,056142474077","7587,998869268781","9059,725451303671","10367,670974873268","12137,859619021621","12176,602648554981","10190,202071418502","87769,97552778214","163103,5853351134","160371,58650810827","165256,30556647026","160371,58650810827","193322,6391984726","29267,10001755587","19556,15738834126","25604,534780738788","24450,46945645426","105202,48489998591","102612,1834698935","95564,44499996444","110887,04254045612","110564,30369775525","112487,70157125004","106257,7509677683","103097,31718783469","106946,24054997877","105890,23025992911","107272,66939391517","103941,24888802091","52386,85886117702","53378,277614787796","189966,2775429464","191066,80277656158","191340,5571072154","190470,95433293268","76147,28880721625","76347,09311732934","121151,64567063795","50326,69237430229","47683,39693160449","47118,88991844719","97675,00103309049","188658,78802712032","190223,56609043633","187099,32112152057","24358,78510353193","25617,78451536533","47022,58708384519","44907,46795063679","47247,35569672661","64708,1342514055","61107,69343646951","61107,69343646951","233242,07254021036","141064,8172652502","26439,036283264388","24825,281373220223","25155,186617009018","21083,301563408062","48999,07615884788","63342,00352218614","117396,89314881006","158847,5145835059","158910,80946922596","59999,88251847912","75063,6848985252","88572,909559805","170157,69811303812","145398,11441033537","144757,78725158877","201176,860061387","119963,94800930412","43649,558941125106","45595,82305157255","63895,20925001714","122221,3966858479","126565,0797740055","122556,14340811378","129030,25932392212","19628,863512574982","15954,74174785831","15777,636917433718","34848,873928504276","31795,587397926196","30902,776889649424","64825,42782382865","97084,96349164579","99563,4233489138","96757,58294294101","97509,36863186075","98601,71619093572","182555,7017355805","180901,5619592726","131964,13384744624","131964,13384744624","64428,961045951044","29928,765117957028","28027,365241594398","27202,357279938853","21906,33859198546","22048,467471261054","41167,0698590615","40667,895157616236","47069,43351529462","40473,99433482573","15337,551488274943","19156,826714852254","19156,826714852254","23302,682981860187","21990,61203100637","18160,147558864406","12193,685727551694","14692,744214040096","21899,043156177784","22046,088487576926","17325,770162334455","20500,765412669323","15567,39062291529","23866,493001705418","17033,507502945035","21188,42082641273","22640,518395953288","21709,602550414562","20769,786769129092","14387,928782931547","24723,10026523831","15346,509506189823","21952,738471365188","19131,537211646006","18349,777343945214","19588,470001290636","23806,90768580378","23068,076537273904","21255,197618445756","68802,83135347109","76345,4533062372","66001,39730056986","77851,10780826211","74206,58040513824","77267,82057302693","77539,71332562825","76774,01982993192","80934,17792989564","95232,14964041674","212510,35122715193","129202,34371177999","125712,68762705699","93497,24791003545","274725,0377841523","133898,4526032871","134381,74202992336","128099,52743288291","125758,62120186587","117856,67254784028","175266,40164289053","66436,12490885121","69131,54381411677","78926,33414666822","78219,99305995424","140936,3516464219","141766,39060690344","108740,05752733527","109113,82667179142","109113,82667179142","211433,63913632857","59505,44972254977","58583,23008163934","58583,23008163934","109684,95176271469","110689,77725946835","212681,47340745796","45434,675644916744","45837,67157641855","46045,10099331432","32284,143995228642","27781,44664677833","32201,42804220568","27932,872607834324","29715,584298259826","27102,85652715155","26014,117165561704","23181,68789263815","16960,104861555934","17391,410187205212","27047,032523976628","26477,701932987515","14177,314272652206","16295,269157303685","31332,901799510917","26700,22409414439","158787,1177116287","159319,73206458276","60061,92173144612","26947,82282245798","24923,33911539765","18294,3856710882","23590,76693245958","17940,921522085726","20839,42022030129","24496,736437555923","22829,91395917449","203866,58145363504","14672,649748162186","13682,584751678665","4915,233828336957","186287,17246306845","194389,67747020777","186287,17246306845","183354,09429433095","183417,94091427038","182809,04547770342","141853,403000046","151421,05743374856","146665,1977271869","90034,66169655956","66449,55150925058","62594,34615831318","171372,73516520706","171172,49668945064","171892,14240194927","165483,06206736536","156193,3267477414","109086,816145489","98870,14407170478","1547,02405821815","9386,868156119877","7239,75775403995","0,0","4607,2058801440935","5085,181546898139","7182,614974763239","111548,43807282463","20687,73464646106","19705,999248596057","95525,90307327305","94946,3490132341","46634,93726513141","46634,93726513141","170337,0912893301","94905,2994387252","94023,54752346939","93462,66561515268","156583,7333660145","158378,64284318808","223636,5657694316","223636,5657694316","207558,23719535166","199420,37130643774","41591,98681916545","135997,0442456889","141104,02118308522","141581,0915754373","69457,69366389416","30999,855828423177","76768,08099606057","78484,58157727035","47371,939746346594","60112,57168451409","59893,683235458106","48612,451965198656"
735224,"84646,7888688929","85878,03900775983","104260,89119476138","106584,56980006286","105934,52328350735","113991,05393677788","127017,68669454324","129790,48878726983","72664,89435327386","63768,285556622715","114354,82251299909","108729,13397208674","109268,99719300578","83914,03469682492","67243,61656297061","64855,06166206973","95185,67849707125","262341,21185562","149603,18481796407","151104,1059681049","27487,327344311037","32110,317181967315","34339,30186253894","34042,6981890629","32830,69640259499","38683,74602562488","198812,5408341985","167396,93038938337","6138,159084438852","5249,540448829524","4532,516069092476","5833,8280444684715","7539,436727910699","7601,963281173725","5617,63605574011","90707,335877819","165336,41965584725","162607,8286081866","167161,62132864114","162607,8286081866","196364,48814389305","33619,38803758024","23712,931941888095","30049,29461147038","28955,306281598998","108662,85280453783","106390,89095221454","99019,40042888041","114095,42467062591","114009,87537759801","115968,83979800352","109722,33599261551","106559,58556389247","108567,50793563761","107531,24114261904","108964,1265616385","105954,65485850336","54974,0420110444","55957,92321797075","191919,63468416923","193019,61559856046","193320,68664834596","192396,20892410591","77869,33321704238","78110,33710053856","123556,36743369822","51706,59273340576","47901,68822710775","47271,8210725054","101982,85427558052","191286,56041502688","192870,77152855377","189707,26486188266","28484,78228056797","29600,045284345717","48282,50110790751","46122,399130647595","48556,26191930809","67926,73929479916","64219,12689840678","64219,12689840678","235962,01092108362","143949,3097564048","23769,964439829804","23988,95174755947","26628,05640270979","18985,571501001024","50945,208594858246","65599,72935153749","119104,98898280419","163088,32705783527","163147,76980136542","64528,259078866955","76453,85461399246","89610,06432488095","173055,64206413427","147881,72409154542","147302,1306708199","203331,85865573934","122151,73933688249","48213,87330919298","50171,03996142555","68072,60860749842","123804,91882289166","127701,5674172327","124246,69889646301","130196,641188921","21683,607097796343","15670,66378646908","15474,736169207972","38932,25486987678","35690,04250976807","34908,257158841654","69429,8912777485","98239,83657085968","100720,03547943897","97843,17856117376","98607,87147272805","99766,99504096007","184698,0643347379","183061,81018671315","134391,9376206948","134391,9376206948","68811,49375450615","27289,257212946406","24520,096819702856","23283,687166906675","18286,88503412233","18168,40835521405","44211,26223374358","43786,499411818026","48871,39895378066","43624,6265841022","11008,969317377276","14551,747533317119","14551,747533317119","18990,36507238097","17437,082929953274","13625,601509236052","7671,06645503494","10117,315636689185","17823,464348231842","17469,995517699066","12918,116622687612","16038,385205125525","11089,846780707172","19565,23223623318","12459,37880416093","16855,024718854187","18043,475163212293","17250,656384058515","16822,849524940055","9804,552751783644","20200,446204100772","10836,007296113623","17347,607877860944","14567,185006965521","14008,572657715287","15064,801737435017","19204,73403465653","18498,45400719846","16878,323052826952","69527,92461396875","77566,80033308658","66992,72471160376","76644,11779145943","73344,79057058894","76085,41071974508","77136,17536440292","75972,41711679973","83834,23047672278","98380,91337394236","215206,13570619968","133493,72334015957","129987,70078091855","97990,63468535931","279275,7897884832","135722,37572960177","136199,684583337","131597,11838608305","129285,01715049002","121250,71550817603","177757,60713246718","70812,15043760117","67758,44486009172","83450,81901732893","82717,82565932065","144544,91519511043","145391,09334303066","113113,6767947316","113492,71306956852","113492,71306956852","213916,61155038784","63176,39869548492","62217,99037655199","62217,99037655199","113872,63958267341","114870,43322474517","216138,26595245875","49485,02070314178","49859,20104783096","50084,338763584776","35259,08246120036","30627,50074812201","35000,44331798549","30748,368778095242","32535,206644875936","23016,218911178243","21974,891810499543","19674,1592695314","12900,668645714424","13409,040340769692","23545,769933665204","22380,946626279583","10452,948612367225","13335,03612962711","27779,25778780992","22810,766114896713","161663,497650354","162231,89040455985","64624,24650601341","22958,476890764076","20522,960748008034","14071,95699757023","19030,206952477798","13764,127082645273","16487,265731228686","20292,437770311986","18747,167133162024","206626,87793494298","19120,23310654515","18134,150218192855","9494,386890211495","190001,74608587447","198076,73305009207","190001,74608587447","187342,05943176168","187399,71688903906","186774,7577676459","143816,86251830237","153556,90240707502","148854,593725641","93878,02445433674","70865,91586738681","66956,73486314273","175046,16809520815","174832,626767152","175553,1411409966","168756,22877178172","159432,03533705","111719,53014505105","101629,08623723102","4750,793142188097","13878,399492260116","2695,3045997447834","4607,2058801440935","0,0","529,6035720822998","8636,575577844576","112472,16546134138","17588,991849744078","16404,806026786588","96306,36156666285","95770,39560711141","49766,94166391276","49766,94166391276","172697,71377981015","93845,26279535088","92902,02810210016","92447,9210940003","160244,4710021124","162047,33555065028","225984,43120483423","225984,43120483423","210018,69790565703","201739,58779651643","46056,61560896919","139133,3515562368","144279,32808225867","144773,90959061935","73619,19848050176","35428,59214962675","77214,4408421419","78306,8740092452","45663,28237333846","58855,915895343016","57689,713165260844","46962,11487454583"
835048,"84701,5609756009","85925,12837135511","104641,46990505168","106960,38380709203","106307,8944482576","114113,90918605991","127146,22352103239","129919,68037879109","72567,95562921502","63744,20080583922","114371,57218851513","108770,41211727359","109326,9812822276","84111,83288246943","67705,86332777885","65312,91232135567","95230,68604262853","262780,3992263929","149895,8634814931","151395,808184789","27015,77541823364","31742,011698223494","33952,290620397784","33664,234072194784","32424,28433623279","38211,94009295468","198936,494670871","167498,28155903885","5782,5134163839075","5423,0772924788","4015,3943255803297","5319,603974358402","7052,688324465703","7177,558418187836","5114,752513488375","90835,54756022217","165363,10870496844","162635,0850324953","167146,3465429099","162635,0850324953","196501,62054983617","34142,46276983333","24241,3587934764","30565,892135128895","29465,283273823643","108867,47204119254","106648,0549566144","99223,95074680816","114260,9036242446","114211,78299891406","116176,244955048","109927,54389746895","106764,66344253636","108521,2802718117","107487,5281741767","108926,41266616453","105957,33476801707","55061,94045020784","56044,444131845696","191909,43959634757","193009,31464700177","193313,82999199026","192382,45498675635","77840,061096123","78086,06907283922","123608,12432442351","51644,61724503308","47710,820283109104","47074,299773767714","102343,45016130348","191365,11526629268","192951,95206733278","189783,14818692757","28819,80219766495","29908,760028338333","48661,08402647446","46498,149081359144","48938,753373645675","68099,51724181451","64377,04286415843","64377,04286415843","236052,2143515714","144065,65579147037","23737,97018252461","24190,67767864924","27037,682362610933","19046,79762943151","51375,95961478972","66049,48129482454","119068,31322664424","163432,22055272912","163490,81411555037","64951,32015358506","76384,91025012413","89497,44169628425","173172,65870701935","147942,45453727437","147371,08860258895","203347,06484755655","122175,18383085057","48652,113257408986","50614,363691698","68601,5946637564","123752,65542651436","127596,06027081644","124207,42962014256","130094,4054931411","21737,883042024605","15479,80892156687","15282,829926666347","39461,79129369458","36218,74347898089","35437,81069732525","69910,30218232516","98139,51545099492","100619,58958944342","97734,9018467445","98500,97976314527","99667,67855491268","184712,2460220246","183078,3615884238","134445,99431459335","134445,99431459335","69191,78451433756","27255,724755451945","24350,125574454865","23035,57858559422","18107,192621543083","17936,292156003452","44366,75206293389","43952,77434199982","48861,70975747198","43795,56972697997","10681,316695031437","14073,120125451365","14073,120125451365","18462,062032412705","16931,475241413813","13216,268443440977","7156,010928380633","9688,326722292622","17295,313470966787","17035,53666678715","12559,955589447745","15656,639747137539","10709,169242774242","19036,700905702677","12029,008598221428","16327,130526844841","17555,822520894882","16869,022110526595","16298,563252229218","9308,073080967933","19688,673917928194","10441,58961810913","16885,565185787415","14064,226018347952","13669,842405257308","14552,463582951512","18747,361668876692","17997,6388857975","16352,123653852042","69384,19090050734","77477,753158424","66879,77467771953","76301,76454882043","73035,4266792371","75745,41232965217","76871,01741125136","75668,32986074119","83958,11416720155","98538,89169665748","215293,4325415226","133849,5796210364","130339,9100043625","98400,72171738397","279705,5191070115","135698,68717419493","136175,22053759862","131806,26502192253","129498,90254985208","121444,08229788847","177818,0344154317","71334,90714918084","67402,5922178419","83871,80416734742","83129,77454985467","144771,51342005096","145620,32648445756","113489,78894894374","113870,14738982351","113870,14738982351","213974,82067778168","63699,53310112375","62740,08810104396","62740,08810104396","114206,34845320883","115202,63289380942","216338,32243646705","50014,61840755582","50388,72581621784","50613,916972444495","35410,92522809838","30766,444993286","35128,54785199716","30883,074524593103","32668,485170104763","22487,433362944732","21447,05646258997","19170,309023171314","12373,934645715812","12884,706231673335","23040,29036479897","21852,047010978644","9945,072190511944","12880,789742921575","27269,45632765719","22287,118006675613","161777,87339391382","162351,3508364086","65124,69018662602","22695,63725119792","20158,252504725624","13767,209311429942","18604,265738151207","13472,300194024276","16141,356368686886","19982,468745503567","18468,80857500805","206723,39148718613","19635,19692672742","18648,537268704902","9950,088894527484","190244,83552674018","198314,97575988274","190244,83552674018","187634,21407847264","187690,70072861368","187062,73192153723","143810,12309683432","153571,59138993867","148876,45219414806","94147,32233923058","71254,77078376847","67332,19775590846","175282,62267500148","175066,84945065333","175787,4912630201","168928,79651578402","159599,6860525099","111802,99139752395","101730,93326161709","5275,824404097662","14302,55673863511","2178,468573662011","5085,181546898139","529,6035720822998","0,0","8715,795804728143","112343,65212565364","17504,43983615408","16289,19251884645","96163,63502044449","95632,63530075987","50270,030236414306","50270,030236414306","172740,8859447686","93514,10880274767","92565,29192539428","92121,1501568754","160479,2037490671","162283,34929794166","226024,28668887165","226024,28668887165","210073,9777515246","201776,29013924813","46572,11760837262","139286,53118053783","144438,0665936276","144935,2491603442","73949,8867065331","35824,94838309271","77038,14847393765","78064,4055181834","45283,80528102896","58512,825677320616","57264,95841509451","46587,29005789385"
835201,"76012,02337457663","77246,99176433728","97697,19483803291","99943,62628452288","99257,32930502584","105412,96079675805","118451,36539780225","121225,56525653723","64486,610061221334","55274,745839507435","105756,53772980702","100101,76382172701","100633,16593399289","75600,19574152857","62533,45683924601","60034,13846234449","86555,80969767341","256772,11219803727","141933,02417721652","143424,4604418116","25847,550833680798","27543,84402134327","30102,426130741285","29629,85244280986","29085,57430812837","36644,55339994847","190235,6450731992","158783,3676703014","14026,680029117153","13617,521957858191","10958,640029684073","11967,136210989547","13968,133430521866","14863,359422183954","12085,076558594787","82141,43655159784","156722,85297783304","153993,61071988323","158627,71960594977","153993,61071988323","187817,18854971413","32331,33550465214","23677,406776067062","28329,223211289333","26839,01139950134","100377,03360094789","98439,81418152119","90735,56494209629","105637,01847702794","105709,06005438915","107696,08836947064","101439,34896440631","98276,62848099133","100136,31980265962","99091,07448529021","100502,62321930949","97382,71230856056","46346,543259273974","47329,329915313225","183372,1867087361","184472,38709688516","184765,39494990357","183857,45671133552","69387,08865763868","69612,16088381517","114922,49846682388","43371,77380803392","40504,0097388637","39943,90906919365","95124,98990948533","182653,43250840966","184239,01141039407","181072,9796223104","21645,655891958704","22380,302653261264","54000,21043816143","51905,59398804358","54206,22929962493","59504,569139192274","55741,67486117592","55741,67486117592","227336,70801146995","135358,44481982393","32399,143913026288","31837,148267222765","32139,851425047862","27476,18636824654","55632,77356298843","69706,73575730243","110638,36466578564","155963,77388486784","156012,68215425726","58858,46541901685","68128,67152101491","81509,56874677684","164465,7536359755","139245,35752403698","138665,91833866786","194733,8241178829","113543,25799319266","43018,12799816706","45081,60547723164","67167,10030648384","115393,6630704046","119541,5554645523","115788,13214382832","122017,66013256079","13053,221447792112","9120,564700545427","8963,550828473293","38719,275766791754","36204,17501645633","35062,13067020544","65285,63804419624","90062,50191808894","92542,15328445745","89711,54377208946","90467,73523066091","91583,31018615334","176101,9506801685","174461,98517462806","125757,13631898924","125757,13631898924","62323,65704513589","35918,633392029435","33006,44514730055","31472,979172454758","26754,899524061686","26453,90968566198","35733,38912886044","35350,61174842778","40342,670513372264","35208,52741110409","18875,173241085537","20461,28626158972","20461,28626158972","22290,24692752511","22378,000515716514","20693,89746656898","13358,66741729373","17135,361269366564","20166,95892488959","24057,378843657672","20511,204385225","23330,540503389908","18553,136804432328","22776,770824837","19320,28751481193","20401,840591909517","23529,117619408764","24514,151364913323","18758,438811954555","15709,93802110027","24718,66363807888","18183,63284165922","23460,037350528357","19806,702501517928","21727,197300845488","19899,469490722462","25335,06189361658","23552,968215690296","20648,802259871325","61658,87857110628","69340,96528004835","58916,68676025523","71070,4103693812","67262,10079947945","70474,4590391431","70439,14848117041","69802,13865924081","75259,18833762026","89897,91926812044","206578,45924426618","126540,0947302814","122988,13500715146","91949,02290982983","273496,2413239695","127213,42608004696","127692,94290182013","123330,8347962741","121044,79122740196","112907,06203985991","169121,25575755144","68914,44909004115","62464,59359826854","77661,39769896919","76748,97865268266","136375,49654638406","137237,5724102929","106469,08470306735","106867,9436745305","106867,9436745305","205280,5798316734","64081,59682816274","63235,363426025564","63235,363426025564","106653,9433510549","107632,98503968366","207818,62325561288","49245,6818684039","49722,86122083002","49879,96253902971","26775,002627112783","22103,7215347328","26442,246539434236","22211,299603082625","23992,583541805056","25102,610345585665","23923,6691372109","19944,773397784753","15652,719346751395","15814,952612679821","23585,870900594375","24538,322685684758","12451,565601650185","12674,402072099883","27815,536070611044","24160,03101861067","153069,08868982384","153646,54281698557","61324,62023877567","31071,9136589422","27895,879274511924","22020,43405044936","25696,41991036687","21793,163496407968","24099,996181564355","28129,31342673437","26800,208541081993","198007,67826422228","18005,708849454695","17088,79369060951","7942,135686659363","181930,7765371782","189973,06880548957","181930,7765371782","179657,2474832701","179704,25526605174","179052,41468586348","135263,2011547032","144960,6196318573","140247,6243697903","86030,3130842071","64513,647839873425","60397,98853238942","166933,60332804866","166705,90199343013","167427,13182179225","160320,4941313243","150978,5060541149","103089,02413269371","93016,32845854983","8728,240014446148","9988,147402843757","9817,453891007712","7182,614974763239","8636,575577844576","8715,795804728143","0,0","104457,6556353136","26216,704525467732","25003,35632278389","88398,83567519915","87828,47156818106","52170,1797465466","52170,1797465466","164068,34341596198","88030,51404784004","87179,70821758744","86567,69620325518","152122,95484590338","153933,72751653305","217357,24664619876","217357,24664619876","201383,3603366027","193115,13719281164","43830,92889856469","130632,11939818082","135795,66524762407","136298,9391122956","66418,27562407895","29496,17848412124","69591,9309687912","71337,41331515695","41031,97981809411","53395,26116189085","53942,04486729402","42217,20311818984"
835207,"43759,37933822127","42079,398209607345","108621,20824571501","108451,30386074433","107537,8078529592","53767,60746543274","59837,766505623826","61323,82538417457","40171,72178590157","51493,902221255055","31338,003885433027","35758,514269335275","39245,541589801425","66396,20836309681","114974,28159645658","113166,71754850405","38106,347111887444","247892,7975282154","111156,41689879383","111912,64935658105","96690,38342348005","86256,32133609189","85770,88634336938","85423,32523297594","88156,88278531989","91848,00985205661","112057,280166851","81102,75656782172","115822,56334012325","117717,86058159485","112369,313698476","112524,76176462293","113795,96103985386","115457,54495563706","112928,67980457893","53532,80985524843","66440,21499917636","64169,419158837445","62229,24396357922","64169,419158837445","112321,14129325471","120217,6152862192","119025,75652128304","117093,86322490341","115347,36212106171","69847,27341902404","80590,40822073119","67886,92588006811","62955,47908613549","70870,04344564615","72768,26787523174","70265,79109313246","69410,3770908219","17825,959585601548","18501,531391239278","19522,373850586104","27984,52606356805","65786,74163331708","64971,08629685546","86122,50519792567","87163,85465988149","87819,78432629457","86205,39198493952","38836,49465305764","39046,114154079594","41751,04398453333","61507,90472607194","65233,41049011971","65993,46925484958","102707,435228574","97587,94282791897","99435,80747728761","95740,36673568121","98008,33413981195","95887,35282533958","155780,63881133875","153915,8021572299","155838,95179733625","66708,12117544218","66561,60348503741","66561,60348503741","140739,60349342937","66778,12665658967","135248,75143147598","136285,88336600125","134895,67361227947","131286,29893647748","154965,36368150703","166127,33738569566","21383,423439550006","134142,31700303513","133950,69927325816","105613,93508310363","37520,4953689309","23062,399016432268","88703,3715976419","58245,45281905157","59415,14995392399","99858,29829311665","35173,54295149921","106003,25907775645","107068,41292118645","142511,8044674295","20649,823956252818","16147,866742378981","23377,336629071993","18773,283971108664","92295,1826379807","96972,17200764244","97171,34700244869","127176,35838619193","127843,250223359","126082,08353581106","120589,85358906409","15328,680027572713","13081,52066573645","15185,741031582878","14537,7083614245","14027,574850631816","82172,2961342632","80962,38233055486","47846,6516973464","47846,6516973464","98112,5023589081","138639,063045749","133610,04050579818","130545,16940489989","127916,36186683115","126760,16824794783","77928,80303535641","78914,57347757318","65718,48459922924","79328,93819201276","119351,29699410885","116063,08897975192","116063,08897975192","110693,63662382183","114677,77117244776","118771,16884571615","112575,4388178915","116455,80053683545","108190,00958132288","119634,9943680808","119891,30080143848","121073,20132780015","118232,73491299749","110566,2411099868","117466,88021288432","110900,87661246807","116499,95380193014","121799,99555012326","107260,84660447753","113856,4949948874","114459,4238226443","117746,98455442092","118059,49272225122","114352,10033899486","121094,34586880893","113538,73343138173","119112,61697984578","115417,57500722008","111449,95770127342","43032,33305599171","35602,57259900206","45547,162563407626","55331,94207571746","51999,9770303494","55186,09704214907","43865,416595529336","49705,817262671124","54358,993395781785","58617,50564846483","120832,84360173227","117525,17306347378","114455,55945962491","113464,3848189677","259799,34903491157","33961,45550572193","34191,81642526955","80182,67072350997","80077,49785595562","71690,07785878668","82638,03247080713","137948,0656956899","61720,20166704345","110418,05133959097","108003,72161479833","91773,3244425831","92928,69419482254","111649,11865082306","112188,51951630691","112188,51951630691","115382,25760239038","149111,4861925954","148947,10012973202","148947,10012973202","101230,92451563709","101320,46179794586","142070,8083787002","133699,6532630443","134426,55523736528","134255,62053240163","83987,94757105267","86930,61151445605","83111,48353410364","86678,16568323596","85232,67141735327","107880,34447170365","107423,45301813769","103440,50032193249","108733,78364087049","108142,72941922472","102222,87362032595","108032,76643204824","107589,69869560077","103558,87270626792","101595,11043881351","105793,39356556734","79095,60383921636","80549,20627331056","124733,16375628253","129847,05661278372","124504,7543182688","121961,53180678403","120840,99055577333","122022,63914627687","122532,51489420231","126327,85226574274","126096,49830819001","114387,83717173236","114246,00152134949","113989,95234731145","110028,9685599563","129244,04974766402","134818,2586848004","129244,04974766402","139010,3478927224","138760,09464833804","137499,04513598638","43073,85812719155","54506,44029424644","51887,40250197846","80166,32163353571","100049,90585483995","97020,7364175831","115762,29590827486","115075,77183083152","115664,90813824337","96594,21870523349","88515,03968965069","44908,82105070421","47738,64708966085","113086,57555678376","107748,70504395041","112369,83491845842","111548,43807282463","112472,16546134138","112343,65212565364","104457,6556353136","0,0","128716,02782138622","127227,03084830618","16428,720415277796","16810,89162365347","145388,4637702969","145388,4637702969","75442,13564540648","47659,56618747627","49073,831018250974","46975,236788646","104295,44641189557","105896,53215871529","124460,54283789819","124460,54283789819","111314,77902413919","101033,23555739109","122165,75264783775","71749,6783863898","76150,18527443336","77040,21781327913","89574,10344446133","101024,60648140089","36355,87949585644","40445,49874421457","77509,95777281492","65233,46362226494","77051,61742201779","76226,75372387178"
734058,"102195,1355544958","103408,89984467943","118972,48699042948","121402,59797829567","120812,57362526837","131555,6153134652","144571,06059434853","147342,3702997081","89326,92814792263","81009,46947776344","131781,7510710069","126243,03308400443","126823,05191009225","101199,22609038564","79569,47877794073","77408,45329137","112710,63122346142","274860,8616125035","165890,01649080578","167403,45451774186","36663,159138905954","44691,475625172796","46274,328362276654","46244,66619307227","44234,58995416941","46894,75517713437","216372,71475172087","184983,9382801547","12963,347608129006","13099,740840229413","16456,300913915613","16199,20796977085","14964,712978328302","13274,12979909967","15806,127936391591","108263,78947283114","182798,53429519286","180072,2327762863","184414,97488679556","180072,2327762863","213894,6433562346","42742,56594796079","32742,8273435524","40289,26908207887","39894,08159152751","125889,01611171827","123164,58266997899","116251,5571857088","131534,46452604272","131251,5399757289","133172,05177966593","126943,94240422387","123783,78124846889","125626,81923514853","124609,9427202554","126085,51242436847","123319,15830649552","72561,86867515866","73545,24890902288","209200,3769670544","210299,60774305504","210620,7652387214","209655,43023437436","95066,77701440731","95338,56649280532","141096,76030755098","68716,26372872591","63571,49928655","62853,825028494226","117160,84243031185","208869,3684857881","210455,61699314116","207287,58747188118","44709,35449886542","46126,93856497351","40955,16984503665","38808,00184896533","41393,811593844635","85351,46422600822","81702,66446827172","81702,66446827172","253550,78429151681","161522,7986583061","6533,8883186831745","12960,820208351954","23557,52265107053","5239,632576114721","46123,06904318287","61236,41705638113","136229,02098748984","178483,69680845487","178560,17173022503","78344,12601692433","93362,25356585073","106075,66647659565","190627,68522471967","165440,43985406315","164874,19367749966","220744,27474315526","139604,6742003509","61806,782467307974","63549,19803416873","73989,7474096056","140809,0190624876","144196,13296458844","141349,90298925343","146724,91470545437","39237,77388092848","31970,15514528844","31772,267777919453","45666,48240023259","41580,72221150368","41536,25647622481","80817,93589148499","114823,29911714369","117298,85024698028","114342,56136122897","115121,11776872","116358,84176608277","202106,9557134324","200481,3870809962","151937,28173060773","151937,28173060773","83726,33724134411","9954,973265059123","7700,610742266189","8639,260711068933","3378,9821435357","5226,730167073705","61714,09650819739","61255,37276550076","66204,81791217544","61076,98104717158","9630,45254328591","15099,445968439217","15099,445968439217","22547,793929437994","18277,58359771345","11613,24040889434","16206,227434720917","12642,705088958724","23728,78670114746","13580,734477860431","9838,98356028453","10700,001220402624","10967,471608549962","23019,749230203277","12443,855641591732","21078,323345249657","17097,799179273024","10966,69431668176","23901,79481571861","15289,003415304263","20490,781510693138","11433,412275698278","15078,889037711517","16771,946699332027","9014,937143746909","17803,272831803013","15643,396162944913","18400,46651107642","20645,79039131455","85684,77343355895","94294,758559293","83507,46351955459","88881,93087441822","86502,9549905673","88397,17259407724","91270,27106365678","89234,87554101166","101398,92579008578","115853,20171612929","232794,1719857629","148688,8664459169","145267,24722916598","111931,02774929536","292150,43183182814","152929,0676255631","153401,19363774144","148780,84834911433","146434,5769479312","138543,76733571527","195315,4964739545","78402,26855094309","79713,45400273758","97148,80925675623","96699,13441580576","161584,54922369943","162407,34450490293","127902,1428363142","128248,00870334404","128248,00870334404","231469,876800992","65885,23741091434","64756,964213245825","64756,964213245825","129548,31520009197","130571,22510018178","233366,21019240687","55258,32678994675","55417,22381701875","55748,217268473745","52779,168316670206","48179,01848376618","52567,11319423553","48307,027441800325","50095,17827759232","27239,175255407514","26820,693464575295","28084,40080602409","21038,000175028625","21720,977061012887","31089,34905757409","26696,338974627553","21381,192229083175","25495,52991117245","34281,524834450174","28428,091010265038","179239,2469678596","179800,47772350544","74802,05033760199","8885,484636919073","11497,437604000324","7898,18144799511","13775,79983272803","7590,013624743373","9293,391471464369","9039,505717024922","7136,4227616079725","224215,49684184496","30750,523100106842","29962,232598890005","24914,275961326908","206868,4744634316","214989,25104638736","206868,4744634316","203607,29113765337","203681,8758353951","203100,28142068232","161124,21097271077","170970,4731329474","166298,89041883315","110535,40300192688","85561,4032026476","81994,9383304903","191983,69947475512","191791,3793601831","192510,43876628016","186153,66235770733","176854,005507017","129305,68987792238","119216,22091696388","19584,044635442417","29356,049889205322","16796,30401812998","20687,73464646106","17588,991849744078","17504,43983615408","26216,704525467732","128716,02782138622","0,0","1569,3649432527723","112400,14424469255","111928,42159041796","50344,061323473","50344,061323473","190214,5037282027","106244,27941996165","105148,71631698743","104980,09218320446","177204,1388849902","178994,19719083927","243490,14679596387","243490,14679596387","227565,7512367522","219235,74049808556","55436,02973364026","156616,66607714657","161741,12743092678","162225,15842879456","89478,59906287186","50447,221302561804","92906,46295731008","92886,90390576613","57374,44513642643","71324,43889186197","67396,92206741906","58777,65368058591"
734068,"100925,81954704988","102128,28272255143","118448,64573676014","120864,39601235313","120265,30894249634","130395,74491383873","143422,10824982327","146194,7570466848","87879,3146999871","79643,17915798035","130454,36009344127","124951,14627504567","125556,04384718619","100176,75199003743","79314,82740271588","77124,43404101727","111425,74457729115","274663,75362388545","165118,43577825473","166629,62594963892","35104,54494618182","43125,20983692199","44705,07348297088","44676,0282551658","42665,431130651436","45366,046292156825","215217,34061072356","183786,71301048592","11546,691839321518","12141,357983769727","15042,134235765048","14734,087697156312","13448,385986035995","11770,72862306063","14351,173714453744","107111,905590639","181480,751620892","178755,4464127171","183039,1580286399","178755,4464127171","212764,65310367645","42697,6805076857","32615,449907300655","40120,44245171688","39654,33445500403","124888,68336878528","122283,49975464128","115248,27981289236","130454,67043414353","130246,73912679013","132179,63045951974","125945,1578615214","122783,8570277686","124220,8912810813","123207,12599429114","124689,40440690905","121974,03176630533","71344,39150378389","72325,6979996151","207829,46681095927","208928,4896338479","209254,22567619226","208279,79127831967","93688,75184418264","93966,35603002054","139819,19943208335","67316,16710887097","62065,59173991219","61344,13653976113","116566,99969950321","207632,43200889532","209223,1228045041","206046,16712853737","43878,45690083089","45248,786672182425","42221,326280672765","40064,62000773567","42651,222418615165","84274,68783847835","80598,01071316292","80598,01071316292","252333,6179862666","160352,19350237734","8046,488264730656","14226,218093990561","24345,606085218395","6471,443056142377","47244,282264007394","62371,3159751852","134832,28395892438","177872,09041312613","177945,80247280857","77909,31940429012","91940,86714281196","104606,72808064336","189458,86041076898","164175,45651226002","163622,40239516724","219407,84324694864","138285,70718623186","61371,447459003924","63143,35471642231","74360,77983531973","139393,3775325866","142724,68591251914","139949,25013225395","145256,12794414264","37989,83166867296","30545,732386467553","30348,376596377246","45860,60839722249","41822,43620607917","41711,97714019012","80669,47367721316","113363,15715004211","115837,91696176789","112875,08226159133","113654,70576652231","114899,23892492849","200770,0009867897","199147,9061660546","150662,54230851933","150662,54230851933","83150,31923604512","11415,408781844246","8364,626996930407","8564,2968569221","2854,2419117365334","4352,071867007105","60597,03226725697","60155,2233007483","64863,459803790705","59984,257879847384","8069,1717063747665","13574,120355093462","13574,120355093462","21039,693278594146","16799,88516736554","10079,769711214689","14684,665958616464","11079,832810601969","22180,30138149951","12209,387036765098","8283,34274739435","9293,682499628261","9399,166411067557","21518,645655591637","10883,666974490698","19542,389177733592","15669,483859301494","9650,222617106283","22339,864644379566","13727,74039263346","19070,59068894716","9865,997271220109","13663,834851400052","15233,177436805232","7493,279193241695","16265,92051951796","14321,330771403682","16961,269645028027","19115,578630105545","84197,72611517432","92852,57160481004","82047,9796203172","87313,94295441976","84934,34370536632","86828,82217927667","89710,26109957678","87666,59064866009","100238,98196477818","114756,49390314058","231572,0157437502","148102,90569740915","144667,13534759442","111509,78200888401","291910,8177114086","151545,7351750766","152016,83429626937","147795,76433471424","145459,61837259354","137522,2855074475","194048,93812212066","78630,22283754063","78146,34772784474","96748,59356101706","96261,8496028338","160642,08314785978","161471,2753302255","127370,94047920073","127721,78381818379","127721,78381818379","230198,76878877237","66508,81394979802","65391,24102037901","65391,24102037901","128879,41321296753","129898,41223891034","232370,94338786317","55585,97046255902","55764,46789143732","56087,48413341882","51651,12637873921","47029,88951982808","51405,242322594604","47152,27046291046","48939,39208893487","25748,649968416845","25310,70744131238","26520,539673616615","19469,299032336265","20151,99235513802","29542,24038732212","25199,61771018551","19838,655537931467","23951,211434206158","32764,18159985283","26908,2070076471","178065,39192035864","178635,96321218804","74770,46503820638","8669,771138430175","10507,931794555812","6371,401333417663","12510,186510350079","6045,061510797245","7948,352516331216","8226,162464902716","6212,932395363033","223009,6492809378","30355,521948646656","29538,121652169295","24069,437635808277","205974,06568500356","214083,76745723633","205974,06568500356","202844,2540919746","202915,50472536424","202325,2244102948","159761,7007614945","169636,28007839937","164975,23816074082","109677,3299538236","85018,00828261266","81399,58711399585","191070,4739589572","190872,639513105","191592,12339588066","185094,22042224085","175783,5487701343","128078,64291659095","118019,65731510721","18673,574640899224","28554,058695807984","15467,807060973739","19705,999248596057","16404,806026786588","16289,19251884645","25003,35632278389","127227,03084830618","1569,3649432527723","0,0","110903,49790259867","110435,92951845216","51083,87382875211","51083,87382875211","188921,02904892297","104676,31139922388","103581,55962009214","103411,49446399849","176284,16987076067","178077,67686847676","242189,6456706466","242189,6456706466","226290,01177193687","217931,186163702","55431,02431647112","155515,35656100308","160651,2737408819","161140,57020279876","88761,75770992112","49804,38465934598","91391,5820317085","91334,90856327182","55806,066824825764","69755,09899914151","65855,5175235498","57209,056398042594"
835111,"35707,41577989913","34318,18366253152","102963,33064467605","103187,3157786097","102244,2299819354","55485,59234679966","64502,884735375526","66522,31120940461","24756,863915931364","37023,38284622266","36623,02733122708","37842,03393812422","41127,40102051683","59177,839076487886","103754,90377543896","101747,56073870193","34096,51913719275","249594,07453881847","113341,73638173133","114282,79029974996","80286,99544888633","69832,9236309743","69372,5085420421","69015,79083703135","71760,22292355848","75667,40238623881","124053,76458352104","92192,52850595377","99532,70473150253","101555,59906552939","96091,36498995875","96220,31597311862","97463,12893273223","99132,79021206668","96628,94330199473","48130,51055301444","80159,27959029168","77712,93641783769","77347,74244743226","77712,93641783769","123767,96708885704","105649,35115443918","103830,998753053","102351,70422423951","100564,18502348801","68386,52074433406","77659,85393704953","64231,145682343704","63601,40876425792","70612,18062848084","72776,0608955491","69023,63763298582","67476,04836283287","22579,340650876653","22369,976264392517","24211,900552822048","29615,688564261312","52016,63284091234","51298,90035414181","101667,20613269894","102726,92832604669","103319,0278795998","101826,25661087275","26288,909470206054","26733,377097251036","48621,24027190426","45887,85218214061","48862,939081763565","49611,6255492965","97149,78272790574","110765,73519664952","112589,93480118894","108942,5868489691","83122,20128760308","81025,7131799005","140322,03066498216","138415,38982059126","140402,30489219533","55870,027666897266","54903,967520768005","54903,967520768005","154729,2741229124","74838,17074644726","118933,99741072457","120189,36523738009","119205,03691996168","115053,59735767826","139833,96537813434","151445,35749821248","31550,879463034653","135651,07966587952","135496,20060641726","94427,23823881379","23267,324509513746","8614,233007726123","99600,42009122962","69169,85525728793","69915,39149501226","115055,60156773026","42952,767686287894","92980,19093328645","94227,74681737921","129846,49441413232","33444,056370005135","32419,681418889097","35408,97709487781","35032,615653271954","76454,21932124867","80746,61261356084","80945,57746248879","112759,5979641873","113156,97347524147","111409,67461842313","109353,57713368324","8232,578314052711","9211,735727765692","6678,809413475605","7166,541450902836","8953,17316722905","97011,02214336242","95694,17178112276","57070,38620790554","57070,38620790554","87700,48490037784","122310,20130398493","117219,91593756946","114134,97160156851","111554,02777654285","110379,80152336495","63640,077155972685","64654,055244581454","50467,12394279653","65081,641410442055","103002,10827647347","99651,34227338804","99651,34227338804","94265,07255499742","98250,71487080185","102377,95145027782","96237,93147838568","100095,04760708047","91762,0089724036","103213,81991375716","103515,40887470442","104667,8123974032","101870,3510076941","94138,33939669719","101080,08801801104","94474,39089510479","100072,57006375398","105387,67467436039","90835,95447011366","97488,89197454829","98032,034651826","101384,52512619007","101635,81172260104","97937,34873055117","104713,48253202937","97120,18700159917","102684,80775568141","98989,11013725323","95023,40688006196","26779,557695864478","20752,766778581492","29665,626409729295","41600,8333088419","37279,03523797586","41328,17529593563","28915,89027306188","35298,45213940169","46893,9250823966","55320,52330285891","134474,90548878716","115925,64454752962","112590,86043479596","106445,18372232832","262416,03553040634","47276,36995519586","47609,37593847553","82931,77283125954","82305,26820042869","73114,25413927736","95835,0226076721","125857,3971448799","46860,86647016662","101496,69829168195","99115,84076691761","95726,57441645925","96890,88001400701","107179,32022842488","107731,1700297548","107731,1700297548","129766,59133246446","135528,58474743154","135286,12902328387","135286,12902328387","97879,37727371143","98141,40011898932","152141,96154173845","119833,46056407172","120554,2541647868","120411,63572505755","68999,66508134753","71630,7338693648","68004,00471556623","71369,64298379936","70010,48842957708","91466,72627317125","91003,03079984259","87011,89288362252","92333,18137671566","91738,6914779261","85804,42235611727","91615,05192051262","91225,44091774811","87183,12868813954","85220,11170872606","89376,35434368046","89213,30401805164","90516,66748577532","112759,50484180349","113434,42464435221","108081,95480594033","105588,8728995675","104415,66239321488","105656,13703001542","106131,75508843866","109915,13034110288","109698,92545098372","127530,10324903222","98870,52340041255","98563,3244960248","94189,82409652717","136480,56543667795","142684,8761165057","136480,56543667795","144197,8366078594","143996,68169701722","142814,58984214466","56524,97937964793","67912,35758326181","64593,254690235364","74665,55055302523","89863,31942352653","86380,79475597563","122267,81212228072","121650,58244975508","122287,83467096685","105051,73887466041","96333,58427141898","47003,73963284426","46040,86682752937","97068,89433415035","92094,48478900042","96133,6869081096","95525,90307327305","96306,36156666285","96163,63502044449","88398,83567519915","16428,720415277796","112400,14424469255","110903,49790259867","0,0","1074,956178470121","130859,27958636364","130859,27958636364","88975,795134009","38057,185334130954","39191,951860227055","36923,793790123294","109635,35938986059","111354,47683472733","139465,2086200181","139465,2086200181","125692,99449191241","115702,37997104684","108520,9022410142","77650,1256856124","82573,7633695389","83430,028427457","80080,302089192","86797,68712200699","19948,388946316463","25175,78108549368","61315,75249513131","49467,56784654985","61729,56649305983","60059,288240766655"
835159,"34632,54293279539","33244,23032435897","101890,04351319686","102115,95976938373","101172,76247740824","54593,68910470909","63717,39628215112","65758,52151905619","24007,302481357066","36172,12026818052","35950,347287311895","37012,632092417574","40276,900724806714","58102,88300715564","102750,43469965016","100749,64463144446","33076,321696513885","248635,96024879802","112420,38469800616","113367,41590136141","80004,78584190583","69517,91667603726","69098,26905864089","68730,06198042558","71487,45860462093","75523,65919406674","123666,40428506592","91750,75689575713","99047,16174332272","101018,86624962055","95599,96499536588","95741,93018804512","97000,48470460938","98665,52029809634","96148,1646242594","47068,82168449646","79962,78773277561","77500,3216554238","77328,14108143449","77500,3216554238","123335,43807122794","104845,32484592148","103099,5461119176","101565,16454421346","99781,75647017939","67382,81949483941","76620,69557412881","63185,45369382876","62661,287765223","69638,27745641106","71808,06287826883","68024,84124963335","66461,92294654039","22021,984422554935","21766,43996474903","23623,527715082022","28813,556446041926","51120,686208809006","50395,10391848091","101705,93988257601","102768,72657853346","103348,81620711419","101879,40557202208","25282,999485697535","25718,43838779965","47981,572832917394","45203,18856078747","48424,262241709854","49182,862779029274","96077,2297405475","110493,02852466964","112313,99539813385","108673,2239486226","82346,97769445875","80246,97979487211","139633,81640477738","137733,64766903812","139710,6783909566","54838,2177783605","53897,46392036927","53897,46392036927","154529,5239480193","74213,09832323357","118461,86645855644","119633,07986766999","118554,35704485221","114543,70405087134","139099,17398291075","150659,5992461115","31204,925219239532","134701,29640523772","134547,58639365045","93419,67666111607","22365,057141492445","7631,998710120679","99138,57966016304","68740,86522666278","69454,40306327508","115029,9958077752","42385,47744522438","92054,3410986578","93291,85311420755","128908,27165400701","33277,55415805425","32687,449915435696","35168,32740546413","35291,265662693455","75827,1973126987","80231,38078543264","80430,45050262281","111942,18391096563","112366,54544126493","110617,47209655079","108350,73513968775","7460,167817554847","8663,831644411735","5917,610459293885","6479,907937470321","8310,721095660136","96938,91121531991","95607,9885874574","56546,87227378469","56546,87227378469","86668,77011050949","121845,95161796724","116799,28361515253","113736,76731427386","111110,81301835124","109950,47822232117","62795,06384516259","63807,02862501591","49724,40709286235","64233,65108361502","102549,7801609375","99255,50499294809","99255,50499294809","93923,94278187203","97888,9014656123","101960,2804529782","95778,05620916006","99650,50819505662","91405,85827436535","102834,31342123722","103082,34119265119","104263,47187502046","101427,00790862169","93803,44448704344","100656,31996131335","94110,25903047982","99712,29811878245","104992,58816195278","90466,38160672181","97049,29886133663","97699,92458364092","100941,22726040814","101262,3703903423","97546,10988607763","104284,53407233437","96735,53033070575","102326,86137785521","98636,75946970162","94659,51700261119","26262,914527159453","19906,74735213797","29023,137715563193","41980,56951261853","37524,90190337258","41692,06306724944","29148,78903206521","35600,94297871428","45819,050758413265","54286,700198984065","134241,27674072766","114901,04393288054","111561,70185440744","105371,08207845918","261485,8693070155","47093,302937872126","47435,07400174311","82046,71399397127","81401,6335398327","72190,24318282385","95572,69367760363","124890,71333169875","47062,31973986795","100438,22223617286","98056,60407724339","94879,88924482328","96043,85125040183","106113,60808968607","106665,51893625506","106665,51893625506","129621,33057120141","134647,05335514017","134410,10618406688","134410,10618406688","96828,10954539526","97092,60883619827","151597,23542273516","118970,33596505671","119691,72482882747","119546,90394222934","68231,65585762847","70905,79436069506","67250,84282993013","70645,88302415021","69273,77598604716","91168,78527178451","90692,6879934991","86662,27737212315","91923,31860011192","91332,82850360581","85498,62316096736","91310,05278809546","90783,24752495361","86749,73560477808","84966,0599748289","89072,82225359295","88703,46917108836","89995,3719029743","111785,53074433569","113039,6875956842","107706,07417064071","105153,26529381594","104046,97287611094","105215,8550752365","105721,99362450982","109520,57202724887","109285,69561955375","127246,77042805548","98163,98272664593","97864,57976333854","93565,77741154986","135768,6532702513","142005,44469956722","135768,6532702513","143383,5645213151","143184,65097447316","142006,43157016044","56332,63800663113","67697,03309323758","64316,5233026261","73595,37243362868","88826,5876201786","85354,76682272756","121523,49091108236","120910,01981017376","121549,43808410258","104423,39551117478","95673,94715953778","46144,13706168313","45055,425719471874","96488,21943833637","91433,0855639453","95624,05618171753","94946,3490132341","95770,39560711141","95632,63530075987","87828,47156818106","16810,89162365347","111928,42159041796","110435,92951845216","1074,956178470121","0,0","130055,5961963881","130055,5961963881","88752,50283989625","38820,31064126634","39933,202034678485","37661,22986100863","108840,97812187656","110564,6638215647","139403,0571807664","139403,0571807664","125548,22446390553","115599,00849536435","107639,16696426156","76906,06185357175","81850,8132836975","82704,53585934735","79027,41038662316","85956,6892418554","19694,80989579523","25359,918875314455","61172,171394400204","49474,344598339514","61826,30115710134","59927,66498695113"
735137,"107106,00108504195","108762,76490687463","92462,82192993775","95150,0792709203","94901,44963062198","128308,67877439884","139906,8321624185","142443,15793256412","106157,23376887894","93983,25786176715","137148,64146882933","130044,43351065922","129253,00085765809","94942,54558245765","49874,12120878954","49125,233981290905","117313,86331653145","235234,1705725208","144787,14436285512","146313,02349112774","77058,43145123761","79674,41683155757","82264,54637598911","81773,93458668068","81237,61591529471","88209,19866628342","208980,79897613084","180644,2093250167","52723,62935719089","46975,551628011395","53739,22987260131","54825,554875839036","55699,971845641485","54599,43242476379","54427,06922317991","106797,69431735165","184965,0987299391","182286,43810492515","190059,89763514357","182286,43810492515","205388,8873453935","25210,279663463836","29209,967732967645","28629,922807786694","30469,202846398814","116076,9210111167","108827,79314762681","107454,85180511512","124652,62022636256","121186,73575417584","122446,3774446528","116978,41333911059","114137,62131989458","136248,7636449227","135100,4997217442","136031,7618593986","130342,67429472748","79729,49494367334","80593,70759325803","213732,1245480831","214813,50882003174","214832,50827808317","214479,6820391334","106778,97722317386","106675,42689214194","143076,36747554672","85737,1418089092","88421,10774404612","88130,70738530807","93099,69919934632","205729,15884303043","207038,4431771092","204428,32754756184","47894,97862752823","49945,403245088375","22342,431982011723","22451,59791847703","21878,385532475957","83836,22684287786","82051,0866672965","82051,0866672965","248294,40079305627","156922,67189065355","49611,85914139777","38909,97977784071","26795,695315727226","45432,88390318989","15318,786628531208","20886,48475991349","145534,64790275352","151533,18423415767","151694,42966264163","54734,235742052384","107959,73610727007","122745,43383761286","184695,95804435332","165410,40467369335","164172,9512512241","222815,77671607773","143966,58211967876","43462,98959463493","43523,819578122784","28080,486028202427","151108,17969863673","158500,46727404415","150604,19309535855","160681,06563792157","58623,03341088325","61088,45670691199","60957,311176967756","18259,058859627163","17835,600658574782","19538,34488279121","47608,68372806851","130092,06405689116","132438,7235449643","130216,33018977585","130851,20535743934","131467,95338388774","204740,90911725428","202958,09741936612","153120,4947181974","153120,4947181974","63683,529000045084","50586,30287674773","55864,00643719386","58563,73689921757","53709,06541995408","55429,51754476727","67460,3522921782","66477,80323508928","80633,55184957736","66065,83342933818","54688,06821766051","61191,40203339052","61191,40203339052","67725,01789106548","64778,98601291953","58322,8501213223","56462,73291663334","56397,79994856193","67192,69636411553","61936,226589562204","56475,893942897506","59120,150928694915","55931,539186797","68311,29594030071","58088,60884166179","65627,86681957616","64491,56460264273","59928,32305283956","66386,69312150324","57797,44057250413","67607,15036969093","56089,89359154597","62868,32694445791","62117,774090044586","56586,31027956795","62970,59432281824","64189,12560720305","65491,833607898174","65482,043786355585","105861,5372976819","110175,6085549334","101896,26553979503","121947,89977574503","117380,30940575109","121307,8460113895","119073,35795925351","119698,77001947974","101118,39624637358","111096,73611678269","228250,76940204823","122184,167884731","119401,0925470179","82829,86558202111","253321,38840015905","160416,6107116566","160930,88121199544","136698,62908364198","134082,16721284165","128637,61456100609","194173,23422422525","35251,1720845364","113791,36661448963","69050,05878563778","69839,36279671936","147080,7990646552","147609,5406515557","100925,1668618887","101088,35307825975","101088,35307825975","229535,49137291883","16200,861856624584","14990,413176957543","14990,413176957543","106986,36934734079","108066,70953170421","218532,6348096607","15555,267102281037","14990,992390029565","15398,058059912346","62013,32489707596","60038,254238509486","63156,13719004539","60315,96050182365","61409,89359762742","72233,84321895867","71308,3734676031","69440,32855925018","62425,90781388839","63003,09058944365","73309,57405003115","71592,69512171118","60213,23086244811","62869,91036615035","77525,91606847335","72349,04008467295","173988,08915065695","174078,8895372804","39352,22633418895","58992,07609883895","61528,004787075006","55686,07026459109","62805,90884862093","55183,44209749529","58262,102477381406","59304,53640712311","57294,94526549322","219063,72961645195","35045,83924995969","35768,46480774269","44228,40329148917","188773,19190408193","197087,26402051924","188773,19190408193","180866,93525043523","181054,39575642036","180790,12493345476","166891,22337598307","174576,53771144748","169492,85656660647","96579,48456442633","64039,88588448334","62981,90918693282","175075,61003483654","175102,57730133663","175780,57090527876","175416,0742536323","166966,88732692855","129492,11446225182","118748,52007123378","45554,33094774606","43492,93800808005","52127,179897006674","46634,93726513141","49766,94166391276","50270,030236414306","52170,1797465466","145388,4637702969","50344,061323473","51083,87382875211","130859,27958636364","130055,5961963881","0,0","0,0","190725,75301629727","138308,25300983412","137628,47451979897","136744,78364823057","161110,22797417763","162694,185115947","242914,53848422944","242914,53848422944","225980,3948437929","219477,4149297761","26356,855959940443","149064,08802776065","153408,21152022883","153634,314611459","73274,92154068152","44450,62783080777","114730,70760141614","119117,59650693876","93045,26031155173","104669,32733654232","106109,09464976218","94172,16811663038"
735039,"107106,00108504195","108762,76490687463","92462,82192993775","95150,0792709203","94901,44963062198","128308,67877439884","139906,8321624185","142443,15793256412","106157,23376887894","93983,25786176715","137148,64146882933","130044,43351065922","129253,00085765809","94942,54558245765","49874,12120878954","49125,233981290905","117313,86331653145","235234,1705725208","144787,14436285512","146313,02349112774","77058,43145123761","79674,41683155757","82264,54637598911","81773,93458668068","81237,61591529471","88209,19866628342","208980,79897613084","180644,2093250167","52723,62935719089","46975,551628011395","53739,22987260131","54825,554875839036","55699,971845641485","54599,43242476379","54427,06922317991","106797,69431735165","184965,0987299391","182286,43810492515","190059,89763514357","182286,43810492515","205388,8873453935","25210,279663463836","29209,967732967645","28629,922807786694","30469,202846398814","116076,9210111167","108827,79314762681","107454,85180511512","124652,62022636256","121186,73575417584","122446,3774446528","116978,41333911059","114137,62131989458","136248,7636449227","135100,4997217442","136031,7618593986","130342,67429472748","79729,49494367334","80593,70759325803","213732,1245480831","214813,50882003174","214832,50827808317","214479,6820391334","106778,97722317386","106675,42689214194","143076,36747554672","85737,1418089092","88421,10774404612","88130,70738530807","93099,69919934632","205729,15884303043","207038,4431771092","204428,32754756184","47894,97862752823","49945,403245088375","22342,431982011723","22451,59791847703","21878,385532475957","83836,22684287786","82051,0866672965","82051,0866672965","248294,40079305627","156922,67189065355","49611,85914139777","38909,97977784071","26795,695315727226","45432,88390318989","15318,786628531208","20886,48475991349","145534,64790275352","151533,18423415767","151694,42966264163","54734,235742052384","107959,73610727007","122745,43383761286","184695,95804435332","165410,40467369335","164172,9512512241","222815,77671607773","143966,58211967876","43462,98959463493","43523,819578122784","28080,486028202427","151108,17969863673","158500,46727404415","150604,19309535855","160681,06563792157","58623,03341088325","61088,45670691199","60957,311176967756","18259,058859627163","17835,600658574782","19538,34488279121","47608,68372806851","130092,06405689116","132438,7235449643","130216,33018977585","130851,20535743934","131467,95338388774","204740,90911725428","202958,09741936612","153120,4947181974","153120,4947181974","63683,529000045084","50586,30287674773","55864,00643719386","58563,73689921757","53709,06541995408","55429,51754476727","67460,3522921782","66477,80323508928","80633,55184957736","66065,83342933818","54688,06821766051","61191,40203339052","61191,40203339052","67725,01789106548","64778,98601291953","58322,8501213223","56462,73291663334","56397,79994856193","67192,69636411553","61936,226589562204","56475,893942897506","59120,150928694915","55931,539186797","68311,29594030071","58088,60884166179","65627,86681957616","64491,56460264273","59928,32305283956","66386,69312150324","57797,44057250413","67607,15036969093","56089,89359154597","62868,32694445791","62117,774090044586","56586,31027956795","62970,59432281824","64189,12560720305","65491,833607898174","65482,043786355585","105861,5372976819","110175,6085549334","101896,26553979503","121947,89977574503","117380,30940575109","121307,8460113895","119073,35795925351","119698,77001947974","101118,39624637358","111096,73611678269","228250,76940204823","122184,167884731","119401,0925470179","82829,86558202111","253321,38840015905","160416,6107116566","160930,88121199544","136698,62908364198","134082,16721284165","128637,61456100609","194173,23422422525","35251,1720845364","113791,36661448963","69050,05878563778","69839,36279671936","147080,7990646552","147609,5406515557","100925,1668618887","101088,35307825975","101088,35307825975","229535,49137291883","16200,861856624584","14990,413176957543","14990,413176957543","106986,36934734079","108066,70953170421","218532,6348096607","15555,267102281037","14990,992390029565","15398,058059912346","62013,32489707596","60038,254238509486","63156,13719004539","60315,96050182365","61409,89359762742","72233,84321895867","71308,3734676031","69440,32855925018","62425,90781388839","63003,09058944365","73309,57405003115","71592,69512171118","60213,23086244811","62869,91036615035","77525,91606847335","72349,04008467295","173988,08915065695","174078,8895372804","39352,22633418895","58992,07609883895","61528,004787075006","55686,07026459109","62805,90884862093","55183,44209749529","58262,102477381406","59304,53640712311","57294,94526549322","219063,72961645195","35045,83924995969","35768,46480774269","44228,40329148917","188773,19190408193","197087,26402051924","188773,19190408193","180866,93525043523","181054,39575642036","180790,12493345476","166891,22337598307","174576,53771144748","169492,85656660647","96579,48456442633","64039,88588448334","62981,90918693282","175075,61003483654","175102,57730133663","175780,57090527876","175416,0742536323","166966,88732692855","129492,11446225182","118748,52007123378","45554,33094774606","43492,93800808005","52127,179897006674","46634,93726513141","49766,94166391276","50270,030236414306","52170,1797465466","145388,4637702969","50344,061323473","51083,87382875211","130859,27958636364","130055,5961963881","0,0","0,0","190725,75301629727","138308,25300983412","137628,47451979897","136744,78364823057","161110,22797417763","162694,185115947","242914,53848422944","242914,53848422944","225980,3948437929","219477,4149297761","26356,855959940443","149064,08802776065","153408,21152022883","153634,314611459","73274,92154068152","44450,62783080777","114730,70760141614","119117,59650693876","93045,26031155173","104669,32733654232","106109,09464976218","94172,16811663038"
836066,"88085,5129003116","86822,62858327173","116706,32825014046","114880,77675162851","114346,41263798221","62442,34771555505","51657,90491510803","49449,36267321212","104406,86536256308","109775,57988076714","58777,3051464495","63971,535173716205","63538,80524790808","95785,98315923702","146248,6165548575","145675,13302244688","77512,56458889655","205235,2678064408","83412,59746962444","83064,74427059785","164277,44254118443","153551,39887009087","153868,6874087896","153317,64059897474","156202,23258574744","162054,2514930326","38778,92677331165","19581,952495041332","177479,91525319158","177608,33904015372","174024,82208008564","174568,8484813275","176247,46008720458","177691,13677751354","174879,622433105","84443,19724667506","9060,656167317595","11289,218335992215","19566,360310519995","11289,218335992215","40772,636636559895","167963,04918381007","170830,7673599606","166191,9181884337","164865,82239336518","77069,45714674679","87533,7658419656","84265,6610164888","67245,33522269726","72857,86606670584","72486,23552020913","76403,45952519946","78664,45841802796","68210,39448522439","68935,66748082839","67127,36594228349","67561,368635707","117993,76832613099","117000,02534542096","26558,835867457346","27424,130871035093","26880,902404230354","27769,23054221263","96182,09579475563","95770,57471737749","49194,63257884549","122489,28389373427","131337,71765242974","132225,152141735","112024,32169441019","22263,898158654105","24119,223005209118","20408,573312099557","150008,85779904903","148004,8305756735","207063,65951543016","205638,24320459602","206941,77493419815","108157,23701605234","110888,59647214419","110888,59647214419","65818,0192132074","36197,69682447188","196466,9220034755","194478,59367442224","189269,11613157165","191400,2417849246","203776,48967068826","211085,70763850477","57827,67380321256","103701,9062434184","103379,80686972119","138414,61336724123","99325,79778113002","90889,92803921575","24395,53711527579","25372,286010037486","26557,36433275371","32184,248789024903","50845,79546057809","147263,27515855682","147282,33663368237","177324,35765634727","55582,973375661415","61442,20638649832","53585,8518149941","59265,75056451624","151015,45894613946","158843,08230953466","159031,7084947168","173348,72773273353","175602,54892726112","173911,23879812713","151031,8897287122","82482,64524793986","80458,89112500896","83672,75531960068","82898,72807427763","81114,79237477308","15476,949240670896","13685,207366175575","38429,28468449401","38429,28468449401","129089,39665254907","199986,38791609602","196511,96635414995","194210,5336666363","190340,70071417777","189648,0492576105","129812,32413860953","130493,97958742338","124192,59484064032","130774,49210737043","181854,39023158813","180305,14718312336","180305,14718312336","176522,19958065543","179860,07712942836","182305,86984890446","175167,42912611933","179316,4660538327","173740,92457968474","184186,07759154247","182939,5512228483","184894,37376633793","181050,72040793335","176548,6191203538","180881,5655826465","176157,17068841882","181659,99961015972","185851,97074512512","172516,60828633615","176975,54590280188","180385,82354778145","180587,33653340506","182825,48306376074","178782,10153386652","184213,5422903992","178172,92036574724","184246,79957411918","180814,11868546242","176692,64219156204","110324,72736918861","99492,05638790963","110450,3584578132","130322,8965335148","126254,79700594883","130107,68777098294","117889,26987624392","124235,31207866444","90745,6614221393","79648,68439864693","45507,172683402125","105292,4535730823","104257,75380025337","126254,7674740624","212885,33408878534","41753,67669606593","41452,98043033633","63677,54538362738","65947,61010746342","66447,491476009","7655,184185428131","170252,296428185","135814,62610762738","132220,9721570917","130190,97868156615","63244,3573767534","63798,64125277533","113756,29368541771","114096,34855479433","114096,34855479433","41589,48853677825","188401,20536341605","188705,47053215583","188705,47053215583","101616,60414103403","100936,00932949419","73200,65622668734","176030,24557856476","176722,19079217126","176405,31035376602","138350,03582596008","142651,0122059864","138235,40396895277","142479,90340542982","140715,41110699513","174797,15615496697","174075,61595853683","169321,53032790628","172896,8133943672","172436,8291269629","169138,46855571834","174787,138368121","170927,46739866203","167333,54347675265","169613,13289487932","172647,83017833967","25245,80380122806","26542,266126308445","158130,45903137804","193634,6289923626","188990,74606321607","184850,96128404472","185638,78891493648","184771,29274143485","186147,08037391186","190237,50275854554","189481,35928534874","39007,05112176139","167687,6601537028","167810,45194718541","167290,0453755811","73258,72133289177","75236,35339814123","73258,72133289177","90727,85178245154","90295,11541220691","88880,36197600453","32502,741260903415","21068,136720188017","24714,483315149002","97229,47576506187","129626,53078431368","129214,60182241815","65951,85238327402","65101,21948444548","65309,46761176916","42807,2874373096","41953,933253837306","61880,78478631982","72569,25550939977","171729,6302714599","163732,17767455804","173455,51908317627","170337,0912893301","172697,71377981015","172740,8859447686","164068,34341596198","75442,13564540648","190214,5037282027","188921,02904892297","88975,795134009","88752,50283989625","190725,75301629727","190725,75301629727","0,0","122830,57039908985","124295,82746993637","122263,08526813726","63677,545383626835","64135,38571607738","53299,55922553178","53299,55922553178","37582,40745068486","29128,587392331745","164476,0987025729","46879,08640617056","45132,399119601665","45507,141430037846","118896,53753717038","149047,74837233248","107070,21866051985","114111,38388688398","147974,51584739078","137676,91601013052","150379,6803209946","146884,9008737747"
835161,"68244,60645493188","67375,57283116349","133637,19548793152","134360,65769059354","133409,63087876342","93071,01488498322","102535,18637919442","104576,21037012973","45317,49325924693","56467,99496103805","74601,49681675914","75782,54379793952","78987,29378728296","90083,46588957681","124150,15832040274","121740,16536118383","70128,00173064534","285952,0125254863","150492,1033615088","151506,3165317841","69728,86116011378","61965,236256176184","60087,23917312619","60210,24003016531","62035,232280658995","60726,43606773273","159716,7207890235","128600,19903799657","94802,56152214379","98718,60023717914","91868,4403377839","91473,67541928041","91997,72540575193","93715,33125667562","91942,66837973119","81929,64916292226","113784,2467560734","111606,72106083261","108265,44655339557","111606,72106083261","159933,91275107968","114318,20228654679","109178,50827592258","110371,27894237284","108500,97403419008","104214,92221880124","112100,80064553296","98578,48702509809","100665,11794897955","107094,64818052099","109353,7307276377","104972,59266048769","103017,52081472699","60312,67801825739","60239,394985869585","62025,29224039263","67626,0085872399","70283,66010808","70040,55051519026","130838,91746384838","131812,48072328552","132630,56524182225","130704,34087266804","54470,47295366479","55216,58715704928","86489,06779480792","56868,410528970075","50226,007186488234","50401,70280195264","128148,88006337226","145055,26714894225","146907,86107839635","143202,74393057285","92063,47170235142","90323,20890283803","141917,51472234016","139790,5687594542","142149,46179464343","81244,93589779186","78629,40699613126","78629,40699613126","187566,31082220952","112600,00404140382","112421,09747508398","116994,10636940878","120057,91213740503","110256,31865070954","143596,65105252885","157288,0887056698","67977,82688319174","172324,124646694","172190,31058158953","115462,05170057513","48701,0823086018","42072,98322208577","136159,14315097022","105625,47747401182","106640,18868893186","145216,8837469279","80553,15258376817","108814,8230386391","110572,60048946737","144775,73648090224","68235,99750364438","61651,60266968856","70819,0710411402","64025,16636667535","79688,98255856369","78973,46494847404","79145,26147822295","121706,47832357851","120749,0735903795","119180,19438286491","129407,43455071168","46273,75764480208","47130,087980152595","44723,64805862825","45221,46212493364","46981,107098580585","128352,95689743872","127304,52024779578","94341,78878043412","94341,78878043412","110995,92344539828","115311,25695383512","108801,01749129857","105035,8889331691","104336,69819898822","102698,47917439496","77913,30668792549","78892,45103377942","62572,44136883782","79311,935000795","96709,85717828265","91438,34808630141","91438,34808630141","84438,1908407321","88863,98674321058","94792,33935203448","90765,0515833042","93717,16994793942","82720,40108959381","94115,82587003453","96439,52556994357","96408,18768806448","95312,01611360122","84090,69049371984","93825,17206464053","85489,18478908727","90485,3478168476","96725,90378875473","82384,5591045148","91125,36993803988","87555,65576377412","94860,64739383834","92424,84675820718","89685,37730366805","97393,7502055622","88685,27698526479","92815,32543689506","89189,81683695168","85981,73917535314","40216,28122777744","45662,32598688054","44967,07534760439","17362,383858179324","20931,568604282413","17857,364639377443","21036,333997945083","18653,344781926655","78657,87258649516","90389,1605228794","167996,8702014536","150636,49870074974","147128,41523966324","135058,62788144816","299290,46869546286","81603,46715934215","81820,54975533916","120511,20725601057","119719,18486280534","110335,16186282423","130136,65586008925","142760,42273925603","26550,99557438943","127060,16385507495","124855,93915454627","133550,34277139878","134712,14803212413","139200,31914479577","139752,1968589331","139752,1968589331","161898,51078235332","146924,23086679183","146382,73115692142","146382,73115692142","131345,42449640963","131769,74165549892","189287,67768472948","130818,25940467222","131476,1908118637","131457,99875247962","79131,43908965022","79565,2903124523","77617,17416338876","79286,18053561305","78654,7215837625","80295,32953816655","80330,68644656101","78189,68066811608","85270,24875019497","84577,59872991459","75483,24780947289","80689,15445290087","85506,81759118638","81518,98229607989","73070,40390747761","78608,55709911857","126227,17654166842","127614,01886110466","130622,60847653926","104244,99875741139","98513,1813494773","98465,27521607836","94825,02020011526","98708,74292037303","97977,82715715432","100934,12810607614","101442,8076715172","161833,66809879578","103427,4391620902","102795,32761513485","95532,05359538936","174496,4666636998","180613,98558423348","174496,4666636998","182152,76939425687","181959,367100426","180789,95261816125","90652,71756479132","102040,15955224288","99543,53400055857","106669,91474793537","113508,72713843145","109257,28145849782","160323,09068526528","159703,93247540365","160339,7526876624","142790,6001903463","134212,33182972707","84811,17971255947","82558,64245267864","96370,37592678603","95199,69393283753","92630,8453400592","94905,2994387252","93845,26279535088","93514,10880274767","88030,51404784004","47659,56618747627","106244,27941996165","104676,31139922388","38057,185334130954","38820,31064126634","138308,25300983412","138308,25300983412","122830,57039908985","0,0","1580,244230256925","1706,0467517729883","147649,19526856957","149377,49542733972","169985,48577582455","169985,48577582455","157860,344886552","147279,49601247272","121037,27412588938","115706,04335583377","120613,10318581175","121472,21626150237","105786,13117559432","98559,20596101985","32905,33661072016","23063,153836688256","48872,81238145342","35062,47241682755","40734,864507969054","47474,61989331101"
835162,"68890,13559466036","68053,20776252997","134026,47876055364","134779,37592500483","133828,93430216357","94054,74454982673","103627,95615656137","105689,34456289394","45671,20583802678","56614,857048275444","75776,96269231598","76847,0325318265","80030,2401335728","90563,49527357987","124029,39582316838","121605,90954731285","70982,87001863435","286722,77286969044","151386,5755871067","152410,65800690575","68593,38814559087","60963,20959845763","59044,92379696267","59184,67413568511","60965,63441076396","59484,791101648625","161125,99330332925","129961,91926816387","93779,3332852525","97749,31166283319","90870,32993123436","90458,9346667484","90957,40277287959","92672,01809834252","90928,64771214464","82601,43325329585","115252,1348338304","113065,95409145662","109788,04525535901","113065,95409145662","161317,25738911235","113729,42290735152","108475,60107426601","109766,76936730587","107897,93492480722","104996,61926640908","112763,23982315064","99252,85235414706","101572,93806911686","107934,24996231253","110201,15799965075","105764,05016522543","103776,34683856853","61525,21314866716","61432,519766175916","63228,51392254911","68717,31021052455","70262,13935948112","70040,79986827727","132392,1831867924","133366,86226095445","134182,75883531995","132260,54957415868","55005,48392019254","55757,16199429548","87694,18664502578","56659,36035616156","49695,79080185312","49845,201443709375","128564,34802277759","146514,40634554788","148366,56790599975","144662,32585557178","91549,59739740881","89829,89798976707","141021,59822838817","138889,855331588","141258,47826483348","81477,32476482404","78798,0012878026","78798,0012878026","189072,8432246081","113830,57000337083","111303,10427614683","115974,5284930266","119169,82036289481","109196,69060020728","142774,4482515544","156524,1570171234","69299,12464621058","173151,94361172884","173020,64482188225","115388,07065255444","49193,3121444604","42979,90423577602","137513,37987595686","106975,7513602034","107973,59789268517","146761,833807477","81796,52837458561","108529,21845334457","110304,11032008148","144383,01686870586","69626,70103389773","63153,126337646725","72191,15457134935","65535,08325179416","79005,59560730022","78106,63442718703","78276,71233020144","121112,66486745911","120105,20372996977","118546,32175017678","129261,66955818959","47392,367972204935","48302,067061918526","45845,34214027449","46358,4898308404","48131,397791114796","129876,20577568757","128822,76331264788","95626,49415795859","95626,49415795859","111036,77953731421","114173,50498656987","107630,54825219752","103851,37697331501","103211,30746596812","101561,78258798347","77678,31733643552","78650,80563481858","62353,89691777303","79067,76416401264","95630,33691416726","90309,81967877393","90309,81967877393","83276,76987249641","87704,75237984085","93675,69729494564","89727,88585015207","92642,18757468153","81589,10083603681","92953,10437572381","95335,34325662747","95266,52672078402","94227,20373447498","82923,24737490527","92721,45441797267","84351,67116218415","89315,84990801878","95570,99006815856","81273,51722536319","90057,62790623953","86365,735973677","93778,05464389641","91262,48087109372","88560,05867363075","96279,60044890152","87556,71497468404","91631,69562649619","88016,86254907654","84841,04880064313","40389,69439675821","46182,71702220733","45112,01252148441","16302,363835550925","20269,311291504902","16831,71131950972","20993,096461045276","18117,580165126063","79220,24222264322","91129,23999387976","169483,49451961744","151286,94038583676","147767,2162820286","135327,7605604155","300123,4944683235","83027,697361006","83248,64597868829","121480,75056761735","120662,52598900355","111256,1088897497","131590,95657186044","142454,36494205787","25435,298573562897","127180,3064961116","124988,62380355863","134565,3384799825","135726,29649117924","139667,28455124723","140218,62911241874","140218,62911241874","163415,58577131678","146384,5854947698","145831,9841985217","145831,9841985217","131917,11080757223","132352,50393737527","190604,67546962306","130287,16457554816","130941,46867596386","130928,2336657844","78721,01484809868","79065,04599532884","77193,86289855003","78786,62030272587","78187,24862357785","79103,28681723402","79154,27949820574","77080,14400629632","84196,13531772357","83502,3473320846","74333,77475048974","79503,68044245604","84477,06547017938","80504,44978508452","71870,2605632433","77434,36360985886","127545,48090886905","128925,60937657973","130377,50201152403","103059,17139134833","97326,6979791297","97354,98777596338","93645,52360551768","97603,53943395168","96836,06238769337","99760,77851986428","100290,73538991016","163296,2496799082","102709,74945985971","102067,27301887136","94718,82276053134","175663,60165488816","181814,11458547637","175663,60165488816","183200,3773493321","183009,96239748347","181845,7514699189","92091,66628360603","103487,16116681993","100961,18046255258","107177,95626389825","113560,56331091585","109282,53418851396","161455,46822229898","160840,3246411507","161478,46812711906","144029,48666364385","135422,7238312133","85839,52345474948","83429,50066050359","95481,65361687237","94452,07863075261","91655,15128779253","94023,54752346939","92902,02810210016","92565,29192539428","87179,70821758744","49073,831018250974","105148,71631698743","103581,55962009214","39191,951860227055","39933,202034678485","137628,47451979897","137628,47451979897","124295,82746993637","1580,244230256925","0,0","2277,9317570776093","148725,77426474955","150459,2479503233","171529,9826400149","171529,9826400149","159375,94612781695","148803,73360106093","120586,07529322534","116837,61385898612","121764,74654167016","122621,59138512879","105955,39476554347","98135,42728745488","33309,01079974923","23258,636474105577","47794,01391502903","34068,97459291104","39403,23693452183","46402,718241544026"
835151,"66713,17910251585","65861,58829778273","132000,24281048504","132733,35475078964","131782,51257968377","91779,35903374448","101352,26381684477","103415,83548774681","43666,24997329225","54774,5423648284","73516,07373019123","74569,64170581236","77752,31885967718","88477,42777012744","122445,65544935732","120036,36313739356","68729,38522369946","284496,89360702113","149125,07071815163","150147,14128922764","68513,19277125876","60622,390758795504","58781,05976278797","58888,72800803535","60754,23773403766","59642,41643857408","159011,34182593162","127799,08007008812","93471,43172890822","97341,27130499804","90515,89535523145","90135,53448721317","90682,3986402172","92402,49694826939","90603,82979488691","80413,06501586578","113224,56012544571","111023,61532101949","107885,47507989865","111023,61532101949","159174,15128880236","112715,70438537648","107627,86543469578","108775,39124501383","106904,57509828199","102765,6715764926","110579,916153342","97063,8510907399","99308,30853832231","105685,62886289266","107950,4619804728","103529,87338680656","101553,36797223009","59276,6100126187","59177,37085174132","60976,540749550244","66441,80575786943","68577,82961766633","68335,26281804396","130602,36097228757","131582,4551542664","132387,67655102693","130485,516968663","52884,98282245091","53633,5809785206","85441,79617395703","55172,21129657368","48607,5640135608","48793,142352890456","126520,38667999965","144470,2457111847","146321,62079685478","142618,97328074623","90434,38670865298","88687,38262419455","140481,24081534045","138357,8197875973","140709,69511792192","79566,5947324224","76939,81653902396","76939,81653902396","187122,90293888203","111586,82431246481","111179,25842335197","115657,30827807507","118617,44375058239","108956,65630452472","142111,26085113754","155767,68450996565","67107,24180509271","170907,28149529366","170775,25759485926","113756,15309755082","47097,2982224427","40713,71261381736","135343,76800132857","104803,87996018045","105788,19382218724","144934,13426765084","79559,16455614983","107127,79648735072","108882,83327196167","143109,74593448784","67496,38228190586","61201,51507172693","70041,4806802236","63603,81409325074","78131,19050740187","77522,71266052117","77695,65513542228","120105,68410347278","119169,6697377461","117596,42201267093","127704,2814080155","45120,821141263885","46041,69858336206","43574,36646934896","44090,20401073653","45865,73421400716","127974,06876292842","126906,1904080746","93409,36641377684","93409,36641377684","109292,92539805177","114090,20133301051","107617,38179265424","103869,20439513483","103103,60471731775","101477,74562226672","76219,53343946517","77199,54185815706","60877,12338824747","77619,36015312532","95430,95900572074","90210,45538515672","90210,45538515672","83247,92975943083","87670,40021335732","93551,32525572383","89447,02920704316","92434,27424833478","81497,07701271331","92925,31994528002","95185,36375639075","95193,75318208997","94038,52510486226","82907,40910601027","92570,92168220277","84272,05541163203","89303,2401974531","95526,14354045995","81139,85727560644","89835,87323998177","86398,20151817352","93585,0310027684","91234,21056206507","88454,34901839063","96149,74969298708","87457,88722255208","91649,4012752171","88011,9537269867","84767,99049808673","38525,50625442408","44069,65924296072","43272,73056938708","16130,003530543554","19391,12576317173","16588,846405722306","19330,837605468114","17057,875549771394","77086,03887481744","88912,90615799619","167489,287214941","149109,73941165785","145595,47823398717","133389,09889553805","297877,79078100534","80935,8855302171","81161,98796230441","119206,93718799489","118392,07327800113","108989,18055745837","129539,52736268335","141076,36075215373","25347,32355470777","125364,66166947501","123161,99095004216","132288,03293780726","133449,0310882351","137590,34054283224","138142,02510458507","138142,02510458507","161494,04903371248","145302,01127194305","144764,53932593137","144764,53932593137","129779,2384166319","130208,74273460085","188405,5802795618","129193,45869946686","129852,6483822371","129832,71247167222","77472,01293487816","77932,48127477964","75961,28329580309","77653,16647790973","77011,52068646261","79141,94808250206","79158,64277138132","76944,29955422142","83987,88505302189","83296,46766291565","74281,48982843774","79527,77808250954","84182,93266600069","80182,28798452571","71928,73305427327","77434,31138061841","125348,43847672305","126723,97004602072","128929,22612303129","103079,98575490233","97349,7584601702","97217,11183135945","93653,8707726165","97455,3081454428","96763,27564423041","99754,85797473394","100239,1858500453","161257,29403890972","101884,76170090857","101258,13532613628","94044,33965583978","173399,300399328","179558,76881105316","173399,300399328","180922,45409806794","180732,06230447962","179567,9274442918","90019,36753937471","101425,93947808012","98859,32337266694","105075,49464190063","111806,50199868449","107553,34379772871","159184,3921346811","158569,91335244646","159208,4520698595","141788,61922864328","133171,16137215408","83561,7012331648","81172,45481263526","94932,46072366678","93673,69823831163","91259,49521686391","93462,66561515268","92447,9210940003","92121,1501568754","86567,69620325518","46975,236788646","104980,09218320446","103411,49446399849","36923,793790123294","37661,22986100863","136744,78364823057","136744,78364823057","122263,08526813726","1706,0467517729883","2277,9317570776093","0,0","146448,75836803464","148182,54216343365","169699,29261246326","169699,29261246326","157450,52080421936","146903,5208670188","119387,26991498655","114566,6796057593","119497,44259070262","120353,8219657006","104097,16595117911","96902,3464286788","31267,195676339612","21372,809962360403","47606,627698655975","33727,61118958931","39798,453739443205","46202,4405913733"
836067,"86183,01555265281","86083,51118352922","71224,98000746533","68679,66144720974","68590,37860364468","55382,80916100072","45139,99944151367","43240,98839937498","111148,65097049033","109004,69142027228","73605,07363792806","71882,2807009258","68750,30464188608","76862,48839310626","111486,9241792285","112021,9366114338","79730,84183950689","146689,42054774062","22257,18729566255","21359,51017382928","162300,51176432776","152629,39697248986","154037,6174550863","153273,59162255644","155965,5468483748","164444,05319636225","55334,555302603","44135,22168395914","166098,76959795505","164144,49547876927","163070,68757843814","164011,6549382237","165977,0243365947","166979,942354229","164171,39268206042","74236,68024939514","66289,13863225892","65423,00300946292","79403,21603421758","65423,00300946292","50230,00076200798","143464,85768438588","149768,78587106915","143222,9053040599","142498,18212496734","52252,74429871703","54204,10451412831","61747,34877986615","49984,755710617734","47157,94384485213","44961,9344138929","51187,37230107084","54299,94093441951","88075,01491495284","87932,3868526886","86287,67895498606","80027,4819474752","108842,20340336992","108016,41627556474","88921,44912084598","89570,95840096698","88708,2836075782","90257,9345504881","100199,7026843718","99470,25459460914","62544,46027987314","120379,92008828849","132777,84878202536","133636,02564525264","68942,96176045008","62366,67966425873","62614,55745208505","62173,202590348854","132592,02769616537","131092,20481162067","181341,28181338627","180478,05869430274","181054,90985038114","93293,32366719915","97365,43431592053","97365,43431592053","94023,73815834719","39574,38867723402","182483,9734737045","177186,61932376516","168449,23369659373","176620,68446705764","175997,7288303513","179151,2003517252","83154,20614966354","40053,74881171698","39727,87659641015","106578,43692910092","105765,91517235192","106231,49131055364","41314,01703244317","54208,5488743712","51944,30022432549","88299,90229095092","69162,74927632668","120607,59542015634","119720,7174450763","140479,162788114","85794,91145526072","98293,69163598605","82708,44098874525","97529,8190273249","140222,5039750909","150266,0205310406","150413,31825193498","146634,19754609765","150031,72873930054","148635,60952061386","114697,90750066629","101403,57768105982","100733,43019994907","102956,94439567103","102495,0879086677","100784,8093042557","77750,14426266587","76225,17557397955","58226,923505878694","58226,923505878694","98117,86928214073","185821,91761538884","184609,67551107382","183511,9500255927","178452,76464734526","178412,20078619773","116863,94577715705","117080,6298429637","119097,64453851405","117162,2930089653","170985,73919818396","171815,3972255298","171815,3972255298","170584,29434148018","172665,4801972101","172679,91807072866","165201,52073920515","169183,64110812687","167749,32988181504","175674,78846361022","172627,13096978393","175352,09319231656","170664,07907185677","170819,7964204593","171263,56260036145","169484,0850464009","174236,6227462916","176506,8010621972","166276,03537381446","167441,62158257692","174151,10829462702","170281,7644291981","174746,62824295508","170710,95400588185","173849,29321427847","170439,62688735747","176509,8605012375","173803,96867173264","169939,1382946213","118323,98195557993","107741,2356520948","115863,35574440558","147704,54746965732","141673,3380157689","147217,5699427322","134022,51765791356","140734,5710619473","80708,1798154491","64936,36962940777","77245,58399627486","48516,981220927904","49052,59975874736","81764,060221463","156936,47632349317","77578,29416931325","77750,09277942861","29685,197544872295","31596,210050477748","40793,120693863086","60502,62697811219","132361,62255846962","149493,19492111017","93102,55736968196","91871,65097941809","15917,238156897096","14960,570682607717","64668,17123571229","64770,58787807985","64770,58787807985","83720,94615440247","153865,1693612226","154522,72688572592","154522,72688572592","55203,43583731217","54169,48197396174","57454,47157048097","145555,0187675829","146125,57489816498","145724,6082723888","125666,96779940826","130373,91689167934","126325,89405986913","130320,31566779433","128613,06438020893","170585,28884369566","169568,8285004508","164316,21657619666","165180,59827012068","164946,07981202586","165592,1041643209","170343,83470475403","162416,84640850945","159839,67282337815","167619,38920147647","168594,91529717154","38822,31927803005","37339,909322265834","122909,60153539473","183151,4058516236","179890,86103536017","174127,8997617914","177301,797735253","173880,92414643514","176204,20647923564","180251,64253826175","178894,24230382804","68208,22561992524","148701,69087880227","149186,4986048907","152307,34202588882","29921,17142851726","37857,08803248874","29921,17142851726","34729,08325956006","34491,71933388445","33259,04712776542","72906,23791882436","67525,24650034016","65123,31061776261","66972,21786665353","97360,22516412915","99213,13242076532","14815,070903410013","14589,024758895877","15309,091569918233","22583,616952032313","21925,398527244608","63031,22094934543","67732,87283856948","157625,4156193597","147935,316040692","161900,7687861287","156583,7333660145","160244,4710021124","160479,2037490671","152122,95484590338","104295,44641189557","177204,1388849902","176284,16987076067","109635,35938986059","108840,97812187656","161110,22797417763","161110,22797417763","63677,545383626835","147649,19526856957","148725,77426474955","146448,75836803464","0,0","1855,3248465559445","97898,43741830588","97898,43741830588","81610,35536672217","81046,84662804233","135647,76111083943","32548,651737193886","28453,36316819866","27560,44325385566","89673,92036612019","128068,88484307149","120019,55415106735","130127,65433517765","152630,29414185818","147347,59528307826","160319,8827685128","152017,68583777125"
836004,"88027,19464157097","87923,25240973296","72589,28917808612","70028,84036642013","69956,8631567683","57186,94901332203","46852,52347185097","44919,917409356676","112979,36299466516","110857,87331764342","75270,59310822528","73621,87817364655","70503,71094244948","78696,17698275176","113035,39057240356","113593,41530942431","81545,05941359849","145475,89622046895","22910,05948849474","21916,30185203769","164151,40046678943","154483,26028903865","155892,39894569095","155128,26248444422","157819,8449596805","166299,37327204816","54614,48263925226","44562,11761396568","167906,42767375516","165937,4867930535","164882,663842261","165825,80414499406","167792,14861849084","168791,75922186105","165984,4872930761","76091,42755683325","66980,49664841751","66181,52310937928","80142,52600452086","66181,52310937928","49435,6316837125","145151,68443351155","151495,24816820436","144931,15446538324","144215,01599990702","54097,656262199394","55961,17430214515","63585,65112115931","51832,914823480685","49008,51939686718","46809,857491147704","53032,565609067045","56142,97940444631","89743,68224528959","89611,3932510801","87958,29398439667","81752,3577767542","110689,81303819147","109864,85847852708","89172,71503925617","89803,79900839867","88921,4491208461","90515,63179470188","102033,44236511216","101304,73922647748","64147,49487383824","122235,24099413418","134632,34295822377","135490,62971941708","70400,45144167295","62173,20259034873","62366,67966425862","62034,635236368835","134372,6825329879","132878,71052801312","182975,86269571848","182122,2774831291","182687,028451112","95129,32452530308","99204,14295574345","99204,14295574345","93085,49614559147","40900,38359294924","184263,21579744082","178936,4593653423","170163,84410693622","178395,69447162648","177601,70428125272","180672,2646201596","84723,475839274","39751,81985605692","39420,54140720026","108197,17407197434","107593,30259206278","107996,83381244582","41438,80662152013","55334,55842710061","53091,32119107082","88241,40781817083","70747,19441712316","122290,69584407682","121391,06692444257","141929,63250044937","87299,65018987907","99740,45376002384","84213,82915937653","98946,58805967211","142046,85238282007","152097,39326590195","152244,42644525075","148283,8149308413","151695,83476897678","150305,63046699046","116203,59393728823","103123,62242363773","102436,72605381919","104676,67563018262","104210,32945389234","102495,08790866986","78037,38800463878","76536,88594556044","59657,7229282636","59657,7229282636","99770,3771149561","187597,94268970616","186405,25366443396","185316,92620900949","180251,1114138361","180215,40921672172","118690,60876239096","118904,44655779396","120950,81574183232","118984,85798583296","172794,73163515245","173638,87487008626","173638,87487008626","172420,79230291117","174495,52722509677","174496,3343264084","167018,89008957474","170998,27791512053","169586,42005871725","177496,75738796743","174439,1636650324","177167,98999581995","172476,44522415215","172657,11222421585","173080,58989845673","171317,64247145917","176065,0022613644","178323,48643073984","168112,50346925462","169260,6987671251","175985,26628854682","172094,823160781","176571,3513075945","172537,12630249633","175660,47620550467","172267,67638067878","178335,84422388906","175634,56565903686","171772,18021380974","120154,23216067051","109560,81132740968","117703,11077064884","149499,76266731753","143478,0405927122","149014,4168968436","135816,09925782672","142531,03475842334","82563,46985387937","66791,69447596371","76551,75444137091","49395,88266189805","50050,61731204358","83121,03531901518","155581,6932535","78923,64334424236","79087,44206668739","31540,52239142824","33448,44614585998","42648,145537825854","60758,11010744819","133797,1849034351","151313,44760216496","94588,0903811933","93381,68361593301","17766,902901868318","16802,874456933496","65916,76073298727","66007,68044345743","66007,68044345743","83246,77488290292","155354,25972224827","156019,14694307154","156019,14694307154","56621,474754995645","55580,87027213954","55844,23066237198","147139,548215285","147707,0909874077","147304,97673415754","127489,00209137406","132195,3052625074","128151,99022515563","132142,44285437805","130436,60937616463","172428,43075450402","171411,18582594034","166158,11772385144","167010,56228103032","166777,24110281936","167438,47237627392","172186,22934020843","164243,72130437964","161672,60384273448","169469,39848578608","170439,04841629494","39452,64386867057","37934,38838199739","124426,5777508577","184958,0394487591","181707,8118977771","175936,54073586455","179124,19248992315","175688,51562228936","178017,21212113433","182062,7871678042","180701,8476621459","67574,44994272976","150452,98375167372","150941,2885852727","154094,72824705168","28081,441572346597","36040,42359817704","28081,441572346597","33113,91791886475","32864,890666109255","31614,15943803216","74110,49119523344","68517,10984967562","66219,67647755604","68722,57166120478","98990,6099619087","100880,11577846983","13000,010833641763","12800,204386706162","13517,944755119406","22507,27714206837","22620,85703846585","64797,72466022935","69563,09994430761","159416,87378193802","149718,5681276656","163709,22330310693","158378,64284318808","162047,33555065028","162283,34929794166","153933,72751653305","105896,53215871529","178994,19719083927","178077,67686847676","111354,47683472733","110564,6638215647","162694,185115947","162694,185115947","64135,38571607738","149377,49542733972","150459,2479503233","148182,54216343365","1855,3248465559445","0,0","97387,26493050742","97387,26493050742","81212,90644781323","80898,05767968537","137274,77117558417","34148,55588136544","29940,821962737125","29046,225096265473","91374,92469730783","129817,4542673135","121822,44955211958","131918,52467261849","154483,40395380996","149185,95232808462","162161,53759845934","153869,9707954326"
936001,"141384,5709490716","140116,04014891546","163387,56646470077","161221,75514056205","160848,52637949085","114811,83567000389","103014,62259829338","100507,58945213223","156927,142040101","162894,6216527793","111862,0633018897","117255,51292934005","116831,53699733138","148128,82721144293","196938,25479485295","196611,28665850716","130804,22288701891","215580,00839888336","120145,98802757755","119252,63388540556","216921,39651926004","206185,0752065262","206365,71278794605","205848,27597925998","208722,69149807483","214124,35625924444","43558,569901146155","62836,41196467055","230734,02749121352","230903,5787934744","227273,15445508965","227802,22966246415","229465,19992266473","230922,13419182837","228117,62772536057","137382,1728770413","60845,50310075719","63547,49439682023","62233,113529454626","63547,49439682023","49149,315341961264","220674,2630010699","223872,79919107302","219048,23739498263","217769,3605819578","127521,95065506085","136725,67753542954","135613,0587063425","118383,31127657548","122764,37987481059","121927,61612558448","126719,89810390944","129325,35381085606","120187,48268027185","121021,04922049143","119294,08290480278","120539,7674852939","171290,2162683187","170296,57921754106","39367,57380990077","38469,388262727436","37532,31175856349","39696,027228431434","149158,37074838925","148778,7951786844","102491,59248075225","175563,84351389518","183984,04293165464","184861,8036894844","159449,00099089448","37900,04032780184","36934,07939610643","38930,506719442885","203176,42911797183","201188,158970199","259857,99321844272","258484,5599994386","259717,9527885184","161155,18029242312","164004,9344469143","164004,9344469143","24279,921926284824","86125,44783710243","249754,32374019566","247759,64049410183","242399,4012613927","244698,73619562841","256310,69669250143","263011,9870476715","109514,63787929607","134773,88223098862","134425,00550551843","189622,0961135523","152004,02318159546","142494,40150296025","60387,2398578823","78427,19072388756","79311,10639429887","24769,32033423554","103969,05923592846","199507,61211701934","199390,97665267836","227901,3756371126","106285,35738860199","108884,19791278927","104810,96489456308","106365,99019253442","204304,0360511469","212046,7548599868","212236,46511132215","225831,4163625184","228244,1290488687","226575,84767960059","201408,64790693746","133777,67048123523","131570,84270949097","134817,08351875373","134017,48027433312","132324,42273285647","42473,337631396054","43859,94359549886","91705,617171853","91705,617171853","180300,92854433187","253273,67335186063","249743,85398768724","247396,3818452637","243584,74158568555","242869,5660068493","183070,7279796437","183741,15103861093","177411,19830899528","184016,3897732604","235080,75031259976","233417,47219017654","233417,47219017654","229466,96556548728","232886,25141168598","235474,90978926292","228375,63393283382","232519,37133599157","226707,20996917124","237283,45530535915","236139,70844497968","238050,07118809762","234259,60716473544","229475,2403713065","234055,0420216235","229163,62530856274","234694,00184494845","238993,31909370382","225510,2826694421","230158,13398044082","233332,6032629586","233794,05861315748","235900,25550921858","231874,5757664664","237412,31296490543","231245,80684909067","237291,08105273562","233821,31745190342","229702,3186546916","162519,87909253614","151944,77995610016","162997,8719973696","179747,94880124013","176390,98898134127","179622,39736418432","168151,32775982225","174149,75582827986","143818,94857993498","131966,5789135562","22621,813112568863","145839,67896803524","145815,673679686","173572,12279369042","218748,6818472506","92707,31033256785","92310,19643078123","110079,90524896244","112649,6810861156","115661,28978701755","48846,83722327925","220473,3437680553","186091,9542696022","181483,1720151545","179641,4324102579","104722,43420534157","104814,34375653621","158823,88017180734","159064,11791893505","159064,11791893505","14282,325324936517","239637,59991398774","240022,23661828737","240022,23661828737","147396,72053584503","146545,43367078571","69392,12252656603","227961,01385010517","228637,84280557517","228303,3766380659","191636,16432818616","195947,436626717","191530,94112048732","195777,052754777","194011,60063427343","227592,98464606903","226906,1439707696","222232,45559178063","225993,65073919776","225521,25787988503","221910,65416673693","227606,21336836714","224080,00722158165","220443,21313305502","222207,60513468797","225443,93677264213","69798,32669267069","70052,15636154525","208884,16917312652","246811,50163772452","242105,90972383524","238063,63261077317","238718,53749119642","237991,0692825777","239319,631736062","243399,0959648991","242675,23461491123","30286,20346509976","220846,69295330162","220988,5111863733","220580,8568463912","90128,17349222495","86855,16704269934","90128,17349222495","110576,17424830886","110076,4683843279","108873,73283707224","83708,95156885604","72980,5389512969","77391,19109822476","147659,54042686318","180578,77258590164","180619,46158698443","91950,64526758916","91267,95767832955","91040,18184727135","75932,95844245228","81271,29112194995","115000,49480772903","125607,35164161643","225029,11632357765","217002,8612210392","226722,37058122383","223636,5657694316","225984,43120483423","226024,28668887165","217357,24664619876","124460,54283789819","243490,14679596387","242189,6456706466","139465,2086200181","139403,0571807664","242914,53848422944","242914,53848422944","53299,55922553178","169985,48577582455","171529,9826400149","169699,29261246326","97898,43741830588","97387,26493050742","0,0","0,0","17182,92525967285","24279,92192628465","216574,2413825167","94994,4513258168","91491,7023605639","91505,80116456965","170230,0310175155","201965,59091781324","158491,1311905984","164555,70152906302","199892,72984498442","188852,63374629672","201186,4338908079","198740,7894747075"
936103,"141384,5709490716","140116,04014891546","163387,56646470077","161221,75514056205","160848,52637949085","114811,83567000389","103014,62259829338","100507,58945213223","156927,142040101","162894,6216527793","111862,0633018897","117255,51292934005","116831,53699733138","148128,82721144293","196938,25479485295","196611,28665850716","130804,22288701891","215580,00839888336","120145,98802757755","119252,63388540556","216921,39651926004","206185,0752065262","206365,71278794605","205848,27597925998","208722,69149807483","214124,35625924444","43558,569901146155","62836,41196467055","230734,02749121352","230903,5787934744","227273,15445508965","227802,22966246415","229465,19992266473","230922,13419182837","228117,62772536057","137382,1728770413","60845,50310075719","63547,49439682023","62233,113529454626","63547,49439682023","49149,315341961264","220674,2630010699","223872,79919107302","219048,23739498263","217769,3605819578","127521,95065506085","136725,67753542954","135613,0587063425","118383,31127657548","122764,37987481059","121927,61612558448","126719,89810390944","129325,35381085606","120187,48268027185","121021,04922049143","119294,08290480278","120539,7674852939","171290,2162683187","170296,57921754106","39367,57380990077","38469,388262727436","37532,31175856349","39696,027228431434","149158,37074838925","148778,7951786844","102491,59248075225","175563,84351389518","183984,04293165464","184861,8036894844","159449,00099089448","37900,04032780184","36934,07939610643","38930,506719442885","203176,42911797183","201188,158970199","259857,99321844272","258484,5599994386","259717,9527885184","161155,18029242312","164004,9344469143","164004,9344469143","24279,921926284824","86125,44783710243","249754,32374019566","247759,64049410183","242399,4012613927","244698,73619562841","256310,69669250143","263011,9870476715","109514,63787929607","134773,88223098862","134425,00550551843","189622,0961135523","152004,02318159546","142494,40150296025","60387,2398578823","78427,19072388756","79311,10639429887","24769,32033423554","103969,05923592846","199507,61211701934","199390,97665267836","227901,3756371126","106285,35738860199","108884,19791278927","104810,96489456308","106365,99019253442","204304,0360511469","212046,7548599868","212236,46511132215","225831,4163625184","228244,1290488687","226575,84767960059","201408,64790693746","133777,67048123523","131570,84270949097","134817,08351875373","134017,48027433312","132324,42273285647","42473,337631396054","43859,94359549886","91705,617171853","91705,617171853","180300,92854433187","253273,67335186063","249743,85398768724","247396,3818452637","243584,74158568555","242869,5660068493","183070,7279796437","183741,15103861093","177411,19830899528","184016,3897732604","235080,75031259976","233417,47219017654","233417,47219017654","229466,96556548728","232886,25141168598","235474,90978926292","228375,63393283382","232519,37133599157","226707,20996917124","237283,45530535915","236139,70844497968","238050,07118809762","234259,60716473544","229475,2403713065","234055,0420216235","229163,62530856274","234694,00184494845","238993,31909370382","225510,2826694421","230158,13398044082","233332,6032629586","233794,05861315748","235900,25550921858","231874,5757664664","237412,31296490543","231245,80684909067","237291,08105273562","233821,31745190342","229702,3186546916","162519,87909253614","151944,77995610016","162997,8719973696","179747,94880124013","176390,98898134127","179622,39736418432","168151,32775982225","174149,75582827986","143818,94857993498","131966,5789135562","22621,813112568863","145839,67896803524","145815,673679686","173572,12279369042","218748,6818472506","92707,31033256785","92310,19643078123","110079,90524896244","112649,6810861156","115661,28978701755","48846,83722327925","220473,3437680553","186091,9542696022","181483,1720151545","179641,4324102579","104722,43420534157","104814,34375653621","158823,88017180734","159064,11791893505","159064,11791893505","14282,325324936517","239637,59991398774","240022,23661828737","240022,23661828737","147396,72053584503","146545,43367078571","69392,12252656603","227961,01385010517","228637,84280557517","228303,3766380659","191636,16432818616","195947,436626717","191530,94112048732","195777,052754777","194011,60063427343","227592,98464606903","226906,1439707696","222232,45559178063","225993,65073919776","225521,25787988503","221910,65416673693","227606,21336836714","224080,00722158165","220443,21313305502","222207,60513468797","225443,93677264213","69798,32669267069","70052,15636154525","208884,16917312652","246811,50163772452","242105,90972383524","238063,63261077317","238718,53749119642","237991,0692825777","239319,631736062","243399,0959648991","242675,23461491123","30286,20346509976","220846,69295330162","220988,5111863733","220580,8568463912","90128,17349222495","86855,16704269934","90128,17349222495","110576,17424830886","110076,4683843279","108873,73283707224","83708,95156885604","72980,5389512969","77391,19109822476","147659,54042686318","180578,77258590164","180619,46158698443","91950,64526758916","91267,95767832955","91040,18184727135","75932,95844245228","81271,29112194995","115000,49480772903","125607,35164161643","225029,11632357765","217002,8612210392","226722,37058122383","223636,5657694316","225984,43120483423","226024,28668887165","217357,24664619876","124460,54283789819","243490,14679596387","242189,6456706466","139465,2086200181","139403,0571807664","242914,53848422944","242914,53848422944","53299,55922553178","169985,48577582455","171529,9826400149","169699,29261246326","97898,43741830588","97387,26493050742","0,0","0,0","17182,92525967285","24279,92192628465","216574,2413825167","94994,4513258168","91491,7023605639","91505,80116456965","170230,0310175155","201965,59091781324","158491,1311905984","164555,70152906302","199892,72984498442","188852,63374629672","201186,4338908079","198740,7894747075"
936119,"125372,47328778569","124162,53672631114","146255,8454109081","144104,8170658279","143723,23179507678","98062,61158306696","86080,08534313206","83538,06059725131","141947,51380232445","147315,66314185612","96348,46686889525","101376,15769377715","100751,50563518041","131306,3969016889","179809,47285769318","179503,13441907775","114871,4037923791","205443,14015095474","103790,57428656697","102958,51667511833","201850,06149958583","191121,75047577062","191418,87739306997","190873,41578858654","193756,8432280688","199506,00342969218","29120,355512246097","45681,33486939252","214880,79634903528","214883,57147731702","211436,27894360144","212001,67506108334","213698,6095425065","215126,22038736835","212306,14482811175","120827,84571527506","45821,59647441937","48428,78539646293","49636,53193467544","48428,78539646293","34709,5436705564","203922,08015435652","207311,0682792266","202367,81925592234","201116,4400402909","110424,33780864577","119553,75731951774","118602,85349992062","101374,65736481389","105634,13774504843","104774,59128811627","109612,4693510925","112243,7775130591","105547,61900095551","106315,26662524261","104533,27139514951","105142,91326299337","155172,76103696748","154180,82858014587","30757,338640607508","30213,866848462316","28982,63596425811","31614,138660299497","133760,1377644093","133344,6551464721","86470,91808905207","160042,29080855552","168906,60626176946","169792,9399261521","142286,16700504403","20720,43387669266","19803,037467695736","21757,68663489529","186747,48992059226","184780,1280036545","243127,17505697047","241780,97964816386","242978,34534347284","144607,60613851369","147551,80138561293","147551,80138561293","29894,417812484597","69095,45985948772","233777,90442987997","231522,55889971624","225908,96108685693","228638,1912126275","239473,1857532959","246013,4300081968","95015,93944675718","119379,6639491394","119031,97105617356","172545,41241174517","136892,39819405155","128120,52085853576","43261,86561859024","62161,11513343275","62876,46534213405","17047,38202048593","88411,85735545191","182609,33006928992","182458,9147972593","210755,7488571039","92272,39811955603","96262,18114825797","90536,27157038027","93846,73689322517","188337,0692510274","196313,1677940745","196500,7124198508","208989,2266664521","211458,85118191465","209800,76901686512","184258,17115525206","119564,18347540492","117451,72528838788","120688,86680085862","119901,11694828427","118154,37540297961","29611,178084227344","30566,368555705463","75628,4711804139","75628,4711804139","163230,09427467143","237296,89078535672","233941,4131943903","231688,2297242639","227754,52928340127","227091,7581333656","166801,1472504612","167446,66743886046","161659,68780648877","167711,24829985094","219294,19230721274","217831,78782213686","217831,78782213686","214095,96658105345","217417,6587121118","219798,9115391997","212628,8561189054","216782,09249848488","211311,70083388867","221718,86237944986","220406,95560909866","222396,0440451336","218510,06212917593","214124,6480792949","218371,6511871636","213719,96239777075","219215,2574645731","223362,3327501834","210082,5102660343","214459,4404196582","217959,03562703062","218048,95439436467","220367,48218488868","216317,7841730022","221681,9550553988","215716,26776820127","221798,7771062691","218376,2523720337","214254,64153620458","147786,41666154301","137015,53735448667","147998,624998035","166607,92549493807","162885,86527114845","166437,89533636035","154565,21904427002","160753,8915027117","127351,38250707426","115162,70139283841","13977,436457260166","129179,96786315982","129048,19130288599","156419,96350697748","209860,8263141949","78486,72356738352","78129,7218383241","92908,33983578935","95474,73741672657","98505,55694134417","32313,83924539148","203310,76063133308","172529,29208266287","164302,09647396766","162463,36904852273","87778,61468397644","87906,30371810516","141781,36186013598","142028,95055420802","142028,95055420802","4073,811411053907","222544,3719075537","222938,03308747846","222938,03308747846","130294,44134165971","129451,45412583227","60386,3223869515","210975,8711315645","211649,44149242737","211311,70626095278","175445,0443587711","179814,0134145615","175392,46093969553","179650,7718721195","177877,1568102105","212379,51282764855","211657,81997441666","206899,59927276618","210431,61754570284","209976,72464139079","206720,30635760343","212369,49238113288","208433,90774333096","204863,67730199674","207180,4908293478","210230,17611711417","52626,04903155689","52869,72948431473","191756,00949148784","231119,63517795928","226514,62084189034","222305,5210253841","223178,5248222381","222218,1112995961","223636,79553410326","227734,25082001562","226953,09209088612","16734,49326035413","204397,79753959514","204562,65927541122","204397,1831062245","76606,71998860307","74413,42612202613","76606,71998860307","96958,75576150988","96462,82958634387","95190,1445616399","69295,9466635066","58142,443008431364","62195,57826435192","130538,91581212361","163479,99204283254","163572,99373670362","76737,0937128804","76009,2797019654","75848,07584767402","59352,44684753","64284,924219996305","98628,68027288574","109142,77390151616","208931,4293448616","200745,005336726","210832,8770068338","207558,23719535166","210018,69790565703","210073,9777515246","201383,3603366027","111314,77902413919","227565,7512367522","226290,01177193687","125692,99449191241","125548,22446390553","225980,3948437929","225980,3948437929","37582,40745068486","157860,344886552","159375,94612781695","157450,52080421936","81610,35536672217","81212,90644781323","17182,92525967285","17182,92525967285","0,0","11010,891885520807","199630,14046986864","77830,78239153848","74308,78641858038","74324,09116193908","153181,3340778346","185330,73775730317","144250,56796315216","150867,30886181677","185373,92807185618","174793,3636686323","187353,22051980815","184263,48393408727"
936104,"117169,53882691526","115885,5371642732","142399,97875369305","140370,88826038624","139926,80178932886","91189,0671661693","79792,5269795018","77390,78039517836","132716,2511622194","138614,7841924778","87582,52156464153","93017,16651376564","92654,00626388061","124560,22737340035","174229,7973967258","173783,99386432258","106572,24807041926","210927,30514255769","102846,55422162816","102156,81518498913","192701,86133972523","181965,76630779402","182173,3555789752","181648,96918422496","184526,03848504048","190030,89805636439","33514,280692015076","41101,74019046404","206469,57090717775","206670,56915878528","203006,81836484332","203531,74846131605","205191,5079779297","206651,02563524776","203848,28247462894","113483,54324120928","36572,21085180106","39270,130642175034","39018,07225996481","39270,130642175034","38644,0909182152","196935,17829822586","199922,66347087352","195220,2762340585","193911,28823795088","104775,70515774467","114550,35714767461","112499,24341584217","95313,179441861","100226,83413279771","99576,81849308727","104028,25738055397","106496,30820905084","96051,1226253427","96865,55517792984","95122,03867330766","96262,08213901156","147098,38831536812","146104,46678268517","20017,653903179205","19580,167905700215","18311,31050331574","20982,35443575109","124883,36672580946","124501,66269375956","78305,45992014227","151284,56372278146","159758,25337467054","160637,91621148787","138124,37782621494","18782,796443921397","18874,20654067425","18874,206540674204","179130,6407415822","177129,15825611324","236074,25564287123","234667,88223444647","235945,5044862281","137226,8600275433","139996,2620167241","139996,2620167241","40817,14662419958","63295,299328281275","225509,4201562509","223596,84341647653","218384,84294257723","220474,66781560302","232682,68812304255","239723,26652248693","85415,45179961699","120066,5769682473","119723,12001648407","166655,97004388072","127765,1796598645","118464,35573709199","40510,46190699012","54418,15400453167","55435,23539225454","8381,668110118722","79691,87396328183","176023,76506698868","175978,98186118665","205278,74932333903","82375,02550318095","85773,8453176392","80788,71509347581","83322,23004492714","180062,11693385037","187771,30829301305","187961,1611669738","202226,05755984635","204547,80014837976","202865,61171377602","178854,73697538042","109806,33463088158","107638,18287655189","110882,86743961017","110087,85959968391","108370,35447962442","18929,869479438003","20071,007936869435","67556,53452643761","67556,53452643761","157322,54193923707","229028,5447852191","225472,52692123537","223118,43292823303","219316,66052333152","218596,26891894237","158939,29888981878","159622,18047446842","153139,29032933668","159902,96285778895","210808,55249053036","209137,73419766323","209137,73419766323","205200,2669122274","208611,233820181","211195,9443185754","204100,46522266648","208243,41137084443","202437,87642385962","213004,15053556315","211863,34961732084","213770,51918582388","209984,42281089327","205210,80030573276","209776,3466538492","204890,25131563912","210418,38826768537","214713,45326408904","201238,01238095437","205880,13022987585","209065,8479692869","209518,5793569977","211621,93188418835","207595,4001908356","213135,7717094078","206967,51669841452","213014,7332263109","209548,02297697938","205428,66268112144","138375,51343776166","127744,09330459629","138784,20939255","156363,83763788102","152792,41950821536","156211,25840025992","144504,16303122597","150611,6625076618","119837,42725326406","108393,48656236006","24164,01795867503","127322,2915338827","126877,58576325049","152346,7798929717","216153,39509854643","68690,2764602352","68308,59087975322","88827,96732035816","91311,10232762745","93364,7422776189","25439,40420352771","198015,6817758822","162466,10642821906","159413,20123174565","157482,06508799476","85259,9747772583","85529,96558675985","138504,66072784917","138788,67394211513","138788,67394211513","14842,598772436846","216696,61795268432","217040,79407973867","217040,79407973867","126710,31639986303","125925,23406425476","67709,5975851685","204656,56153424876","205341,65113456824","205016,27722380037","167466,38388764585","171754,4454956356","167340,85509319048","171581,58703410684","169819,441694633","203347,6975191911","202655,2362322422","197969,624950754","201714,26881828264","201242,33705283946","197668,74008782877","203357,1677687304","199800,44140731136","196163,46389581534","197998,489826175","201198,40386733253","48161,01687742372","48734,214508927544","186157,85778019702","222532,8951516374","217826,15401491002","213788,93961513555","214439,99529225784","213717,55510495487","215040,82817549366","219119,72161147493","218398,08546334598","23761,23784375391","196808,45873182963","196934,4661756616","196401,1777159613","80111,79159555693","78995,03389601468","80111,79159555693","100079,29235467175","99592,93378548868","98260,31367563886","59606,64487835456","48747,234435181286","53115,73592641991","124985,03687924094","157724,7674574849","157547,86362914802","78155,34147170644","77372,48099241476","77312,95930185905","58464,62762220702","61881,532079356366","90980,73891562242","101643,74287792497","200818,58426365454","192855,6096971892","202463,4859015047","199420,37130643774","201739,58779651643","201776,29013924813","193115,13719281164","101033,23555739109","219235,74049808556","217931,186163702","115702,37997104684","115599,00849536435","219477,4149297761","219477,4149297761","29128,587392331745","147279,49601247272","148803,73360106093","146903,5208670188","81046,84662804233","80898,05767968537","24279,92192628465","24279,92192628465","11010,891885520807","0,0","193176,14804923872","72914,53837491639","69974,79495322515","70115,50773226739","147180,80509831858","178096,079016249","134523,0900316259","140852,09741642277","175830,9202322478","164977,1779998288","177424,29789804114","174693,9291007846"
735139,"82078,66556528056","83777,71323654236","68885,53671502565","71530,80949344122","71155,82675868875","102038,71092199346","113561,80851612722","116092,12010483342","84265,86411133701","71546,71232758567","111672,63655700487","104428,11746541059","103466,65617394276","68697,52229645161","26243,136083686335","24764,784409919368","92010,00982539132","219854,98469052365","120243,0773030241","121778,24102143693","69368,63825600094","68403,25531746137","71174,25894347439","70494,54434981526","70872,07898732487","79628,13864644982","182740,12370208357","154288,0470591163","51332,872945723335","46072,68001262817","50587,508486780716","51890,43198809572","53514,89497583545","53172,6148876679","51661,535496445686","80827,79797761956","158832,83202969228","156165,9203791372","164232,9380924748","156165,9203791372","179210,57162861506","12775,063753610902","22999,384244299756","16010,507316739371","17173,086180995866","89754,76153174527","82769,01020929954","81098,72022717173","98295,88329726817","94889,16039111564","96185,51112304725","90664,12225701848","87805,49784913922","111737,24631126663","110582,05532409654","111383,16565131371","105231,17873273802","56539,0878338783","57298,68567365646","187710,3208863074","188787,2146693683","188780,0453192312","188482,2534219705","83329,2823188456","83129,2322419134","117120,43446451418","65352,088037208625","70971,85724586561","70902,91272670878","68715,61727534595","179372,31032226645","180682,07232474067","178072,2455120525","29335,699901859312","30873,66815246356","45717,39854056241","44945,50086302629","45418,946640673035","58353,177422351284","56986,70811429044","56986,70811429044","221995,98340988148","130567,07370831221","57809,91860625643","48691,52863927702","36808,403701094816","52051,554656079155","40528,88315085979","46645,4970360682","120613,86703218737","128858,18142440545","128989,03103964803","29094,987522900305","85282,34487565405","100119,55286462072","158366,5536982311","139189,93525260547","137918,96180898292","196595,66885156278","118279,23256535172","17316,369244152724","17197,716510018465","24303,90983654083","126301,88368297393","134447,1365738977","125608,24347832869","136516,18436023756","44240,022769575946","50844,656651302765","50789,86491057521","11598,45026581369","15686,853336327897","14880,885351863059","26041,946610344712","106846,14334550763","109097,13542077955","107134,5110826575","107712,15923280564","108142,72728353848","178590,73432615973","176801,0543613004","127032,367268996","127032,367268996","37672,47137296425","60185,56115610772","62772,96871678698","63984,25467392437","58276,72683495019","59402,85960087969","45112,85861382793","44083,01316501788","59800,69232189063","43647,240780613334","55212,341421870544","60383,322783549615","60383,322783549615","64867,44409198974","63466,95939352452","58661,331457106826","53727,56993493141","55583,69916014026","63281,980672175276","62675,38505434143","57299,49067637703","60491,76634176978","55955,38746799562","65424,02317313233","57822,99906230202","62766,385461075464","63929,40340237147","61607,93579228974","62030,13394874956","55809,19647767125","66252,93691010057","55885,95909466146","62944,224924170136","60588,2058790565","57969,000475965244","61119,37744665664","64697,56717382125","64496,83934463503","62844,64779192713","85142,91193612253","87791,38070137701","80771,43263247714","105883,85521103819","100474,90704902964","105197,40964369413","100674,27001742936","102473,59605899015","75380,37985072932","84828,38860112721","201917,39034389565","99060,05577872774","96014,51501304064","60104,16685743027","237369,52539784866","135022,25368136243","135538,417894641","110597,64202475878","107992,5958478236","102356,22282586","167851,86326856678","25085,483464632925","98709,4878351535","45501,557175431415","45817,108747692466","121302,66458087327","121874,31326287943","77677,32939320161","77913,25836287704","77913,25836287704","203180,88853258995","27007,90161679931","26791,34994370466","26791,34994370466","82407,26354759508","83487,73518032645","193101,20356916127","11811,99765486998","12536,575201026915","12293,738276631233","41968,502221217845","41619,85601990724","43443,80780704858","41894,03744955461","42404,91156492639","68439,85705315655","67303,22551944584","63727,64905893832","58395,75620612869","58754,94212302469","67412,9688402238","67833,46117052583","55403,09151655889","56457,33491181186","71646,12017774602","67764,8901282142","147637,4644421589","147735,776566779","19384,86941300869","64095,46593991844","64302,36804518632","57467,97722305873","64039,131607709154","56993,419643396126","60283,80976112943","62927,01572855252","60902,59308541448","192740,61466560297","26937,02926751304","27924,324141608668","37149,96508810976","163820,61569523052","172132,08778786438","163820,61569523052","157006,94925642986","157163,33278688177","156808,56084914148","141205,529517622","148605,53738206596","143505,49212142912","70387,43937534536","38288,654097382234","36823,93008609772","149827,70768595565","149815,2757586399","150503,96040866707","149342,10597398365","140800,1124592488","103461,16733662995","92747,67472457676","41329,19216349453","33866,42320768373","48750,34671796468","41591,98681916545","46056,61560896919","46572,11760837262","43830,92889856469","122165,75264783775","55436,02973364026","55431,02431647112","108520,9022410142","107639,16696426156","26356,855959940443","26356,855959940443","164476,0987025729","121037,27412588938","120586,07529322534","119387,26991498655","135647,76111083943","137274,77117558417","216574,2413825167","216574,2413825167","199630,14046986864","193176,14804923872","0,0","122737,92147008047","127118,06361383335","127356,25908691733","47026,8375492577","22550,968652607255","94148,90648946204","100047,57258583508","80480,49675821573","89818,46211103394","94212,72202964107","81338,98737600609"
836069,"58289,09841132219","57789,69174262985","69899,13966133307","68028,0483789055","67509,73330822474","26244,06889320057","13722,578829200502","11288,899503172091","81830,3620409065","81872,34186064471","41258,72155565165","40343,08061503786","37508,10431656305","56035,70874832355","102043,74887855674","101813,66677992286","50093,77085697232","177981,40504551455","43325,90498893738","43611,927122279645","137003,39040159583","126776,67056085698","127837,58077353449","127130,97783927438","129941,15818866256","137699,06074538818","60418,38637798831","32161,04093352551","144613,49009273067","143558,35617724922","141347,2489221","142132,56435306714","144008,13524704616","145217,66812740944","142360,3175298292","48749,56372138854","45121,522664074786","43206,24043479296","56363,053927789755","43206,24043479296","57459,885878917674","128136,81219643923","132672,37800480874","127035,93674620817","125967,59862650758","32987,63054222159","41744,93186611846","41876,83869149035","25219,40255840382","27955,66095987321","26963,271141637866","32096,262966508468","34934,640218041495","55726,68983627573","55647,69386222128","53952,654408856026","48206,918336134586","84918,21127844379","83987,82923460104","73270,5827872849","74188,17724285294","73715,53891430899","74412,1182294588","71198,4463708937","70527,29393420042","29999,325084206113","94121,61733630367","105675,42639482532","106565,35892772542","65368,53164209233","57198,11702831591","58359,8455511015","56073,71996750298","113254,65693888968","111466,06765460943","167249,0334143767","166059,82602196216","167052,46922942242","71297,56553253952","74917,35378720947","74917,35378720947","99298,91179800156","11256,564051900175","162413,1107606435","158608,7475411659","151528,04168240537","156836,1035809264","163029,0014684951","168742,8627292276","50620,22074484573","66374,21313582182","66116,4470907405","95007,60564950356","76331,70418122715","74906,34245370726","35632,76961844928","27019,948869409003","24673,590247932963","78003,60377269053","36616,53920369436","106065,78814296033","105709,01962399832","132941,20040864358","53439,598490109165","66200,45206139194","50355,915347299095","65624,01967650335","117966,17117126215","127288,05235876203","127455,58233293383","132639,8151357555","135428,37094096362","133840,08193790918","106437,01661776235","69446,07667700107","68613,99441771218","70992,34885555303","70484,78513201566","68729,22656907549","62347,36877579605","60542,35077557116","26548,093706883672","26548,093706883672","85740,68342739272","165878,98010723092","163632,00215600562","161994,61764565555","157382,63852951507","157055,49438009236","94922,10347653486","95362,34118729511","93902,61640318652","95539,87803131167","149356,69246894252","149192,4986582422","149192,4986582422","146914,34457461943","149527,88691003274","150545,5845663669","143089,27517858974","147208,97084441807","144053,7348979902","153120,73977027932","150784,17269251103","153223,61985027953","148821,97891457877","147071,8991622882","149103,51798145857","146086,59178149118","151215,8603481327","154312,77231115598","142653,50419038782","145183,84084315726","150654,4252969756","148398,76655780827","152000,47370378085","147898,12716703978","152047,49235179755","147484,45062276247","153650,9900267097","150610,1611278864","146581,12552899626","88909,7861854828","77921,24349190494","87063,89644208274","116867,0776848663","111114,96682587905","116423,12681585559","103190,13917496394","109951,54549775142","55659,63412698639","40765,2429160131","79190,27552770935","60244,06913145859","58681,50918551707","79612,18248518102","188931,23550221708","46392,27992132491","46638,301546271534","16981,02310789329","19118,007064207224","20688,68359557187","47747,74179852105","125480,14652177267","119430,06920164112","86571,87173806156","84688,22461612865","21775,024898861324","22812,24576818383","66914,214012411","67264,07321400564","67264,07321400564","81137,35669692709","144886,51567668817","145315,0469781584","145315,0469781584","54743,93239503574","54075,212883096865","78732,48668235145","133830,34709762657","134485,63126605583","134131,84527048806","103875,78101652075","108529,187335094","104202,64868295484","108421,0357769769","106641,283029977","146251,34648692937","145330,02146641127","140178,97539940194","142130,68438636666","141800,55889148256","140925,56778757428","146093,56860227368","139644,68799431509","136604,3356900716","142419,93180417287","144168,47108193103","25215,976295177323","25116,83238491591","113988,34418192963","161536,47737922112","157643,89458290447","152484,8061362522","154700,3579654399","152306,42793365178","154258,2544400045","158383,35807898943","157263,57896466053","70002,7914548348","130505,59967835643","130815,48724110765","132213,53106264523","58994,51524058449","65610,08539404986","58994,51524058449","67261,44468168812","67013,41056800241","65758,48078523643","43394,37815386653","41306,648126995955","37467,03019971785","52849,280334520496","85847,92504893716","86218,64625413466","44617,92563046699","44004,72164989538","44646,493085289556","30213,976304474094","20750,574048303697","32206,949418716435","39366,085947957574","137219,88177298868","128143,48605824748","140419,719901848","135997,0442456889","139133,3515562368","139286,53118053783","130632,11939818082","71749,6783863898","156616,66607714657","155515,35656100308","77650,1256856124","76906,06185357175","149064,08802776065","149064,08802776065","46879,08640617056","115706,04335583377","116837,61385898612","114566,6796057593","32548,651737193886","34148,55588136544","94994,4513258168","94994,4513258168","77830,78239153848","72914,53837491639","122737,92147008047","0,0","5379,039029395972","6091,970818554264","75849,59740342449","110471,46015395217","89509,47749965636","99243,04290360857","124968,37621419034","118194,62991554689","131322,04768534144","124201,935164195"
836096,"63666,993084811846","63168,60021130656","72434,22539799404","70436,08180974874","69974,51629510027","31619,77788163131","19049,64381728212","16533,696980818844","87172,57518797716","87247,86653275853","46049,55833733128","45488,23041492026","42726,08472254459","60959,36237715951","105949,10865996586","105811,39929459686","55446,146801366835","174698,93490686346","41547,388948311665","41652,60882744947","142355,41750896198","132140,25858080716","133208,15719968997","132500,44371914424","135308,9234018367","143076,97749702338","55725,593877229374","28899,782326863453","149788,21757585756","148672,30850943335","146534,51075172977","147329,972471026","149212,27273118074","150410,11054406554","147553,73201118843","54024,035091016725","44410,32886839359","42746,679307371895","56345,399935908456","42746,679307371895","52563,65087958436","132780,5226845181","137491,7324948701","131760,9465197429","130723,16472690032","37423,24688616626","45397,35232667494","46559,37011028821","30229,357625219836","32229,949212381027","30997,68011845093","36483,23272022451","39430,028853188334","60477,43106295411","60447,694643574454","58718,183042651675","53246,80854406925","90178,26006029056","89252,43518159256","71683,77360459063","72556,34371898677","72000,80262734687","72876,58475667628","76559,96106265199","75891,05283632796","34494,969945605975","99485,10536132721","111053,69382909712","111943,50244380061","68171,82264358507","53597,63953562408","54654,40284463383","52585,11802639968","118235,86264184129","116467,8486261133","171832,84062993494","170674,18987926218","171627,12816024525","76395,8942680828","80061,04139324362","80061,04139324362","94886,83588502301","11957,208914225082","167505,93122965723","163585,98499417398","156358,01566775027","161904,0375022326","167493,41455574564","172940,5791159597","54880,464365675376","64192,01758508362","63917,25330848112","99137,24295757935","81671,34350342533","80028,51595957018","31516,200745804996","27874,598291480284","25494,42701654663","75470,16457201722","40978,54018104077","110573,456143217","110158,7318239038","136725,2718148638","57359,06705096894","69850,4573277413","54273,39021017579","69122,99673151567","123166,43778281548","132538,19300588014","132704,7434111812","137157,85559986907","140013,98554518906","138441,9654306379","110215,46134034485","74392,29352743899","73488,85188152053","75933,41638757286","75407,5842679969","73634,60613163683","60579,42893278781","58806,35667286099","29818,7393900487","29818,7393900487","89917,90251188999","170965,2186118769","168787,09101644432","167182,6836820506","162539,7009412681","162230,6256433199","100071,50867061547","100496,60833371332","99232,63435150648","100667,53532348308","154543,7639729658","154437,08709573257","154437,08709573257","152209,7245216204","154799,3039285387","155763,6250188416","148301,31354683914","152415,5772700818","149349,02338205877","158363,70760589535","155985,19786686057","158442,89075092375","154021,69643478916","152370,81411908678","154322,17695032223","151369,00043436504","156482,2525629188","159536,40866164686","147944,8358298262","150405,7135369355","155943,5182160761","153600,66849336258","157253,1141815348","153152,14047758572","157246,8383522928","152745,64735846766","158910,31494462898","155884,85285226043","151861,8815885418","94242,8637358872","83235,4951615944","92424,92511805517","122042,32914209843","116332,98313042632","121605,20388478845","108374,71691483703","115139,14473074452","60927,992550117895","45899,24823401021","74989,40466827786","60549,54194673772","59295,54194180527","82381,79296100288","185296,07648374967","49385,61506763551","49588,12726884168","18871,60316119972","21336,379405254083","24773,57503964416","45186,77106908281","129159,16729001504","124698,79323843353","90011,94778946036","88201,46644446308","19887,869036463646","20772,33008475089","68863,89207943334","69181,15246003515","69181,15246003515","77488,13532972489","148875,1303690558","149331,55855881012","149331,55855881012","56876,56396530235","56134,61694564826","73357,75960743595","138107,71545457444","138755,12072653495","138395,2617780981","109028,7174059506","113692,11604188064","109378,48758045977","113587,48764485585","111810,27560869671","151574,0900134351","150648,75312206507","145491,64296791932","147393,89822101855","147068,45878387179","146258,72930439925","151413,02353738536","144891,83214885957","141873,8933621129","147770,55536194748","149493,9971054579","21838,980614446802","21448,076275173215","117879,46116378768","166730,211837936","162872,32568058305","157674,7931222596","159946,6894863596","157492,07852995512","159467,51369509575","163590,42407430554","162455,77066493104","65732,09134315963","135418,41072627704","135743,6124794587","137280,6916253889","53932,43657765481","60410,39569330361","53932,43657765481","62985,607956073516","62716,181946481884","61429,9179752767","45506,8546642969","42081,62129790664","38724,79589289911","56951,30868777358","89921,57012061292","90471,44457420464","39776,991631507815","39132,108598089726","39755,07249083275","24857,2122385422","15393,032885723993","37505,185243402906","44741,595381735926","142315,14409158248","133182,92135014228","145590,97417325515","141104,02118308522","144279,32808225867","144438,0665936276","135795,66524762407","76150,18527443336","161741,12743092678","160651,2737408819","82573,7633695389","81850,8132836975","153408,21152022883","153408,21152022883","45132,399119601665","120613,10318581175","121764,74654167016","119497,44259070262","28453,36316819866","29940,821962737125","91491,7023605639","91491,7023605639","74308,78641858038","69974,79495322515","127118,06361383335","5379,039029395972","0,0","894,9787019458378","80137,76565298591","115294,85239799556","94748,37508030172","104422,34315739007","130345,14136001376","123529,39814163852","136660,73056371819","129576,98818571135"
836100,"64343,923567431244","63860,68933244606","72284,56289675529","70264,36664822129","69813,2807684245","32292,230015482826","19804,351375312275","17318,79445001524","87920,37030800621","87915,07238683994","46916,5435763849","46306,97258395253","43526,55532915814","61375,086136988684","106070,83484595071","105955,12190987027","56185,45556348047","173827,3728783865","40810,012238007876","40896,87383933254","142982,785265868","132782,89282269147","133862,65192674298","133152,8171384282","135958,19760678662","143752,24355270536","55434,302092285536","29019,29776237028","150296,3584394797","149152,12563346216","147049,01562287807","147849,62137082874","149735,35103988127","150927,1041290666","148071,3231580464","54594,94407896846","44939,93204023347","43311,535380236746","56954,25714763218","43311,535380236746","52200,79688819234","133093,56293817668","137860,25381235368","132099,2260561661","131071,2706602005","37708,91041905896","45489,12872940532","46904,90166262641","30694,669824460558","32482,65753488793","31196,195451863052","36757,5282700625","39729,18363591815","61348,97390120038","61315,21978980021","59588,44606770013","54085,64537979302","90735,6904202256","89812,7045348928","72064,78154836995","72929,76776438978","72361,11618938202","73265,16857417267","77290,08903985468","76618,51654728937","35378,670005613974","100128,3921516952","111731,35960731872","112620,40886014131","68074,3302681948","53606,23120389311","54637,63378999017","52620,048291254214","118663,26868734455","116903,25813020475","172125,30689758202","170975,8323214868","171916,90101376493","76874,89860186321","80559,42735470233","80559,42735470233","94671,22512696889","12744,20002096856","167975,77185411635","164009,2504790193","156728,95663366688","162363,48973853793","167751,66122897432","173126,87293582645","55773,17849955993","63405,09297431024","63128,89831161022","99314,49764880819","82421,0087084588","80854,26688864987","31421,333049095632","28609,156752463372","26230,81427821474","75686,75450906526","41867,99774774772","110849,00828553953","110418,0826354438","136814,36871630972","58253,795244185494","70741,15943323438","55168,1466187961","70009,96826178224","123688,59344961095","133087,3812327157","133253,34780256686","137433,50821991832","140309,05316546126","138741,97965573508","110307,00938274864","75245,52169863113","74350,06399817884","76787,34301569626","76263,65120598674","74492,56450187256","60937,333133635526","59170,65362075102","30704,52923807166","30704,52923807166","90109,046129785","171432,10706475182","169285,0996370924","167696,92416825664","163038,84448465958","162738,54583494575","100570,34644874859","100988,4677477783","99839,26799094598","101156,40110530717","155057,8908967489","154982,2959336273","154982,2959336273","152787,4263224264","155360,84388663582","156293,89375830328","148828,596781146","152939,8446296144","149926,7309347058","158907,86447481843","156506,42844823576","158973,7473304144","154542,31076372354","152951,04234635955","154852,82514687802","151937,80329243984","157040,57014705392","160069,6202417376","148519,80302177917","150938,23519407195","156516,7380140825","154122,43228362876","157802,99675807665","153702,95816220136","157767,1570036627","153300,8395853592","159464,19514740744","156448,46983751855","152429,57236999364","94997,16013608972","84000,88683200527","93155,57078370755","122857,19988460092","117136,27984862421","122418,36604301055","109187,03860634763","115950,80194042761","61493,85161904012","46401,5904170275","74837,6983984489","60051,22594070617","58841,71639282271","82271,62769386788","184410,08398613098","50256,06237885099","50456,55072845634","18713,153403562377","21217,05986172315","25000,03868521767","45419,34546584738","129225,35300395488","125485,18919403829","90033,56002410065","88239,22956656784","19176,630997837023","20040,663216069384","68613,04435685565","68924,6251982645","68924,6251982645","77473,17818996178","149011,16248677965","149474,3172324918","149474,3172324918","56664,91645001756","55910,93938544671","72698,98036534456","138317,38210184054","138962,66083734095","138601,2479756525","109528,4935578992","114196,29864860994","109889,19476674868","114093,36512469649","112317,49358287448","152172,83017825487","151244,19289616565","146082,36075544267","147950,48729006702","147627,9813760272","146866,71736022","152009,03811905562","145438,8243940531","142434,6181881402","148396,21420048186","150095,14422428943","21956,77490015748","21498,492526797276","117995,86695961317","167247,35495759212","163408,09826731397","158190,29461870636","160492,76545344896","158005,39229626278","159992,9637671301","164114,5934968373","162972,2481210691","65564,65199194897","135819,40669372003","136150,10464973067","137740,92583830445","53088,44936039967","59597,22278293515","53088,44936039967","62090,81963985379","61821,538556868916","60535,55228886065","46327,527777432944","42789,604772352286","39481,82966856876","57136,31299610601","90087,0241168214","90681,70372902803","38903,70824828035","38261,7103451556","38886,653274256685","24241,060255710192","14784,63624399828","38276,83622657056","45411,32132378852","142787,0514778877","133632,02507499958","146097,5704478364","141581,0915754373","144773,90959061935","144935,2491603442","136298,9391122956","77040,21781327913","162225,15842879456","161140,57020279876","83430,028427457","82704,53585934735","153634,314611459","153634,314611459","45507,141430037846","121472,21626150237","122621,59138512879","120353,8219657006","27560,44325385566","29046,225096265473","91505,80116456965","91505,80116456965","74324,09116193908","70115,50773226739","127356,25908691733","6091,970818554264","894,9787019458378","0,0","80359,7791533136","115666,57365303994","95544,87834395471","105235,92315516411","131048,13576382742","124282,69540759675","137411,31035335598","130285,05304292908"
835135,"45817,50150432047","47509,35162795227","32640,848784989823","34518,40821676366","33719,36066851986","56802,24095712843","67392,3970476624","69799,69997430428","60936,386676112284","49344,19774443853","70811,21009487631","63187,28001735298","61359,28506436834","25060,44171075895","27831,244469071746","26925,878180422376","53184,98448876153","193407,96804040894","76536,68821204582","78060,12461076038","83622,63326838291","76582,50971291527","78883,04327951152","78037,02230300475","80027,69293565163","89806,9729384821","135718,6720873857","107637,77320213406","79730,63316299744","76758,24534057548","77155,90622318316","78279,9887565362","80289,51840586671","80954,00747133046","78333,69769259347","38821,93677371482","113938,28992307019","111350,1123964727","120705,03693952812","111350,1123964727","132187,7379962867","53826,7527616202","60253,43149135277","53564,79608193163","52891,41962063783","42877,81485406651","35932,92772454557","34682,57271750223","51880,6769459922","47928,471400062954","49172,21548502862","43754,09478358933","40986,142023103166","75068,84584998777","73960,68623116752","74177,3854907189","66396,20736769246","37094,403743773844","36999,637769890236","143173,597697606","144225,18941496924","144101,8292175719","144047,78616994797","54237,7120917025","53671,40445525466","73669,79316326251","52499,7154429798","64629,97389379773","65157,335883044965","29107,887914539886","132760,8046693876","134018,40906518215","131517,3486850182","45135,29290274075","44098,0825939608","92237,7312261386","91229,73491736292","91992,80285903018","24793,86682599438","27158,092322837954","27158,092322837954","175024,4538440661","84104,65311236317","94198,52698918247","88012,11877378692","78816,7201120616","88204,83137598724","87510,2213386068","92911,24013571482","81804,63531734848","89546,27994949599","89596,41365562624","19521,73197538983","58882,48763980329","71640,78038531069","111477,48308124961","93928,27140647503","92445,81833377444","151078,48563941772","76172,68386049513","31023,20900043344","30315,076645938138","58688,6012296187","87709,93720124583","98300,3397515296","86287,53348510388","99888,92927875585","56756,05037713151","67300,95477792302","67395,22838042183","57422,11743814688","60591,877863396156","59129,814239727915","33087,52083104312","75406,81630019529","77101,81589763922","76258,70999406185","76575,56134984893","76293,34162596973","133498,51206987616","131682,23254739091","82676,41590360091","82676,41590360091","10219,079481624654","97386,15984580945","97113,86830477015","96635,6535640694","91197,31462896914","91482,75809123341","36434,880018119","36036,10329864265","47778,339508431454","35862,47685227086","84627,15675545872","86872,77041083985","86872,77041083985","87562,56588474094","88546,4884868613","86956,39560899601","79763,40643873687","83369,02357854886","84948,19600357905","90459,83468372835","86496,36529928115","89519,42384625785","84604,68014520848","87937,34889113993","85633,76997783515","86004,10472818415","89840,57941015849","90725,47098088222","83421,96402035933","82123,08568913655","90604,86447473131","84293,80042017433","89873,20301215428","86130,66458922627","87619,70615765538","86114,20488373691","91743,39115560774","89727,91418235019","86360,2219193686","65572,74309622838","62019,592765801695","60844,54140962252","95508,89270013891","88842,70494392779","94809,99631063922","85104,96161980604","89716,15880556307","35669,894016233164","39998,14643422777","155034,79384160956","60207,30435606802","56619,688056007515","30300,6807358615","209364,77175705292","93774,65105242298","94285,88497401636","63641,65866742093","61051,63168147878","55365,04287049413","121755,79030342908","52136,722589246405","91794,09499134103","21556,316553365254","19238,73914108329","74807,88176183199","75455,30909401193","40899,605715121106","41355,40452017499","41355,40452017499","156649,21315031126","69526,39180373248","69860,41932559843","69860,41932559843","40260,65816118829","41253,47151785036","146964,03502551434","57983,59930426145","58636,989175691386","58282,41874771544","43096,63227451575","47223,41128690374","44389,79422479215","47290,57020679418","45979,79606888429","88933,99420302348","87778,18731474572","82670,30257296453","81305,29890202697","81259,48239989446","85053,84094030928","88527,0801074605","78206,05320594205","76649,99528161073","88225,0444888288","87282,74643977958","100888,92356000115","100920,89868002","39460,95737722462","96400,87707463262","94065,98561572851","87680,25194536457","92095,11648735763","87353,41964083411","90087,97689319306","93901,49250419701","92282,32459669125","145824,01482723193","59682,09012141427","60265,677718141946","64784,35570824347","118659,84927173241","126914,40149049988","118659,84927173241","114195,49538640691","114281,72909170866","113735,35984581713","98588,31717963917","104593,33845919109","99470,90433998163","23382,629983162056","11199,934989835396","10392,194313116357","104183,3667370395","104095,00870132085","104800,14551348852","102386,3219043767","93783,97027994893","59921,17746662251","49796,94820587662","70254,04451315473","60253,0041403899","75697,5693418422","69457,69366389416","73619,19848050176","73949,8867065331","66418,27562407895","89574,10344446133","89478,59906287186","88761,75770992112","80080,302089192","79027,41038662316","73274,92154068152","73274,92154068152","118896,53753717038","105786,13117559432","105955,39476554347","104097,16595117911","89673,92036612019","91374,92469730783","170230,0310175155","170230,0310175155","153181,3340778346","147180,80509831858","47026,8375492577","75849,59740342449","80137,76565298591","80359,7791533136","0,0","39153,0511182062","73315,81686597916","82724,39471046155","82813,34371381527","85076,75371590084","95069,80096959337","82906,33825172705"
735141,"63181,5141697589","64788,652265403696","68876,65555141924","71231,87965891465","70601,81897699328","87312,59994054187","99740,97582685231","102426,07236944721","62269,20643540055","49787,91188134579","93559,87940329836","86718,55371234682","86272,95183007722","54508,70182251986","33545,43940423951","30965,01610491387","73615,94673956216","227293,52629965538","115685,17687456842","117207,20911726885","52149,765875142846","48870,58514273941","51616,391342455834","50855,45102063701","51772,05439231251","61226,04730972591","170882,59929684844","140826,7869656103","41553,20073433763","37978,527385458474","39415,09637000649","40645,53621790873","42612,539248261775","42992,70837006427","40610,12622096161","64612,62958862951","142693,07634827142","139977,63322587637","146869,87068839316","139977,63322587637","167858,4994805574","19546,23053594553","22200,918514157212","17199,720479589614","15818,554530963675","78213,2679782837","73870,40595888009","68789,67577219357","85309,91978090421","83577,94134827067","85269,25228878259","79226,60467255942","76132,54861757321","91904,1509212619","90760,03934009511","91741,9132450134","86372,06101501027","35288,72851602114","36146,1612458755","170966,93416581355","172059,1136242425","172160,7329855464","171640,71598432443","62341,27474963107","62229,588320630835","100426,59698886293","42857,5640453503","48641,99984666368","48623,95398684902","66791,69447596371","165589,50295130708","167028,00213571612","164159,36750135734","8658,45387598291","9334,828144996012","58075,56032734216","56603,43342703269","57977,82311321727","40908,231514908846","38480,18167049963","38480,18167049963","209367,77203890702","116966,38481599408","55048,79258478274","49119,45850066275","41063,16351498991","49051,914293990856","55445,479193316205","65297,026076605674","101372,50550153542","128072,23345944937","128144,55469127605","29363,550733061846","63710,10706544362","78545,13358836611","145668,29887993366","123688,57870113077","122681,6067127704","180829,92204441817","100683,91259766223","13880,245457592744","16012,044881102518","46296,61588614147","106868,37126023279","114052,93863114467","106481,31016417549","116241,73864325731","24522,6155655971","33534,89826162464","33549,68892240172","26195,054802115497","27332,440413113043","25568,64193237078","36976,66531541454","85709,30831426436","88038,2603364237","85874,28243624784","86494,72871379508","87069,87293877252","162468,0883935142","160721,99434885546","110846,25288775667","110846,25288775667","33448,345734451716","58234,14518389227","58120,8280722839","57887,78555896247","52329,69911782144","52760,83979423164","23164,125740431027","22157,137518244737","37361,744407353646","21733,963209902537","46337,26770865756","49530,95634842065","49530,95634842065","51749,661698271004","51778,65551040013","49039,24237086008","42310,3885815465","45490,22242410613","49497,10455068255","52799,71215208297","48314,26944199567","51463,73999725788","46516,41562351289","52220,05118559052","47821,15484158933","49893,081791228906","52802,70059681817","52675,52668316804","48032,67771029121","44670,19407859234","54196,58107946394","46263,55030693787","52476,702313072696","49102,036259067056","49349,598044254526","49291,74305138794","54362,47081133367","52941,86379935534","50144,8470561119","62764,97693150624","66050,27394099571","58484,823647860205","83643,19356230789","78093,33993248461","82949,80050582315","78132,18463360316","80036,89088555094","58365,466395731506","70400,45144167295","188882,55073006527","98332,21686739102","94878,44329181054","62613,88724547824","244071,89660613425","116633,32264901526","117143,88999078351","100613,17618901333","98137,51718235185","91066,2552927258","153130,77980637806","45180,31307983113","76762,79355116891","48200,66413622118","47362,08745256482","112764,34307743302","113507,1799456576","77756,40668067736","78126,01770866453","78126,01770866453","189046,9209886617","49184,985337342834","48822,53194006133","48822,53194006133","79104,84803300854","80130,16125768701","184961,06780637513","33202,47355482241","33911,3809763995","33804,63897486981","19437,150266457615","19550,48994279419","20942,612282574515","19811,20677189886","20087,16701509283","54208,34722712258","53016,38359448096","48467,46251259368","45134,405903751656","45263,30358598013","51661,65030332459","53687,344130927355","41931,15851446827","41498,9002032018","55564,1137347014","52983,710645061896","134529,39482424705","134847,34270344372","34722,33383777166","57713,449903874054","55918,16261990905","49274,32586972281","54394,35563614083","48905,47120544147","51839,214187003614","55450,59859437541","53712,364133076575","179922,07479319687","20643,339470276376","21168,14310982316","26146,19803742548","157416,93849559902","165623,97266470725","157416,93849559902","153347,7130315346","153434,62606649488","152887,4285325106","123504,66749943663","131794,4849901956","126781,25903340388","61096,70525611392","35449,70300100317","31643,702665833203","142738,7587468925","142602,31411694002","143315,2637114293","138922,97448518747","129888,81535914757","87206,67701745342","76484,24674247527","31596,1082646831","21617,245778522116","37775,30385068788","30999,855828423177","35428,59214962675","35824,94838309271","29496,17848412124","101024,60648140089","50447,221302561804","49804,38465934598","86797,68712200699","85956,6892418554","44450,62783080777","44450,62783080777","149047,74837233248","98559,20596101985","98135,42728745488","96902,3464286788","128068,88484307149","129817,4542673135","201965,59091781324","201965,59091781324","185330,73775730317","178096,079016249","22550,968652607255","110471,46015395217","115294,85239799556","115666,57365303994","39153,0511182062","0,0","71762,18120576956","77499,5875271806","59796,25945651386","68027,51255696107","73544,13099217188","60504,85147265281"
835179,"36297,911663176805","35698,014472992174","100733,26026197165","101471,60577329803","100521,03032641193","64636,77790396512","75828,1828212313","78229,07535415867","12453,890135925927","24501,78084620474","50859,4501879508","49396,97425720126","52024,36461485705","57287,95194312684","93462,73542782132","91188,76734779958","40373,89765142378","254409,3691019558","120288,05804456554","121409,97307768889","60339,39306598035","49907,27342425301","49424,13520724209","49069,470468394","51811,83911922674","55924,12330483578","140590,47408373046","108289,2791574691","80125,72920454293","82456,26577074724","76722,21474180341","76780,9217261803","77943,81429407267","79633,3461370086","77201,38345882592","50057,86915385044","98470,35376675444","95922,49028733553","96633,52336884779","95922,49028733553","139815,2473198813","89683,58975907926","86714,35786093304","86104,56800481603","84261,59915973096","73103,24945254915","80038,06455852286","66635,89140708333","70997,5307827757","76544,48929254469","78870,28501548502","73947,98937636292","71706,58592437173","38932,43628918386","38296,37741724826","40158,588436286955","42319,89841694819","39403,46067606084","38963,05997475878","121161,60256924292","122231,78034631898","122779,65226359689","121371,1330054584","21949,25034098375","22718,863353543617","62860,95472534456","29042,610124564","29374,366667327016","30064,75326025244","95257,29986581813","128412,17988152734","130204,61443617579","126621,55710601127","66875,59089707764","64867,760487751315","122504,08336701315","120528,05105934481","122623,93789637966","48599,869532070814","46260,90661749562","46260,90661749562","172872,64986672235","88747,30299606147","99435,92781991731","101190,18123050172","101033,69023234563","95760,18886008463","122603,78062613201","134933,92737750098","49258,63413859824","141372,43906847615","141262,09648055254","84441,57149395991","16016,52602042996","16196,572233078099","115425,03592457158","85584,25585594526","85983,27479857906","134277,96325442544","58293,44038675653","79978,1542542496","81509,98169496754","116804,58842452656","52211,334595942986","52362,988848307126","53740,92474160573","54972,64104701972","58248,31970396374","61561,02356963466","61758,6108334979","96986,69420068148","96898,47992852802","95193,09596388433","98905,14284573954","24717,98095172319","26931,111526597495","23686,984483143096","24490,716528274985","26166,840526302196","116024,57362370427","114635,85199512805","72605,44681713267","72605,44681713267","79174,17052014581","102772,68565076406","97512,70252414794","94358,66763768859","91934,8593351542","90707,70426111987","49188,33152452984","50217,71813802936","34406,20507477395","50654,83459942713","83429,18574959309","79875,38126087266","79875,38126087266","74368,3502225459","78390,5986328806","82669,84402960763","76707,26194150063","80491,78607332589","71892,71182872886","83392,06802342966","83862,72130656223","84914,52824879132","82260,2868507114","74232,25972689393","81394,5986732383","74620,54344828434","80208,7091583646","85606,47258759753","70995,853153328","77867,86680632427","78121,36766196416","81774,75748710346","81800,08740297258","78149,18184210328","85044,18172281331","77314,46435986724","82815,56061201231","79110,3192240645","75168,82698508608","9006,421434037176","13166,81545544139","13552,263441705298","27774,24190326325","21661,61160338407","27254,438779243217","14239,007528172084","20795,8173545514","46152,962952801805","59002,959843365774","152387,01664395723","118441,84214087993","114876,53662451399","102259,12284160516","268230,40372210485","65833,44310646315","66214,80318396572","91458,87948340857","90312,24488274398","80725,12262695194","113610,11729204243","113776,65555197581","30061,533314918855","94757,92315917916","92501,34354282694","105045,11079917614","106183,62498566695","106370,94384035285","106921,88283915468","106921,88283915468","148316,06816547323","120946,95127352484","120578,88455516375","120578,88455516375","98806,45640149384","99274,26071406968","166670,51120138177","104938,01169917772","105640,48967995148","105547,44261285922","52852,25896988771","54733,055650091985","51620,37463831758","54458,117886641354","53321,36046592285","71524,55705552774","71069,51025100576","67131,83263747934","72606,3524640724","71999,1328879818","65867,77337547758","71677,31255092329","71622,59648363414","67548,99655646208","65276,768317064394","69437,76141215985","104534,00930391914","105683,02629408028","101078,43980274459","93648,59056586519","88249,60702032255","85944,29491494905","84568,16528966473","86030,03479350237","86394,73922782048","90130,30356067217","89971,09681983733","145046,23508993103","81445,10402509941","81038,69585151042","75843,16482886825","148347,75314597163","155116,4816272609","148347,75314597163","153833,37491692783","153687,15931745988","152604,78514952995","74967,00095172647","86145,10812953992","82401,71234383853","73936,71977307239","81608,5316094458","77544,41815708521","133598,41918638226","133061,44055371382","133736,90141741175","118585,24434396824","109441,26212776937","57360,59691378475","52701,56982772494","78315,07312658902","74157,41556281943","76870,87148671421","76768,08099606057","77214,4408421419","77038,14847393765","69591,9309687912","36355,87949585644","92906,46295731008","91391,5820317085","19948,388946316463","19694,80989579523","114730,70760141614","114730,70760141614","107070,21866051985","32905,33661072016","33309,01079974923","31267,195676339612","120019,55415106735","121822,44955211958","158491,1311905984","158491,1311905984","144250,56796315216","134523,0900316259","94148,90648946204","89509,47749965636","94748,37508030172","95544,87834395471","73315,81686597916","71762,18120576956","0,0","10621,354891632509","41585,6590412754","30620,889430018182","43491,370127786744","40372,928849266704"
835140,"46918,41751235105","46304,65834901477","110899,55008680296","111709,55653124343","110760,77419720896","74779,72340233081","85628,35344848972","87954,64031285472","22582,363063235105","33407,17559749062","59666,04191457343","58939,805005352544","61745,16172400239","67699,26307410205","101508,61283111559","99143,90617740863","50683,966985271916","265029,9101540997","130813,93433516166","131923,5600636113","58257,91098842143","48512,09953212485","47456,64406030807","47275,55979052272","49766,90435077495","52067,506285470314","148717,19029394106","116608,29730700773","80468,90918079599","83465,95389042607","77203,78575623909","77082,10156761507","78009,81237747979","79735,1353339844","77528,17130874265","60679,162356823224","105320,2889160523","102860,23503102733","102372,92114245576","102860,23503102733","148200,9962411024","94441,8223364577","90435,18049729972","90664,12413875664","88795,74022850124","83695,49711649113","90647,6181993431","77254,76093142857","81396,60903312273","87081,49568354289","89401,37002370163","84533,29338253307","82312,6605080901","46736,634622845784","46270,93145018476","48161,22851283752","51460,80084565577","47446,51733946317","47153,048338438275","126509,60293295376","127557,89419012668","128189,95124362613","126617,56095647957","32549,059986115546","33321,01479588788","71777,56640385167","34868,99003874989","31073,484026553964","31526,425984489404","105490,401140637","135817,38792841745","137634,26693600952","134001,5625019214","71739,89384219507","69850,3130449734","125120,44284280184","123071,93092140784","125287,3868555828","58218,694474832846","55567,011014849864","55567,011014849864","179888,44406399576","97903,90228755241","99349,9504920934","102207,7176127792","103358,85068511569","96215,96765630989","125885,19364505653","138851,32184937233","56466,924878074526","151973,2076947075","151861,34563724644","92695,72209325852","26594,37873156863","24585,59664954978","123888,38868260744","93691,80880158624","94266,214483238","140076,1087944673","66764,74036405922","86875,74443667335","88542,62178069317","123332,5378476641","58616,88804049484","56538,41787353001","60525,9001510623","59158,152148254136","61167,11834670631","62722,79238705084","62913,23108294525","101825,31320078943","101326,13983859951","99675,18762200286","106840,49448053454","31928,22297343981","33754,53484121117","30608,389007365233","31349,81466511888","33181,231432315995","122125,2508033386","120827,4768703105","81082,39103613686","81082,39103613686","88006,80829451306","102550,74827626655","96775,93082568717","93363,70191247281","91550,071169989","90154,52985695993","55854,4306393417","56861,45479916336","40554,143203526844","57291,329844522734","83272,54369335537","79014,76581358736","79014,76581358736","72859,97754322072","77101,17250196585","82061,25172970214","76755,98357215307","80272,75997168187","70618,37604644184","82272,487800466","83442,82645143922","84101,60527119877","81999,60294707154","72643,77528601652","80884,32921140421","73412,51420056398","78876,46210759864","84664,16255337259","69915,03549212802","77622,02246348813","76447,95104092555","81520,37206354275","80620,40692451951","77251,20515478552","84554,16420168613","76340,75922612903","81422,52241248748","77688,16621660593","73949,85801004148","17153,130898731702","23786,524363282482","21909,77645407711","17625,051071429498","12268,919656685859","17183,14130258521","3968,023486542697","10730,702893303089","56717,22435605003","69607,7658568832","159595,980779543","129028,73595385862","125455,83456712482","112074,24234319023","278844,8152575629","72444,15578503431","72780,85155877378","101788,21835675699","100699,98702434097","91131,91963228237","120909,51776636943","120843,77038984896","21703,6292556077","104002,75213555826","101794,93621661511","115297,13903595555","116441,49630154048","116711,59653896179","117261,17848697497","117261,17848697497","154940,97848261445","126481,8925774302","126028,88986332314","126028,88986332314","109324,4300950623","109805,57267002655","175743,26471987658","110372,839303337","111056,14678198726","110999,41939193821","58144,91955551622","59278,16230384359","56743,723361248725","58997,284457705326","58110,61403789251","69487,72990788949","69200,85127576413","65845,60596147671","72043,19072125963","71391,94700742715","64013,644223776544","69730,67008251796","71518,73517603269","67402,95558391845","62747,03855677088","67501,69668644492","113203,8734848277","114420,35587361858","108439,12331146045","92615,99590656094","87029,01438658666","85531,0351033568","83294,49875667658","85677,70408936542","85635,15056611592","89131,00491761205","89215,87825297224","152555,50249912878","84902,31853535798","84389,54828025732","78217,29459467174","158193,78171632244","164832,46307178933","158193,78171632244","164101,88983930746","163947,4784304914","162849,23708899913","81688,11143413396","93056,94554263556","89644,53850520116","84379,48243033457","90505,2541665854","86290,73124915523","143544,31986511758","142989,6232860954","143657,8447870067","127937,58362373266","118903,05926445134","67242,57631559054","63087,06315467368","80016,4139885123","77114,23534397972","77602,32043883164","78484,58157727035","78306,8740092452","78064,4055181834","71337,41331515695","40445,49874421457","92886,90390576613","91334,90856327182","25175,78108549368","25359,918875314455","119117,59650693876","119117,59650693876","114111,38388688398","23063,153836688256","23258,636474105577","21372,809962360403","130127,65433517765","131918,52467261849","164555,70152906302","164555,70152906302","150867,30886181677","140852,09741642277","100047,57258583508","99243,04290360857","104422,34315739007","105235,92315516411","82724,39471046155","77499,5875271806","10621,354891632509","0,0","37926,246454038584","24904,32482730681","36656,89112433246","36564,65148875465"
835180,"66822,59029696608","67205,67835259618","115157,1366880785","116760,46676998562","115889,51734520539","98801,78604497726","111384,69946510832","114040,70213739378","44111,40601389715","43625,69370350625","90171,37656043068","86997,57180048591","88890,34098151945","78909,00484835177","91484,26343768352","88854,8470836917","75109,99723126195","275475,1007959577","148216,48723019598","149547,9385440227","21030,550353400373","13595,002881595972","11356,95315138376","11620,703445879639","13174,874543852706","14352,01234910942","179961,14351465358","147540,57513326782","46069,14642970511","50295,32259977238","43272,6806417533","42785,37228110927","43200,98522985153","44908,04783529561","43257,171056825035","78434,89406488188","139552,55415890412","136952,28797112778","138182,0091677803","136952,28797112778","178694,26558555","71133,36069968884","64034,422254537254","67003,10718831702","65224,61853969324","101350,35729999153","104294,77975642562","92668,3834810381","102706,06791881254","105979,40830068213","108293,21125481515","102369,07783968911","99485,81118208049","79827,90341403971","79061,24412859812","80853,96228209109","81287,47303514725","47412,08742230811","47907,71498851084","162743,5506356715","163814,6654409647","164357,14744846374","162956,50993287234","54010,92216347972","54631,241241286814","101611,46686303201","32989,71580478322","20036,470491063435","19231,762806943003","110866,22447687715","168876,60705675167","170633,99913445167","167121,33203740805","51595,94666682235","50494,29789096756","93944,53892486887","91781,91094901641","94219,54262965776","63724,88342161967","59648,28355240658","59648,28355240658","213619,27439606574","126312,85995276162","63581,21951095328","68256,72062734586","72243,8761174448","61406,772888497246","96358,9602314712","110672,68986595723","90417,3427265886","166593,80161624306","166556,89424987463","84608,0430545561","49524,07201827609","57404,73028404853","154330,82298694548","125417,15639210971","125533,2402737951","175785,94176059554","97988,16775307314","72801,65204438003","74881,38954721436","104769,1027775981","93695,21333290738","93643,6236791517","95082,26759326714","96266,9466579292","36250,859984211624","31984,40071471852","32123,5537614306","78221,630595905","76371,84447960091","75016,68933708292","95811,89817939734","66185,82684573001","68464,59721094788","65229,91875286499","66037,08469709317","67667,60283488437","157456,79278509846","156035,3510653248","112014,9994482712","112014,9994482712","83733,44882307427","66525,20013532147","60181,685422030714","56524,582128730544","55518,895280050645","53919,46723659541","46806,213531897236","47408,338477996695","36026,50344467393","47678,509569659356","47838,41738771764","42641,94840331964","42641,94840331964","35837,87001559439","40229,31425633202","45957,19558753013","41980,12701008063","44848,47725803135","33949,315461942555","45485,885168214794","47579,734895160516","47657,7768891697","46439,22261302618","35538,39993377268","44965,36419711785","36740,558414933264","41916,34816187353","48041,61184273694","33544,24432309022","42264,41593957418","39181,18912174334","45988,150960675186","43798,15746440213","40879,842066463694","48551,486670884784","39892,605124866204","44348,601607394325","40653,60144157943","37247,61290029929","37717,77845809412","48786,201065039466","38330,561868013094","31510,957468393994","29493,63299642933","31022,763668210162","35443,427043432435","32271,2097790264","72184,0381299122","87830,39106200793","192986,4968290482","139672,93664097175","135958,53933426447","112797,30146409383","290858,0460628294","107185,48562467542","107584,23238683672","122989,62074289439","121268,35393798014","111863,5366992907","154249,99027356468","104729,67296143308","22372,719468789393","100898,81290750444","99203,8489047055","136866,90969834264","137922,33483296243","122834,20933586353","123335,97728319502","123335,97728319502","189426,77583349159","103936,56788962132","103199,85587220978","103199,85587220978","118902,31179260023","119665,39549201756","203588,05487886418","88315,84679521692","88887,47610444057","88966,3728494173","42767,20141561539","40690,873268874435","41129,34357935842","40466,73107801775","40788,01393482144","32014,125737525857","31884,56319972879","29349,270866474184","36402,18851575633","35708,56452947484","26846,038228815967","32331,098260201386","36757,23544704717","32855,901736198895","25016,0914549666","30156,998348497546","143108,1848292824","144088,60620271837","94469,91146928354","55746,632896508636","50042,86479443884","49614,835598957165","46314,03094179918","49849,877437906274","49225,45547425921","52354,29227913712","52733,689991950916","185323,9155305716","58173,475020971724","57380,024583802006","48921,6190339544","182169,6720903606","189552,35515632434","182169,6720903606","184496,35085220344","184431,48892596373","183515,53711302154","116224,28500363242","127235,93977135664","123260,57728829367","94264,96805025851","86353,71024905713","81695,19609775962","167043,29921132926","166622,331445399","167330,4987091042","155029,15678131874","145617,7254243536","93298,44659882864","85736,25918189895","48735,78013420142","49664,42781023411","44184,9581206742","47371,939746346594","45663,28237333846","45283,80528102896","41031,97981809411","77509,95777281492","57374,44513642643","55806,066824825764","61315,75249513131","61172,171394400204","93045,26031155173","93045,26031155173","147974,51584739078","48872,81238145342","47794,01391502903","47606,627698655975","152630,29414185818","154483,40395380996","199892,72984498442","199892,72984498442","185373,92807185618","175830,9202322478","80480,49675821573","124968,37621419034","130345,14136001376","131048,13576382742","82813,34371381527","59796,25945651386","41585,6590412754","37926,246454038584","0,0","14076,067041127255","13764,844178886002","1423,402117344582"
835181,"61231,27541312183","61266,78356766347","116475,61266623215","117808,00670182504","116897,19955595942","92434,97545456757","104480,40918568657","107028,62872092235","36378,67079295707","39921,01729992264","81103,013451948","78873,91349735629","81155,2760022886","76939,85568243111","97622,86258508623","95043,06603981683","68131,27540406106","275351,3315417916","144922,0367687478","146176,50579503347","35106,16727018662","26902,78909011604","25069,65647088588","25162,52830532652","27096,06182618075","27498,56507436651","171016,42626974767","138651,6847867808","59744,90302969184","63682,01425455624","56807,43995123513","56412,36702763026","56956,750909502596","58677,95347370588","56881,140725519166","74024,84495938296","129045,90665377319","126511,87027931352","126801,96377272232","126511,87027931352","170097,29599906056","81620,52578531695","75464,78692980624","77545,87299735178","75705,73384628758","97464,58459390556","101967,03625655586","89471,21744379791","97445,14323814661","101689,87025140286","104037,73246476961","98430,68758395866","95751,92364028154","69551,59458440216","68904,18644155648","70759,87643537857","72373,17354650308","48105,914341110314","48330,13072335541","151123,35540836252","152180,3542993074","152781,20408865344","151267,67975064076","47198,00728162725","47912,7765890906","92941,4859315634","32647,206815838585","20788,211748749425","20444,919004395848","111714,62837813376","159028,3428224714","160818,79927260644","157239,39043004691","60488,52678231173","59045,29665721431","107043,93368789279","104902,49574321278","107291,9196857755","63311,75297707156","59568,89205251226","59568,89205251226","203486,0486193055","118432,65112118237","77580,29100218459","81933,63012135836","85219,77483960912","75240,79320109433","109024,05904767911","123022,79506705317","79852,69410718432","164490,9071455222","164424,97792184152","89917,68058174594","41866,771894197205","46817,217745986774","145688,3308759979","116077,15255573421","116401,78340193587","164504,27237334332","88696,22223407433","80033,91740826398","82010,59565784266","114055,75913496735","82602,88557684848","81364,64316140789","84257,19332347512","83988,20183760345","46405,80878319036","44280,399428459656","44442,98797443365","88906,46399572898","87482,79751065059","86013,30664117137","102378,02988949053","55232,5978372698","57349,71564369276","54108,759325127925","54899,60633001774","56639,154498680306","146380,92112368546","145028,46141584672","102955,74078096559","102955,74078096559","87627,8192069265","80558,34641853732","74253,49383384733","70600,63324497663","69539,52167140547","67960,79727158663","51075,21842858177","51880,50752446726","37354,730467823676","52232,30596487273","61747,93843720726","56681,98554358483","56681,98554358483","49913,91571518395","54303,78389750653","59970,38469157626","55720,4354912081","58744,94082981201","48005,21837821704","59559,61934773937","61561,82354201221","61711,78857608471","60367,13179543639","49613,72715366453","58949,32676813921","50800,886318773715","55992,41470666528","62109,10806272264","47563,263357537995","56136,28334706402","53244,4494565052","59909,355415515","57872,413667332476","54916,5641889099","62556,224485798055","53936,19244980113","58421,96063458359","54729,169675782374","51310,96975496297","29286,965904770736","40371,73539775746","31492,49819474221","17789,071409893582","15443,942197466153","17238,661473739958","21958,61908111331","18226,45753591023","68421,60406563139","83479,42994999612","183007,85649246382","138887,33882870502","135192,73385833984","115377,30840525773","290166,9260104123","96321,98714114778","96690,36843913235","118006,1349772254","116515,62359946717","106944,74714033752","144230,9777076215","113185,31472041599","9122,630283489401","104695,31742803555","102786,33193586058","131854,92489486764","132953,44855540185","123560,53860479471","124085,70084102108","124085,70084102108","178861,99480545544","114527,50922416414","113876,32782070374","113876,32782070374","118300,61734626682","118967,89377965202","196245,39171596017","98602,49018958416","99217,48666868935","99252,13161880123","49356,35134367371","48477,19073384664","47710,132955864865","48216,35313189657","48056,70667614925","46056,48265776693","45950,31958475471","43372,90824777655","50303,24623314254","49614,6686243312","40922,10407218338","46385,99932232627","50455,35155340004","46458,035188443384","38990,19182402124","44221,91392171699","134665,5146914519","135754,67171366946","102056,2514428074","69822,54935253887","64117,51804368452","63609,58602197832","60389,55308442393","63832,06338502007","63278,16249147873","66429,5387758007","66795,40614514335","175649,8393109879","69623,56377784535","68912,634870062","61087,22810379468","176418,8391143579","183516,1719179525","176418,8391143579","180216,0362126285","180114,933827524","179121,93990577856","105497,4180902829","116725,27723901132","113018,7877339952","93161,95222356898","90261,70204570811","85660,27656066456","161428,03774425306","160950,2562710138","161645,1673609172","147859,62804870258","138563,25502025627","86057,42876374294","79673,79113898441","61547,939716209454","61205,611542439015","57586,46506384565","60112,57168451409","58855,915895343016","58512,825677320616","53395,26116189085","65233,46362226494","71324,43889186197","69755,09899914151","49467,56784654985","49474,344598339514","104669,32733654232","104669,32733654232","137676,91601013052","35062,47241682755","34068,97459291104","33727,61118958931","147347,59528307826","149185,95232808462","188852,63374629672","188852,63374629672","174793,3636686323","164977,1779998288","89818,46211103394","118194,62991554689","123529,39814163852","124282,69540759675","85076,75371590084","68027,51255696107","30620,889430018182","24904,32482730681","14076,067041127255","0,0","13150,25014066339","12653,023539984368"
835182,"74148,82054879548","74243,77018494214","127069,25790142985","128545,77292668239","127653,84887122088","105515,43231080913","117611,14025320928","120165,74811263593","49493,592202122716","52231,25863873614","94168,16893808688","92018,61605787207","94305,50860068685","88902,60257392144","105000,59965742647","102377,13900102187","81244,85996722661","286778,02662721125","157445,99763989047","158723,29468913155","30942,852716058565","26471,079077911403","23846,006075784182","24357,615970062343","24967,69111566045","20609,999457142552","184039,30212392786","151697,3616027865","57210,34340177401","61959,53862494094","54775,3539295435","54101,707619783934","54183,78368793234","55817,01221838008","54571,41116881592","86729,40887214828","141681,81817741488","139176,2100334643","139022,98248513494","139176,2100334643","183171,10680671","84691,1325300584","77295,15088030882","80557,25424311862","78798,62706697255","110089,97240257906","114127,62260517535","101885,66742143463","110373,78963548003","114422,7482554879","116766,00748809733","111071,44706765041","108333,73250662618","82387,15283960711","81775,45881509206","83642,65601494964","85467,83247642776","58713,42212638832","59074,47292625774","163155,08257491546","164201,12406737075","164839,84248954838","163252,63794168743","60256,171362189474","60961,60299401295","106042,44010094526","43505,46436575777","30638,78528830947","30026,46548519989","122542,6145402262","171855,485862124","173654,09678030407","170058,09352630895","65360,65262358864","64250,12231166469","105711,59293647911","103528,94503057942","106022,66059992388","74570,45985669435","70650,67233249007","70650,67233249007","216197,39278200438","131576,4455845615","73235,11586952889","79114,47933986328","84289,78989161819","71865,40496072413","108632,47820470776","123193,75982059471","92563,02875433762","176653,75693083272","176597,8831687459","97922,8014836855","54990,348876553086","59661,32668024111","158764,57012059254","129060,29374761213","129422,70004296718","176728,85299709605","101717,54214792409","86470,84437547559","88539,84491134912","118491,14268210188","95085,84294769067","93083,01145204873","96853,7238425016","95693,86349151256","49973,25957361504","45069,38257293916","45191,56078849225","91708,98311811822","89719,65246975771","88410,84025650013","109411,58342876627","67898,75028711511","69936,01989838318","66712,50724496497","67491,17576269641","69266,51992139284","158739,13427182674","157423,3722773336","115999,43648288731","115999,43648288731","96621,13142295516","75873,83606283857","69039,79683155389","65148,98596646874","65120,14797579598","63355,87205217428","59641,097858806366","60317,41062837772","47481,1480796472","60616,883419620506","58201,68670016268","52311,5695815855","52311,5695815855","44967,57441557926","49370,636684457124","55784,788834703715","53030,763293344564","55323,44873029628","43683,54220535011","54531,82526456518","57582,62121853982","57058,30400487478","56746,76770991231","44548,25441477256","55009,03735443287","46320,85922796463","50852,94900132124","57212,467775450335","43653,90922506864","52889,51923259939","47715,9932335273","56334,84606319279","52859,43941142683","50625,0012416774","58389,52494262046","49594,14833866584","53005,53606220474","49528,512603652955","46763,12938261764","42425,09482454788","53521,837536463565","44471,65025788593","24246,536377303404","25296,17314737216","24020,165796875684","33195,111255131145","27863,832779515695","80937,77512676283","96193,52204307531","195780,88999633433","150516,54681644205","146808,87137595442","125259,18856618862","301846,4585268358","108869,66587116967","109223,78769125527","130905,92042602722","129368,77103818454","119820,77352587455","157019,06998437011","118494,39228383132","15735,912498394982","113793,37012468836","112020,55203122608","144771,2018326764","145862,57992174462","134471,29441668346","134985,60573679264","134985,60573679264","191425,2983334576","117405,35302525506","116643,14151545291","116643,14151545291","129821,16903616866","130530,75364306569","209395,43684412117","101889,38281751545","102449,78816672183","102539,1246251007","56231,15433023825","54356,138282675376","54580,736232539624","54126,07630463951","54373,74109441609","40497,92484466719","40722,12648639629","39579,03349291496","47056,72753127058","46361,94431490678","36322,20701409442","40965,14770909441","48035,85655284152","44455,00892592944","33264,39953750073","39051,307505586505","147767,9583626166","148866,79947920953","108196,76509622924","64348,56650721633","58638,529881129136","59500,98893471498","55046,40104189239","59810,61228344573","58612,49822801104","61183,705048779666","61926,84900022635","188514,73695959066","71453,78255344152","70627,63345699404","61882,16668463539","189469,03300472174","196600,28199150314","189469,03300472174","193012,6356711821","192919,45484850518","191942,67594302085","118083,08379167873","129377,1473799589","125771,49305979852","104838,8858293749","99253,16655780775","94601,05882459041","174455,8719791482","173985,52452947618","174682,4214738987","161007,75462749257","151707,6752387653","99198,03512911685","92704,26596202097","61171,06360582835","62955,17513794172","55916,00713756775","59893,683235458106","57689,713165260844","57264,95841509451","53942,04486729402","77051,61742201779","67396,92206741906","65855,5175235498","61729,56649305983","61826,30115710134","106109,09464976218","106109,09464976218","150379,6803209946","40734,864507969054","39403,23693452183","39798,453739443205","160319,8827685128","162161,53759845934","201186,4338908079","201186,4338908079","187353,22051980815","177424,29789804114","94212,72202964107","131322,04768534144","136660,73056371819","137411,31035335598","95069,80096959337","73544,13099217188","43491,370127786744","36656,89112433246","13764,844178886002","13150,25014066339","0,0","13057,087313909014"
835183,"66116,02715489473","66467,6891552947","115182,7417519556","116759,45533910283","115883,86329035104","98058,85984765351","110599,19522980493","113246,46705550334","43161,092469527124","43029,03246949852","89173,38212148703","86082,83317299871","88012,62082797082","78568,08546491158","91997,74928463245","89371,36487420094","74287,90943799276","275399,62609355804","147796,6986400751","149121,07760174642","22453,28624382655","14863,714567521252","12698,234392570885","12927,230893588112","14563,00551937141","15621,315191044128","179003,95216479857","146582,1019148459","47433,19672165629","51621,80035258282","44616,59192804888","44141,81793941344","44575,46180714753","46284,85179174552","44613,34260140438","77856,82839773745","138442,02373468262","135847,29461938067","136991,5222493373","135847,29461938067","177769,86502846755","72116,80022175568","65124,14222748494","67989,65690972458","66202,30106834335","100846,47520767989","103945,69707566644","92223,60757601747","102070,88696227186","105439,99383242348","107758,74298501002","101860,91231221418","98995,11630950766","78716,04621075928","77959,24976054758","79758,68773774095","80296,80836450844","47262,48576315744","47732,28715333329","161534,42068502464","162604,3572317705","163152,23997152867","161741,12695408822","53167,7251164744","53797,88422006633","100656,46093318991","32651,214440673335","19631,56630860046","18857,41783773465","110840,8284746075","167832,45678029748","169593,2265637872","166073,7458542964","52366,90784281221","51222,57227372664","95244,55429587641","93084,15517350844","95516,37467610055","63511,626571692694","59458,97397577727","59458,97397577727","212553,79577846717","125442,47987567453","64991,59203145604","69624,5329881019","73524,82822693574","62794,448254571136","97607,96269091994","111887,6119110689","89286,23736521268","166298,50544181778","166258,69648244698","85025,4135400851","48596,123794977284","56246,58500580051","153397,16617735833","124410,44604684196","124545,85868832907","174609,30300393875","96974,56939593835","73415,73469370294","75486,53466905118","105636,34605037657","92519,21530965647","92364,9553030208","93930,29467234164","94988,91754159673","37138,53984866951","33146,60515524121","33289,293672298634","79233,0153343337","77431,75533164106","76062,40931196856","96375,21602097414","65006,22736154718","67273,27629205103","64035,608244290226","64842,05972532951","66482,90250389103","156296,9496048966","154881,654279385","111029,24508245326","111029,24508245326","83998,70131510266","67940,59371509051","61603,445168648905","57947,71751829763","56932,2038441686","55335,91494916462","47034,72459702453","47661,45233682989","35882,9439590198","47941,60318091391","49235,24057875007","44057,934518122274","44057,934518122274","37260,899324905535","41651,6823955595","47369,06474333818","43352,15318351083","46243,120994807905","35367,790955003045","46908,063338705004","48987,01709174226","49076,18877718235","47838,54258867444","36961,74452792233","46372,76967325396","38159,910460551015","43339,42945163228","49462,44559323386","34956,37395128015","43655,1887954149","40604,03532512512","47386,464710009735","45220,47213640829","42295,23150425034","49962,18367427939","41309,09857437943","45772,00267854053","42076,91238707834","38667,544257950554","36686,85089330784","47792,299576143974","37431,879880707835","30114,143186944508","28070,626479027836","29621,522566570544","34051,304816196825","30848,426467864534","71658,65623482405","87269,11417617058","191933,42536676343","139499,05239651047","135784,88710153135","112951,14211555308","290727,06556284556","106034,43704928082","106430,59869313656","122393,6508299382","120693,76871693533","111267,41628835774","153187,38444197594","105505,06830462116","20991,21213792359","101170,61901287905","99451,76561976949","136274,671573282","137334,71471611393","122804,27193722756","123308,71683969513","123308,71683969513","188318,25546118306","104949,37961847933","104222,05678208225","104222,05678208225","118735,66926675463","119489,60945387755","202787,94975159632","89287,28551671708","89864,1584393472","89938,0565712768","43243,035097463835","41300,26872365992","41597,77423945223","41070,89477424298","41336,0569418907","33434,928991618835","33307,550617994144","30761,860098074172","37796,31305259135","37103,32857693136","28269,148695257994","33753,15531519099","38121,73902680226","34204,77158261085","26428,261510134456","31579,907723599765","142190,4713688934","143181,40633294557","95143,51035426153","57169,85499574005","51466,24791404656","51024,09143176495","47737,34590064646","51257,29671001749","50643,67073775405","53776,91942216445","54153,48988460837","184298,5734478642","59260,84046312609","58476,76115017513","50089,52661070079","181519,6748065653","188876,20780937572","181519,6748065653","183990,64397081305","183922,20574287654","182998,4676580781","115088,16941938178","126122,2965774143","122170,41790401471","94028,36884151788","86623,40651555239","81965,4808513217","166402,7350029435","165976,1396730649","166683,2118969651","154235,5437142251","144832,31086745535","92469,72859690331","85010,66765541163","49986,490329271175","50754,37632839549","45511,09409754473","48612,451965198656","46962,11487454583","46587,29005789385","42217,20311818984","76226,75372387178","58777,65368058591","57209,056398042594","60059,288240766655","59927,66498695113","94172,16811663038","94172,16811663038","146884,9008737747","47474,61989331101","46402,718241544026","46202,4405913733","152017,68583777125","153869,9707954326","198740,7894747075","198740,7894747075","184263,48393408727","174693,9291007846","81338,98737600609","124201,935164195","129576,98818571135","130285,05304292908","82906,33825172705","60504,85147265281","40372,928849266704","36564,65148875465","1423,402117344582","12653,023539984368","13057,087313909014","0,0"
